-0.003971  0.00164852  2.10552
-0.00395373  0.00152273  2.26812
-0.00393549  0.00140572  2.44394
-0.00391576  0.00130472  2.61801
-0.00388736  0.00118075  2.86881
-0.00384154  0.00106969  3.12385
-0.00380471  0.000989386  3.34016
-0.00376511  0.000925656  3.52735
-0.00370414  0.000840626  3.81161
-0.0036664  0.000780954  4.05453
-0.00359736  0.000733056  4.22528
-0.00355127  0.000679614  4.48971
-0.00345849  0.000627453  4.71508
-0.00338091  0.000617491  4.66551
-0.00331089  0.000580095  4.84557
-0.0032108  0.000555861  4.87676
-0.00313764  0.000545983  4.83099
-0.00308576  0.000536825  4.81676
-0.00304465  0.000527486  4.82412
-0.00297008  0.00051667  4.78077
-0.00288377  0.000508285  4.68982
-0.00283539  0.000498382  4.68595
-0.0027714  0.000486169  4.67205
-0.00272567  0.000481284  4.62445
-0.00263855  0.00047333  4.5181
-0.00256212  0.00046124  4.47082
-0.00249577  0.000455938  4.37729
-0.00240318  0.000442003  4.30582
-0.00232223  0.000436659  4.17312
-0.00228888  0.000431036  4.15018
-0.00219173  0.000422345  4.00556
-0.00212915  0.000414308  3.93221
-0.00206223  0.000404625  3.86093
-0.00206223  0.000404625  3.86093
-0.00188748  0.000390056  3.55712
-0.00183954  0.000385497  3.47485
-0.00167096  0.000374018  3.13076
-0.00163753  0.000369624  3.07752
-0.00146613  0.000357982  2.69882
-0.00143348  0.000356499  2.61846
-0.00128716  0.000353073  2.22945
-0.00128716  0.000353073  2.22945
-0.00106472  0.000337381  1.67382
-0.000992251  0.000333968  1.47395
-0.000870109  0.000340367  1.08738
-0.000818064  0.000327111  0.972342
-0.000649055  0.000325618  0.457762
-0.000442314  0.00031761  -0.181625
-0.000313033  0.000317078  -0.589658
-0.000124043  0.000314875  -1.19399
