-0.003971  0.00164852  2.10552
-0.0039545  0.00152804  2.26075
-0.00393454  0.00140007  2.45313
-0.00391491  0.00129317  2.64073
-0.00389003  0.00118481  2.86125
-0.00385585  0.00109125  3.07523
-0.00381485  0.00101939  3.25179
-0.00376722  0.000947543  3.44809
-0.00371868  0.00087555  3.67618
-0.00366668  0.000814996  3.88552
-0.00360624  0.000767607  4.04666
-0.00353092  0.000741986  4.08487
-0.00349945  0.000644533  4.65368
-0.00344385  0.000623872  4.71867
-0.00337286  0.000608689  4.71975
-0.00327219  0.000590816  4.69213
-0.00321218  0.000580207  4.6745
-0.00316933  0.000568645  4.6942
-0.00310909  0.000557843  4.67711
-0.00305371  0.00054691  4.66934
-0.00298965  0.000536733  4.63853
-0.0029377  0.000525224  4.64125
-0.00287732  0.000516135  4.606
-0.0028115  0.000505945  4.56867
-0.0027414  0.000496894  4.51082
-0.00267064  0.000486093  4.46547
-0.00260849  0.000478395  4.40742
-0.00252539  0.000468201  4.3259
-0.0024387  0.000458977  4.22396
-0.00236627  0.000452671  4.1228
-0.00229176  0.000442446  4.04967
-0.00220731  0.000434231  3.93181
-0.00213117  0.000425059  3.83751
-0.00204417  0.000416831  3.70454
-0.00192117  0.000405588  3.50397
-0.00186528  0.000401618  3.39946
-0.00174833  0.000392268  3.18234
-0.00166086  0.000387708  2.99417
-0.00155454  0.000380195  2.77367
-0.00145685  0.000374467  2.55523
-0.00132848  0.000367517  2.25426
-0.00121775  0.000362062  1.98239
-0.00111479  0.000357086  1.72168
-0.00106842  0.000354593  1.60302
-0.000827845  0.000344913  0.950514
-0.000733463  0.000341809  0.683023
-0.000593455  0.000338002  0.276492
-0.000476318  0.000335642  -0.0705582
-0.000273419  0.000333358  -0.679693
-3.89491e-05  0.000332035  -1.38856
