-0.010865  0.0047755  2.17045
-0.0107819  0.00461858  2.22621
-0.0106954  0.00446056  2.28568
-0.0106118  0.00431345  2.34424
-0.0105219  0.0041613  2.40836
-0.0104266  0.00400648  2.47764
-0.0103329  0.0038604  2.54712
-0.0102379  0.00371918  2.61829
-0.0101371  0.00357829  2.69322
-0.0100308  0.00343784  2.77233
-0.00991867  0.0032953  2.85821
-0.00981137  0.00316189  2.94488
-0.00970209  0.00303159  3.0354
-0.00959158  0.00290318  3.13159
-0.00946669  0.00276225  3.24616
-0.00935504  0.00264243  3.3511
-0.0092307  0.00252301  3.46044
-0.0091039  0.00239252  3.59616
-0.00897758  0.00227052  3.73376
-0.00883923  0.00214799  3.88234
-0.00871287  0.00204137  4.02322
-0.00856923  0.0019316  4.17748
-0.00841745  0.00181712  4.35713
-0.00826711  0.00171469  4.52975
-0.0081158  0.00161748  4.70842
-0.00795226  0.00152243  4.89498
-0.00778582  0.00142919  5.09786
-0.00761496  0.00134389  5.29429
-0.00744946  0.00126903  5.47619
-0.0072614  0.00119437  5.66107
-0.00704729  0.00112263  5.83208
-0.00683469  0.00106499  5.94811
-0.00662104  0.00100858  6.069
-0.00639957  0.000954958  6.17783
-0.00620819  0.000915464  6.2353
-0.00597304  0.000867772  6.307
-0.00572348  0.000823972  6.3394
-0.0055843  0.000804617  6.31891
-0.00541895  0.000783108  6.28131
-0.00527887  0.000764685  6.24946
-0.00512299  0.000747515  6.18448
-0.00493673  0.000733161  6.05152
-0.00473899  0.000714976  5.92886
-0.00452302  0.000699993  5.74723
-0.00432328  0.000686591  5.56849
-0.00407284  0.000676392  5.28219
-0.00380195  0.000663173  4.97902
-0.00348589  0.000653375  4.56995
-0.00325669  0.000648376  4.25169
-0.00279679  0.000643469  3.56938
