-0.003971  0.00164852  2.10552
-0.00395175  0.00151801  2.27386
-0.00392995  0.00139261  2.46297
-0.0039054  0.00126147  2.69955
-0.00388192  0.00117172  2.88629
-0.00383885  0.00105743  3.15751
-0.00380291  0.000986998  3.34642
-0.00374601  0.000888756  3.6523
-0.00369686  0.000816059  3.91744
-0.00361877  0.000746614  4.17721
-0.00354805  0.000701633  4.34423
-0.00349775  0.000654841  4.57783
-0.00339762  0.000609466  4.75435
-0.00332615  0.000584216  4.83751
-0.0032205  0.000560138  4.85683
-0.00317397  0.000551942  4.84466
-0.00309352  0.000541056  4.79344
-0.00304702  0.000531976  4.78784
-0.00299368  0.000523306  4.76524
-0.00292757  0.000513727  4.72542
-0.00287255  0.000504247  4.70513
-0.00278966  0.000493786  4.63695
-0.00274943  0.000486237  4.62619
-0.0026778  0.000475666  4.57842
-0.00259684  0.000467852  4.48184
-0.00254041  0.000459204  4.44337
-0.00246802  0.000452874  4.34562
-0.00240604  0.00044347  4.29802
-0.00232292  0.000436991  4.17153
-0.00222973  0.000423984  4.07971
-0.00216793  0.000419605  3.97501
-0.00208064  0.000413119  3.8261
-0.00201375  0.00040383  3.74849
-0.00193777  0.00039727  3.61912
-0.0018207  0.00039052  3.3819
-0.00176051  0.000382248  3.29762
-0.00168616  0.000376774  3.14819
-0.00157993  0.000370103  2.91792
-0.00149226  0.000363984  2.7261
-0.00139162  0.000358592  2.48644
-0.0012936  0.000352879  2.24893
-0.00116186  0.000346117  1.91224
-0.00108036  0.000341178  1.70105
-0.000959128  0.000333285  1.37758
-0.000868065  0.000331742  1.10949
-0.000781112  0.000326968  0.859753
-0.000558772  0.000322021  0.18251
-0.000430196  0.000319943  -0.218175
-0.000429935  0.000319878  -0.219038
-0.000117098  0.000317845  -1.20468
