-0.010865  0.0047755  2.17045
-0.0107437  0.00454796  2.25237
-0.010639  0.00436046  2.3252
-0.0105098  0.00414057  2.41749
-0.010361  0.00390289  2.52658
-0.0102144  0.0036851  2.63612
-0.0101732  0.00362681  2.66713
-0.0099202  0.00330463  2.85061
-0.00979188  0.00314078  2.95846
-0.00969833  0.00302226  3.04353
-0.00939912  0.00268523  3.3141
-0.0092753  0.00257991  3.4014
-0.0090656  0.00246789  3.47082
-0.00889131  0.00228657  3.66983
-0.0086202  0.00215206  3.77322
-0.00833942  0.00203571  3.85095
-0.00826619  0.00178553  4.34952
-0.00805745  0.00165522  4.56584
-0.00786896  0.00155158  4.74933
-0.00772904  0.00148326  4.87375
-0.00737108  0.00134085  5.12443
-0.00705504  0.00127652  5.13509
-0.00674355  0.00117662  5.30637
-0.006541  0.00114847  5.26003
-0.00586929  0.000989183  5.42801
-0.00586929  0.000989183  5.42801
-0.00586929  0.000989183  5.42801
-0.00586929  0.000989183  5.42801
-0.00586929  0.000989183  5.42801
-0.00586929  0.000989183  5.42801
-0.00576908  0.0009782  5.3865
-0.00576908  0.0009782  5.3865
-0.00576446  0.000977743  5.3843
-0.00576446  0.000977743  5.3843
-0.00576446  0.000977743  5.3843
-0.00546039  0.000948221  5.23127
-0.00546039  0.000948221  5.23127
-0.00546039  0.000948221  5.23127
-0.00546039  0.000948221  5.23127
-0.00525832  0.00092538  5.14201
-0.00525832  0.00092538  5.14201
-0.00515675  0.00091357  5.09731
-0.00514417  0.000913267  5.08523
-0.00512236  0.000909297  5.08344
-0.00498312  0.000897482  4.99522
-0.00498052  0.000897438  4.99257
-0.00490398  0.000894296  4.92452
-0.00490398  0.000894296  4.92452
-0.00474676  0.000886721  4.78929
-0.00473972  0.000876579  4.83667
