-0.010865  0.0047755  2.17045
-0.0107813  0.00461889  2.22592
-0.0106959  0.00446443  2.28381
-0.0106066  0.00430847  2.34576
-0.0105175  0.00416025  2.4079
-0.0104263  0.00400829  2.47644
-0.0103294  0.00386222  2.54502
-0.0102319  0.00371398  2.62033
-0.0101329  0.00357584  2.69388
-0.0100271  0.00343735  2.77164
-0.00991825  0.00329657  2.85698
-0.00981147  0.00316342  2.94348
-0.00969883  0.00303006  3.03586
-0.00958419  0.00289473  3.13819
-0.009469  0.0027675  3.24083
-0.00934492  0.00263746  3.35358
-0.0092248  0.00251201  3.47324
-0.00909544  0.00238589  3.60261
-0.00897197  0.00226738  3.73645
-0.00883312  0.00215054  3.8749
-0.00869539  0.00203553  4.02616
-0.00855611  0.00192476  4.18551
-0.00840611  0.00181411  4.35813
-0.00825841  0.00171336  4.52819
-0.0081003  0.00161326  4.71116
-0.00793937  0.00151827  4.89989
-0.00776479  0.00142995  5.08044
-0.00759348  0.00134052  5.29158
-0.00740337  0.00126183  5.47091
-0.00722475  0.00118504  5.6747
-0.00702916  0.00112169  5.82084
-0.00681562  0.00106089  5.95314
-0.00660185  0.00100478  6.07283
-0.00638175  0.000953111  6.17111
-0.00615061  0.000905929  6.23737
-0.00592299  0.000861208  6.29696
-0.00568558  0.00081827  6.33724
-0.00555985  0.000799792  6.32645
-0.00540888  0.00078014  6.2923
-0.00527101  0.000763083  6.25228
-0.00511769  0.000746761  6.18362
-0.00492349  0.000730254  6.05746
-0.00474404  0.0007156  5.93075
-0.00453447  0.000700719  5.75761
-0.00432448  0.000687621  5.5619
-0.0040901  0.000675242  5.31676
-0.00386343  0.00066616  5.04898
-0.00355592  0.000655606  4.66121
-0.00319761  0.000648472  4.15995
-0.00272265  0.000644268  3.44988
