-0.010865  0.0047755  2.17045
-0.0107793  0.00461409  2.2278
-0.0106921  0.00445504  2.28778
-0.0106027  0.00429826  2.35041
-0.0105106  0.00414289  2.41634
-0.0104155  0.00398995  2.48511
-0.0103177  0.00383816  2.55793
-0.0102163  0.0036901  2.63307
-0.0101123  0.00354472  2.71171
-0.0100023  0.00340378  2.79169
-0.00989261  0.00325965  2.88148
-0.00977724  0.0031236  2.97005
-0.00966164  0.0029804  3.07396
-0.00954744  0.00284961  3.17498
-0.00942339  0.00271618  3.28527
-0.00929906  0.00258824  3.39964
-0.0091739  0.00245608  3.5316
-0.00904091  0.00233306  3.66082
-0.0089067  0.00220957  3.80468
-0.00877067  0.00209122  3.95496
-0.008625  0.0019746  4.11476
-0.00847334  0.00186178  4.28264
-0.00832406  0.00175661  4.45407
-0.0081623  0.00164929  4.64582
-0.00799882  0.00154746  4.84587
-0.00782777  0.00145348  5.04154
-0.00764984  0.00136514  5.23746
-0.007468  0.00128391  5.42717
-0.00727168  0.00120029  5.64169
-0.00706955  0.00113137  5.80672
-0.00686051  0.00107297  5.92796
-0.00664069  0.00101448  6.05302
-0.00641378  0.000959247  6.16502
-0.00618277  0.000908723  6.25357
-0.0059503  0.000862946  6.31592
-0.00570827  0.000820397  6.34847
-0.00558867  0.000802137  6.3439
-0.00545731  0.000785304  6.3126
-0.00531659  0.000767272  6.27756
-0.00517995  0.000751885  6.22429
-0.00501233  0.000735715  6.13326
-0.00482971  0.000720462  6.00963
-0.00466803  0.000707294  5.89291
-0.00445463  0.000693453  5.70281
-0.00424943  0.00068127  5.50358
-0.004001  0.000671881  5.21074
-0.0037546  0.000661251  4.92188
-0.0034732  0.000652509  4.55657
-0.00320555  0.000646788  4.18306
-0.00280913  0.000643163  3.59027
