-0.003971  0.00164852  2.10552
-0.00395183  0.00152738  2.25997
-0.00393251  0.00141479  2.42617
-0.00391175  0.00130238  2.61963
-0.00388606  0.00119484  2.83391
-0.0038531  0.00109867  3.05197
-0.00380875  0.00101378  3.26378
-0.00376632  0.000940315  3.47365
-0.00371339  0.000866282  3.70941
-0.00366556  0.000799122  3.96129
-0.00360581  0.000733511  4.23417
-0.003543  0.000681083  4.46788
-0.00347541  0.000640903  4.64253
-0.00340223  0.00060566  4.79184
-0.00332599  0.00058163  4.85875
-0.00323349  0.000560946  4.87299
-0.00317321  0.000550522  4.85577
-0.00311303  0.000540101  4.83805
-0.00305547  0.000529941  4.82218
-0.00299686  0.0005198  4.8035
-0.00293332  0.00050923  4.77843
-0.00287167  0.000500179  4.74165
-0.00280806  0.000490341  4.70705
-0.00273847  0.000480716  4.65653
-0.00267169  0.00047237  4.59743
-0.0025962  0.000460882  4.54825
-0.00253315  0.000453346  4.48475
-0.00245017  0.000442249  4.40966
-0.00237644  0.000432922  4.33435
-0.00230681  0.000426429  4.23708
-0.00222772  0.000418036  4.13295
-0.00214661  0.000408881  4.02712
-0.00205474  0.000400441  3.88256
-0.00197389  0.000393364  3.74688
-0.00189022  0.000385348  3.60771
-0.0018038  0.000378189  3.44748
-0.00170018  0.000370022  3.24355
-0.00160198  0.000362256  3.04199
-0.00150147  0.000356164  2.81184
-0.00140329  0.000350188  2.57944
-0.00129775  0.000343428  2.32289
-0.00118645  0.000337506  2.03391
-0.0010802  0.000332084  1.74715
-0.000933229  0.000325627  1.33044
-0.000832317  0.000321554  1.03347
-0.000689713  0.000317303  0.597893
-0.000547799  0.000313113  0.152658
-0.000405719  0.000310473  -0.303669
-0.000277339  0.000308303  -0.722214
-6.51044e-05  0.000306786  -1.41759
