-0.00322825  0.000578043  4.71981
-0.00309464  0.000552848  4.69322
-0.00304502  0.000537273  4.73692
-0.00304502  0.000537273  4.73692
-0.00297837  0.000525805  4.71347
-0.00293929  0.000523116  4.663
-0.0029222  0.000514184  4.71076
-0.00288539  0.000509022  4.68621
-0.00284917  0.000502898  4.67126
-0.00280989  0.000496639  4.65103
-0.00276023  0.000489281  4.6195
-0.00270914  0.000480709  4.5956
-0.00266654  0.000477649  4.53583
-0.00262489  0.000470345  4.51772
-0.00259264  0.000465773  4.49282
-0.00252939  0.000458055  4.43044
-0.00247428  0.00045033  4.38408
-0.00242823  0.00044553  4.32795
-0.00235459  0.000437309  4.24091
-0.00233168  0.000435029  4.21048
-0.00226254  0.000428131  4.11682
-0.00223395  0.000424035  4.08917
-0.00215733  0.000416839  3.97595
-0.00210649  0.000410287  3.91553
-0.0020694  0.000407668  3.84972
-0.00198936  0.000400184  3.72169
-0.00193141  0.000396096  3.6138
-0.00185556  0.000389331  3.48178
-0.00180115  0.000386088  3.37008
-0.00175105  0.00038074  3.28584
-0.00172199  0.000376112  3.24901
-0.00162845  0.000369259  3.05598
-0.00159964  0.000367649  2.99101
-0.00145353  0.000363731  2.62152
-0.00142669  0.000357793  2.59001
-0.00142669  0.000357793  2.59001
-0.00132527  0.000349935  2.35835
-0.00119718  0.000342472  2.03573
-0.00119718  0.000342472  2.03573
-0.00119718  0.000342472  2.03573
-0.000951058  0.00033441  1.34882
-0.000884464  0.000332948  1.15473
-0.000781122  0.000325699  0.863137
-0.00073428  0.000324158  0.722736
-0.000650078  0.000322265  0.465697
-0.000557577  0.000320464  0.179667
-0.000482715  0.000318051  -0.0543462
-0.000390593  0.000316921  -0.345218
-0.00021966  0.000315172  -0.889482
-0.00021966  0.000315172  -0.889482
