-0.003971  0.00164852  2.10552
-0.00395638  0.00154105  2.24287
-0.00395394  0.00152414  2.26615
-0.00393928  0.00142867  2.40732
-0.00392744  0.00135921  2.52164
-0.00391634  0.00130034  2.62727
-0.00389708  0.00121243  2.80188
-0.00388622  0.00117087  2.89206
-0.00386871  0.00111602  3.0185
-0.0038433  0.00105999  3.15409
-0.00382524  0.00102014  3.25959
-0.00380083  0.00097281  3.39309
-0.00377403  0.000925161  3.53888
-0.00373977  0.000878578  3.68752
-0.00370816  0.000838731  3.82502
-0.00367825  0.000807356  3.93661
-0.00365826  0.000763726  4.13533
-0.00362457  0.00073518  4.25007
-0.00357947  0.000712984  4.31913
-0.00353468  0.00070633  4.29641
-0.0034882  0.00065084  4.59129
-0.00347358  0.000637456  4.66476
-0.00347358  0.000637456  4.66476
-0.0033618  0.00061492  4.65394
-0.00332935  0.000595932  4.74778
-0.00322102  0.000582948  4.66769
-0.00314942  0.000565978  4.68113
-0.00307067  0.000550861  4.66664
-0.00300723  0.000538129  4.65917
-0.00291651  0.000523256  4.61822
-0.00283682  0.000509881  4.58306
-0.00273177  0.000497935  4.48205
-0.00264487  0.000483049  4.44027
-0.00254406  0.000470902  4.34074
-0.00244575  0.000459343  4.23594
-0.00232078  0.000445741  4.08484
-0.00220087  0.000436274  3.89862
-0.00209549  0.000421509  3.78517
-0.00198538  0.000411861  3.6065
-0.00184741  0.000401986  3.35189
-0.00169386  0.000395089  3.02174
-0.00157464  0.000382396  2.81027
-0.00141398  0.000374456  2.44081
-0.00126463  0.000366042  2.08891
-0.00111263  0.000357335  1.71445
-0.000942207  0.000350198  1.26273
-0.000760405  0.000342913  0.759391
-0.000594296  0.000337874  0.279086
-0.000374215  0.000333905  -0.37671
-0.000134528  0.000332371  -1.09959
