-0.010865  0.0047755  2.17045
-0.0107798  0.00462035  2.2249
-0.0106926  0.00446494  2.28281
-0.0106047  0.00430979  2.34458
-0.0105136  0.00416144  2.40629
-0.0104215  0.00400972  2.47436
-0.0103236  0.00385773  2.54648
-0.010228  0.00371818  2.61632
-0.0101261  0.00357532  2.69237
-0.0100162  0.00342871  2.77546
-0.00991391  0.0032946  2.85737
-0.00980431  0.00315914  2.9452
-0.00969081  0.00302255  3.04074
-0.0095773  0.00289087  3.13999
-0.00945389  0.00275992  3.24425
-0.0093351  0.00262651  3.36382
-0.00921538  0.00250313  3.48179
-0.00908726  0.00238109  3.60644
-0.0089594  0.00225887  3.74498
-0.0088239  0.00213915  3.89122
-0.00868608  0.00202282  4.04687
-0.00854138  0.00191464  4.19994
-0.00839559  0.00180743  4.36841
-0.00823806  0.00170224  4.54582
-0.00808597  0.00160411  4.72909
-0.00791804  0.00150411  4.93184
-0.00775475  0.00141688  5.12023
-0.00757961  0.00132972  5.32415
-0.0073976  0.0012496  5.51985
-0.0071879  0.00117693  5.6825
-0.00699108  0.00110709  5.86318
-0.00677992  0.00105171  5.97114
-0.00656148  0.000994181  6.09696
-0.00633483  0.000944542  6.17742
-0.00610873  0.000894276  6.27181
-0.00588615  0.000852272  6.31975
-0.00564656  0.000812344  6.33545
-0.00550665  0.000792258  6.31946
-0.00537365  0.000775036  6.28829
-0.00522632  0.000757743  6.23736
-0.00507523  0.000742688  6.16036
-0.00487968  0.000726354  6.02968
-0.00471728  0.00071249  5.91907
-0.00452494  0.000698685  5.76074
-0.00430291  0.000685602  5.54682
-0.00405697  0.000675561  5.2652
-0.00378617  0.000663723  4.95111
-0.00356889  0.000655984  4.67829
-0.00326084  0.000649161  4.25293
-0.00283486  0.000644959  3.62017
