-0.00397061  0.00164836  2.10549
-0.00395038  0.00151544  2.27682
-0.00393731  0.00142881  2.40572
-0.00390847  0.00131537  2.59126
-0.00388642  0.00122745  2.75891
-0.00385364  0.00114422  2.93093
-0.00381759  0.00106577  3.11286
-0.00377677  0.00097888  3.34747
-0.0037306  0.000912374  3.54087
-0.00369429  0.00084854  3.76445
-0.00364043  0.000785035  4.00036
-0.0035784  0.000727058  4.23405
-0.00352469  0.000678419  4.45845
-0.00344965  0.000639244  4.61427
-0.00340938  0.000611653  4.75659
-0.00331252  0.000584328  4.81326
-0.00322677  0.000564004  4.83465
-0.00316738  0.000553824  4.8163
-0.00310632  0.000542185  4.80706
-0.0030465  0.000532416  4.78292
-0.00298623  0.000521748  4.76519
-0.00291998  0.000511923  4.72724
-0.00285193  0.000501509  4.6897
-0.00277852  0.000490002  4.65003
-0.00271898  0.000481481  4.60866
-0.00265241  0.000471816  4.56198
-0.00256931  0.000462467  4.47451
-0.00250048  0.000452577  4.42019
-0.00241972  0.000443889  4.32477
-0.00234041  0.000433823  4.24232
-0.00226964  0.000424629  4.16749
-0.00218609  0.000416583  4.04742
-0.00210062  0.000407955  3.92351
-0.00201765  0.000399104  3.80264
-0.00192752  0.000391022  3.65074
-0.00182738  0.000383662  3.45976
-0.0017438  0.00037545  3.31283
-0.00164064  0.000367888  3.10051
-0.00153997  0.000360975  2.88101
-0.0014427  0.000354004  2.66297
-0.00132812  0.000347686  2.3818
-0.00122992  0.000340922  2.14103
-0.00110818  0.000334671  1.81725
-0.000994417  0.000328719  1.50407
-0.00087135  0.000324381  1.1448
-0.000753988  0.000319285  0.795491
-0.000581941  0.000315302  0.259881
-0.000449129  0.000311866  -0.163117
-0.000272615  0.000309212  -0.735369
-0.00010374  0.000307702  -1.28781
