-0.003971  0.00164852  2.10552
-0.00395326  0.00151953  2.27258
-0.00393591  0.00140821  2.43991
-0.00391456  0.00129146  2.64395
-0.00388974  0.00118372  2.86364
-0.00385664  0.00108783  3.08562
-0.00381802  0.00100684  3.29549
-0.00377148  0.000928916  3.52183
-0.00372355  0.000860434  3.74642
-0.00367099  0.000796305  3.98214
-0.00361949  0.000724784  4.30403
-0.00356031  0.000680661  4.49608
-0.00349322  0.000641489  4.66604
-0.00344302  0.000624025  4.71619
-0.00334037  0.000598047  4.74941
-0.00326363  0.000588527  4.69584
-0.00321772  0.000578554  4.69743
-0.00315464  0.00056639  4.68695
-0.00310463  0.000556419  4.68105
-0.00305005  0.000545841  4.67178
-0.00298834  0.000535915  4.64316
-0.00293088  0.000525256  4.62799
-0.00287279  0.000515333  4.60438
-0.00281135  0.000506112  4.56687
-0.00274343  0.000495741  4.5254
-0.00267809  0.000487075  4.47177
-0.00259884  0.000477554  4.39497
-0.00253041  0.000468874  4.33039
-0.00245159  0.000459864  4.24384
-0.00237387  0.000451346  4.15174
-0.00229364  0.000442808  4.05061
-0.00221555  0.000434305  3.95009
-0.0021315  0.000426246  3.8276
-0.00203838  0.000419445  3.66766
-0.00195967  0.000409812  3.5618
-0.00187464  0.000402539  3.41492
-0.00178277  0.000395783  3.2411
-0.00165823  0.000389919  2.97043
-0.00157598  0.00038175  2.81854
-0.0014752  0.00037539  2.59783
-0.00136235  0.000369853  2.3316
-0.00126081  0.000363639  2.09222
-0.00114012  0.000358176  1.78716
-0.00102446  0.000352749  1.48677
-0.00091147  0.000347975  1.18247
-0.000776935  0.000343105  0.807143
-0.000644967  0.000339256  0.427309
-0.00049857  0.000335924  -0.00425632
-0.000370528  0.000333853  -0.387812
-0.000181909  0.000332438  -0.956843
