-0.00371687  0.000835221  3.85152
-0.00364782  0.000753919  4.17528
-0.00355682  0.000698865  4.37397
-0.00347244  0.000641191  4.63581
-0.00334539  0.000599137  4.74914
-0.00329371  0.000591619  4.72214
-0.00324065  0.000583229  4.69909
-0.00320213  0.000575068  4.69881
-0.00316382  0.000567652  4.69269
-0.00311688  0.000558886  4.68231
-0.00306877  0.000550917  4.66272
-0.00302472  0.000542869  4.65071
-0.00297828  0.000534649  4.63534
-0.00293478  0.000526674  4.62294
-0.00289129  0.000518466  4.61223
-0.00284309  0.000510595  4.58895
-0.00279178  0.000503087  4.55544
-0.0027346  0.000495422  4.5105
-0.00267294  0.000487642  4.45601
-0.00262827  0.000481009  4.4246
-0.00257131  0.000474156  4.36842
-0.0025128  0.000466943  4.31059
-0.00245407  0.000460003  4.24795
-0.00238722  0.000453351  4.16282
-0.00232762  0.000446433  4.09382
-0.00226788  0.000440303  4.01515
-0.00220733  0.000432985  3.94316
-0.00214264  0.000426581  3.85071
-0.00207705  0.000420325  3.75196
-0.00200762  0.000414737  3.63513
-0.00194143  0.000407986  3.53305
-0.00186485  0.000402507  3.39087
-0.00179577  0.000396173  3.27073
-0.00170527  0.00039125  3.08055
-0.00163632  0.00038625  2.94192
-0.00156048  0.000380586  2.78644
-0.00147471  0.000375382  2.59658
-0.00139187  0.000370706  2.40587
-0.00130706  0.000366166  2.20409
-0.00121545  0.000362049  1.97613
-0.00112054  0.000357299  1.73674
-0.00103522  0.000353084  1.51585
-0.000941143  0.000349183  1.26336
-0.000847336  0.00034558  1.00508
-0.000741572  0.000341929  0.706499
-0.000638057  0.000339015  0.40723
-0.000523804  0.000336293  0.0707822
-0.000417148  0.000334442  -0.247731
-0.00031296  0.000333201  -0.561343
-0.000143264  0.000332453  -1.07304
