-0.003971  0.00164852  2.10552
-0.00395375  0.00152318  2.26746
-0.00393307  0.00139162  2.46696
-0.00391317  0.00128793  2.65012
-0.00388628  0.00119679  2.82947
-0.00385257  0.00110293  3.0397
-0.00381293  0.00101642  3.25941
-0.00376893  0.00093842  3.48344
-0.0037229  0.000861598  3.7406
-0.00367688  0.000795979  3.99117
-0.00362933  0.000738009  4.24024
-0.00355169  0.000684555  4.45792
-0.00348456  0.000639495  4.66706
-0.00341513  0.000607783  4.79633
-0.0033313  0.00058256  4.86011
-0.00324659  0.000562719  4.88092
-0.00317944  0.000550688  4.86562
-0.00313207  0.000542623  4.85065
-0.00306922  0.000531776  4.83139
-0.00301297  0.000521525  4.8185
-0.00294761  0.000511898  4.78144
-0.00288516  0.000502417  4.74736
-0.00281785  0.000492305  4.70815
-0.00275117  0.000483301  4.6579
-0.0026852  0.000473124  4.61867
-0.00261617  0.000464086  4.55987
-0.00254948  0.000455049  4.50387
-0.00247229  0.000445748  4.42466
-0.00240294  0.00043567  4.36784
-0.00233741  0.000427966  4.29337
-0.00224846  0.000418372  4.17921
-0.00216391  0.000409391  4.06436
-0.00208425  0.000402652  3.93454
-0.00198493  0.000394509  3.76399
-0.00190316  0.00038641  3.63128
-0.00180986  0.000379217  3.45411
-0.0017217  0.000372459  3.2801
-0.00162216  0.000365442  3.07071
-0.00152719  0.000358907  2.86199
-0.00141759  0.000351795  2.6083
-0.00129182  0.00034594  2.2889
-0.00119352  0.000340686  2.03564
-0.00109731  0.000334311  1.78669
-0.000955673  0.000329937  1.38109
-0.000839351  0.000324818  1.04474
-0.000719824  0.000319831  0.687312
-0.000574601  0.000314946  0.236869
-0.000437802  0.000312021  -0.199337
-0.000279209  0.000309751  -0.712801
-9.78442e-05  0.000308388  -1.30406
