-0.010865  0.0047755  2.17045
-0.0107789  0.00461542  2.22708
-0.0106908  0.00445463  2.28768
-0.0106018  0.00430016  2.34917
-0.0105082  0.00414472  2.41468
-0.0104128  0.00399157  2.48344
-0.0103161  0.00384091  2.55567
-0.0102135  0.0036887  2.63332
-0.0101126  0.00355166  2.70652
-0.00999784  0.00340799  2.78693
-0.00988881  0.00326436  2.87616
-0.00978033  0.00312681  2.96799
-0.00965829  0.00299  3.06297
-0.00954102  0.00285493  3.16681
-0.00942347  0.00272249  3.27768
-0.00929902  0.00258848  3.3993
-0.00916125  0.0024674  3.51028
-0.00903839  0.00233402  3.65824
-0.00890452  0.00221429  3.79559
-0.00876414  0.00208877  3.95645
-0.00862344  0.00197948  4.10381
-0.00848239  0.00186969  4.26935
-0.00832232  0.00175794  4.4497
-0.00816652  0.00165811  4.62366
-0.00800186  0.00155433  4.82642
-0.00782919  0.00145522  5.03649
-0.00765547  0.00137069  5.22033
-0.00747435  0.00128848  5.41286
-0.00728045  0.00120779  5.61395
-0.00706509  0.00113749  5.77155
-0.00686421  0.0010741  5.92518
-0.00663976  0.00102164  6.00972
-0.00641134  0.000960209  6.15631
-0.00618662  0.000912427  6.23241
-0.00596425  0.000866904  6.30318
-0.00571387  0.000822581  6.33843
-0.00558358  0.000803715  6.3251
-0.005453  0.000787004  6.29348
-0.00531577  0.000770027  6.25403
-0.00516557  0.000753852  6.18897
-0.00500522  0.000737181  6.11141
-0.00483737  0.000721561  6.01109
-0.00466899  0.000708106  5.88752
-0.00447858  0.000695201  5.72292
-0.00423618  0.000682897  5.47107
-0.00402555  0.000671904  5.2471
-0.00376167  0.000661482  4.93086
-0.0034895  0.000653939  4.57152
-0.00318694  0.000646616  4.15539
-0.00279521  0.000643312  3.5678
