-0.003971  0.00164852  2.10552
-0.00395411  0.00152532  2.26452
-0.0039363  0.00141054  2.43616
-0.00391573  0.0012973  2.63297
-0.00389164  0.0011909  2.84797
-0.00386016  0.00109778  3.06087
-0.00382221  0.00101752  3.26501
-0.00377983  0.000940678  3.48667
-0.0037386  0.000866204  3.73884
-0.0036897  0.000800901  3.98264
-0.00363518  0.00074906  4.18549
-0.00357786  0.000699551  4.39977
-0.0035181  0.000655406  4.60493
-0.00345165  0.000623928  4.73075
-0.00337733  0.000605529  4.75176
-0.00330643  0.000592687  4.73509
-0.0032504  0.000580817  4.7354
-0.00319409  0.000568713  4.73718
-0.00314767  0.000559451  4.73263
-0.00308914  0.000548474  4.72063
-0.00303242  0.000537886  4.7081
-0.00296936  0.000527468  4.68154
-0.00290184  0.000517578  4.64053
-0.00283848  0.000507835  4.60481
-0.00277665  0.000497372  4.57736
-0.00270746  0.000488346  4.52029
-0.00263555  0.000479444  4.45423
-0.00255935  0.000470324  4.37857
-0.00247825  0.000461008  4.29115
-0.00241661  0.00045285  4.23234
-0.00231861  0.000443358  4.10189
-0.00224348  0.000434531  4.01233
-0.00215931  0.000426559  3.88999
-0.00206345  0.000417924  3.74098
-0.00195959  0.00040972  3.5624
-0.00188024  0.000402812  3.42651
-0.00178076  0.000395539  3.23801
-0.0016804  0.000389086  3.03377
-0.00157392  0.000381495  2.81504
-0.0014833  0.000375475  2.61883
-0.00136449  0.000367309  2.35357
-0.00126664  0.000361505  2.12067
-0.00115434  0.000356427  1.83582
-0.00104912  0.000350745  1.56559
-0.000917921  0.00034553  1.20951
-0.000793118  0.000341212  0.85905
-0.000631094  0.000337041  0.388956
-0.000515292  0.000334919  0.0456602
-0.000448657  0.000333887  -0.153775
-0.000136061  0.000330956  -1.09966
