-0.003971  0.00164852  2.10552
-0.00395388  0.00152375  2.26669
-0.00393487  0.00141614  2.42552
-0.0039093  0.00127556  2.67279
-0.00388129  0.00119882  2.82052
-0.00385002  0.00110641  3.02784
-0.00380438  0.00102701  3.21747
-0.00375764  0.000946009  3.44356
-0.00370816  0.000875038  3.66631
-0.0036591  0.000799975  3.949
-0.00360145  0.000763158  4.06397
-0.00352895  0.000705306  4.29452
-0.00346627  0.000648862  4.57149
-0.00339553  0.000608601  4.75768
-0.00331942  0.000591419  4.7672
-0.00322768  0.000563327  4.84209
-0.00315718  0.000551641  4.81686
-0.00312131  0.000543222  4.82549
-0.00304988  0.000533207  4.78216
-0.00298486  0.000521881  4.76136
-0.00293006  0.00051241  4.7424
-0.00287406  0.000502871  4.72102
-0.00279604  0.000493232  4.6551
-0.00273539  0.000484127  4.61737
-0.00266271  0.000472476  4.5774
-0.0026071  0.000464358  4.53767
-0.00252894  0.000454678  4.46238
-0.00245571  0.00044475  4.39734
-0.00238574  0.000436522  4.31993
-0.00231196  0.00042822  4.23136
-0.00221525  0.000418314  4.1004
-0.00213982  0.000413153  3.96903
-0.00204073  0.000401192  3.84039
-0.00195989  0.000395633  3.69001
-0.00188044  0.000388391  3.55426
-0.00178562  0.000379392  3.38862
-0.00169309  0.000371845  3.20857
-0.00159316  0.000365369  2.99194
-0.00148882  0.000358298  2.75978
-0.00139335  0.000351684  2.5402
-0.00128541  0.000344646  2.27888
-0.00116081  0.000340808  1.93894
-0.00104711  0.000334638  1.63493
-0.00091201  0.000328793  1.2531
-0.000811922  0.00032464  0.960825
-0.000668808  0.000319222  0.52881
-0.000576903  0.000316545  0.242946
-0.000429518  0.000313523  -0.224807
-0.000219605  0.00031118  -0.901071
-3.2753e-05  0.000310219  -1.50618
