-0.003971  0.00164852  2.10552
-0.00395479  0.00153282  2.25387
-0.00393638  0.00142579  2.41016
-0.00391687  0.00132265  2.58335
-0.00389338  0.001215  2.79289
-0.00386475  0.00111797  3.0097
-0.00382843  0.00103505  3.21573
-0.00378822  0.000968423  3.39544
-0.00374613  0.000889641  3.64881
-0.00369799  0.000822031  3.89035
-0.0036461  0.000774621  4.06146
-0.00358566  0.000707757  4.35977
-0.00352641  0.000671538  4.50669
-0.00346637  0.000641358  4.62515
-0.0034154  0.000615125  4.73953
-0.00333906  0.000589856  4.81315
-0.00325457  0.000566333  4.86387
-0.0031774  0.000555525  4.81958
-0.00311201  0.000541295  4.82549
-0.00305273  0.000530151  4.8151
-0.00301862  0.000523874  4.80768
-0.00295201  0.00051491  4.76202
-0.00288136  0.000503287  4.7316
-0.00277972  0.000487206  4.67917
-0.00273555  0.000484159  4.61739
-0.00269293  0.000475471  4.61212
-0.00257468  0.000458106  4.52883
-0.00252055  0.000449958  4.49054
-0.00243514  0.00044416  4.35684
-0.00238521  0.000435445  4.32938
-0.0022915  0.000423684  4.22838
-0.00221182  0.00041699  4.10519
-0.00211477  0.000408041  3.95736
-0.00202903  0.000397806  3.84366
-0.00198953  0.000392915  3.79098
-0.00184866  0.000380723  3.54236
-0.00173319  0.000372527  3.31033
-0.00167694  0.000368997  3.18958
-0.001542  0.000361653  2.88123
-0.0014366  0.000355905  2.6316
-0.00136384  0.000347742  2.48416
-0.00127545  0.000343944  2.25459
-0.0010995  0.000334422  1.79265
-0.00102086  0.000331114  1.57305
-0.000872901  0.000325927  1.14413
-0.000754321  0.000320464  0.793602
-0.000580539  0.000317242  0.253873
-0.000447092  0.000312802  -0.169141
-0.000349431  0.000310821  -0.484424
-0.000120333  0.000307799  -1.23349
