-0.010865  0.0047755  2.17045
-0.0107795  0.00461498  2.22742
-0.010691  0.00445367  2.28822
-0.0106017  0.00429865  2.34997
-0.0105073  0.004139  2.41782
-0.0104142  0.00399008  2.4847
-0.0103124  0.0038322  2.56052
-0.0102082  0.00368526  2.63434
-0.0101068  0.00354267  2.71174
-0.00999966  0.00340017  2.79388
-0.00988967  0.00325871  2.88141
-0.00977011  0.00311181  2.97901
-0.00965822  0.00298446  3.06863
-0.00953528  0.00283914  3.1824
-0.00941505  0.00270899  3.29091
-0.00928809  0.00257419  3.41393
-0.0091612  0.00244653  3.5402
-0.0090373  0.00232714  3.66858
-0.00890517  0.00220556  3.8109
-0.00875853  0.00208084  3.96884
-0.00862148  0.00197118  4.12012
-0.00846469  0.00185269  4.29899
-0.00831493  0.00174895  4.46836
-0.00815229  0.00164486  4.65223
-0.00799386  0.00155001  4.83472
-0.00781518  0.00144722  5.05462
-0.00763928  0.00135777  5.2581
-0.00746034  0.00127767  5.44768
-0.00725205  0.00119597  5.64567
-0.00706576  0.0011337  5.79144
-0.00682723  0.00106462  5.94316
-0.00661588  0.00100799  6.06742
-0.00638898  0.000953332  6.17726
-0.00617567  0.00090642  6.26164
-0.00593322  0.000858763  6.3268
-0.00568348  0.000816271  6.35019
-0.00556065  0.000798084  6.341
-0.00543795  0.00078156  6.31807
-0.0052943  0.000765405  6.26375
-0.00515218  0.000749332  6.20844
-0.00500836  0.000735212  6.13205
-0.00483063  0.000719555  6.01849
-0.00463991  0.00070538  5.86905
-0.00444918  0.000692788  5.70041
-0.00423675  0.000679914  5.49592
-0.00401044  0.000670309  5.23704
-0.00374668  0.000660208  4.91766
-0.00351898  0.000652464  4.62704
-0.00318344  0.000646131  4.15308
-0.00280894  0.000642893  3.59149
