-0.003971  0.00164852  2.10552
-0.00395429  0.0015267  2.26259
-0.00393509  0.00140598  2.4432
-0.0039141  0.00129127  2.64399
-0.00388992  0.00118659  2.85687
-0.00386005  0.00109676  3.06361
-0.0038161  0.00101763  3.25865
-0.00377002  0.000938085  3.48584
-0.00372746  0.000868705  3.71526
-0.00366972  0.000802593  3.94936
-0.00362097  0.000748114  4.17179
-0.00355169  0.000691308  4.41437
-0.00348462  0.000651578  4.5806
-0.00342559  0.000619463  4.72278
-0.00334433  0.000592214  4.80287
-0.00325536  0.000568081  4.85029
-0.00319711  0.000557816  4.83512
-0.00313053  0.000546487  4.81352
-0.00307572  0.000535309  4.81166
-0.00301361  0.00052539  4.78427
-0.00295574  0.000514453  4.7735
-0.0028893  0.000506306  4.71907
-0.00282384  0.000495496  4.68994
-0.00274686  0.000482671  4.65506
-0.00268621  0.000476054  4.59236
-0.00262303  0.000466594  4.55006
-0.00254131  0.000455623  4.48027
-0.00246806  0.000446258  4.41014
-0.00240015  0.000438338  4.33491
-0.00232368  0.00043012  4.23992
-0.00224284  0.000421049  4.13927
-0.00214954  0.000412617  3.99775
-0.00207447  0.000403415  3.90284
-0.00197884  0.000394329  3.75027
-0.0019011  0.00038803  3.6108
-0.00179154  0.00037896  3.40812
-0.00169219  0.000371385  3.21013
-0.00161087  0.000366143  3.03398
-0.00149317  0.000357775  2.77598
-0.00138505  0.00035135  2.519
-0.00128516  0.000344685  2.27791
-0.00115594  0.000340394  1.927
-0.00108638  0.000333926  1.75602
-0.000911883  0.000328403  1.2542
-0.000817722  0.000322921  0.983899
-0.000655281  0.000319139  0.486563
-0.000547154  0.000314921  0.149731
-0.000396131  0.000312067  -0.332842
-0.000202593  0.000309144  -0.962035
-1.76051e-05  0.00030855  -1.56342
