-0.003971  0.00164852  2.10552
-0.0039534  0.00152049  2.27125
-0.00392982  0.00137264  2.49871
-0.0039104  0.00127128  2.68266
-0.00388833  0.00117852  2.87507
-0.00385249  0.00109166  3.071
-0.00381734  0.0010048  3.30148
-0.00376688  0.000947823  3.44672
-0.00372742  0.000855517  3.77248
-0.00367834  0.00078899  4.02836
-0.00361826  0.000729117  4.27676
-0.00355042  0.000695232  4.38764
-0.00353549  0.000663982  4.57165
-0.00341176  0.000616272  4.7248
-0.0033301  0.000596075  4.74788
-0.00325308  0.000586169  4.69674
-0.00320791  0.000575963  4.70153
-0.00314864  0.000564324  4.69348
-0.00309371  0.000554696  4.67592
-0.00304094  0.000544202  4.66911
-0.00298188  0.000533526  4.65184
-0.00292382  0.000523823  4.62717
-0.00285655  0.000513866  4.58593
-0.00279248  0.000502837  4.55909
-0.00273203  0.000494835  4.51065
-0.00265957  0.000484759  4.45493
-0.00259012  0.000475983  4.39116
-0.00252015  0.000466946  4.32629
-0.0024521  0.0004594  4.24923
-0.00236556  0.000448732  4.1574
-0.00229028  0.000442231  4.04829
-0.0022049  0.000432697  3.94018
-0.00211976  0.000423844  3.8216
-0.00203194  0.000415758  3.6847
-0.00193646  0.000408107  3.51981
-0.00185073  0.000401671  3.36277
-0.00174702  0.000393616  3.16812
-0.00164537  0.000387643  2.95471
-0.00155047  0.000379806  2.7658
-0.0014498  0.000374745  2.53453
-0.00132177  0.000368307  2.23122
-0.00121874  0.00036202  1.98537
-0.00110192  0.00035636  1.68907
-0.000990899  0.00035141  1.39694
-0.000869387  0.000346505  1.06604
-0.00075482  0.000342608  0.743767
-0.000598839  0.00033793  0.292485
-0.000454422  0.000336006  -0.135646
-0.000287794  0.000332976  -0.637303
-0.000106933  0.000332391  -1.18254
