-0.010865  0.0047755  2.17045
-0.0107787  0.00461596  2.22677
-0.0106898  0.00445881  2.28531
-0.0106034  0.00430181  2.34865
-0.0105081  0.0041479  2.4128
-0.0104144  0.00399469  2.4819
-0.010316  0.00384438  2.55333
-0.0102151  0.00369195  2.63143
-0.0101126  0.00354871  2.70875
-0.0100052  0.00340491  2.79162
-0.00989447  0.00326551  2.87688
-0.00978208  0.00312549  2.9698
-0.00966778  0.00298941  3.06676
-0.00954836  0.0028544  3.16997
-0.0094292  0.00272209  3.28028
-0.00930362  0.00258991  3.3992
-0.00917625  0.00246077  3.52582
-0.00905095  0.00233946  3.6551
-0.00891128  0.00221187  3.80279
-0.0087731  0.00209275  3.95321
-0.00863364  0.00197921  4.10953
-0.00848585  0.00186827  4.27446
-0.00833359  0.00176097  4.44844
-0.00817358  0.00165452  4.63795
-0.00801055  0.0015561  4.82651
-0.00785672  0.00146681  5.01545
-0.00766849  0.00137049  5.2306
-0.00748393  0.0012848  5.43579
-0.00729839  0.00121089  5.61435
-0.00708946  0.00114067  5.77685
-0.00688589  0.00107868  5.92007
-0.00666242  0.00101774  6.05503
-0.00643499  0.000965137  6.14938
-0.00621506  0.000914433  6.24984
-0.0059744  0.000867168  6.31296
-0.00573559  0.000825937  6.33896
-0.00561161  0.000806078  6.34133
-0.00548137  0.000789168  6.31218
-0.00535135  0.000771864  6.28524
-0.00521101  0.00075465  6.24264
-0.00505179  0.000738251  6.16564
-0.00488222  0.000723799  6.05447
-0.00470084  0.000710242  5.91465
-0.00449166  0.000695675  5.73783
-0.00428864  0.00068573  5.52497
-0.00407083  0.000672765  5.30769
-0.00380599  0.000662998  4.98643
-0.00357187  0.000654595  4.69277
-0.00322351  0.000647434  4.20663
-0.00291625  0.000644018  3.75184
