-0.003971  0.00164852  2.10552
-0.00395482  0.00153022  2.25773
-0.0039369  0.00141418  2.43031
-0.00391633  0.00130026  2.62741
-0.00389223  0.00119318  2.84302
-0.00386011  0.00109761  3.0613
-0.00382081  0.00101247  3.27991
-0.00377385  0.000939148  3.48597
-0.00372799  0.000866918  3.72353
-0.00368178  0.000790986  4.02255
-0.00362363  0.00073239  4.26498
-0.00356968  0.000684163  4.48677
-0.00349295  0.000641399  4.66628
-0.00341149  0.00061729  4.71656
-0.00332895  0.000595844  4.7478
-0.00324364  0.000577231  4.75309
-0.00317693  0.000568157  4.71159
-0.00311451  0.0005579  4.68635
-0.00306083  0.000548375  4.66986
-0.00300574  0.00053797  4.65778
-0.00295011  0.000528243  4.63823
-0.00289191  0.000518513  4.61301
-0.00282749  0.000508616  4.57613
-0.00276817  0.000499444  4.54139
-0.00270287  0.000490341  4.49252
-0.00262219  0.000479996  4.42127
-0.00255448  0.000472512  4.348
-0.00248093  0.000464646  4.2633
-0.00241255  0.000455438  4.19937
-0.00233075  0.000446763  4.0978
-0.00225575  0.000438916  4.00019
-0.00216929  0.000431506  3.86852
-0.00210284  0.000422207  3.79634
-0.00201835  0.000415219  3.65676
-0.00193151  0.000407066  3.51666
-0.00183699  0.000399738  3.34466
-0.00174997  0.000393633  3.17547
-0.00162826  0.000385524  2.92656
-0.00154409  0.000379721  2.74963
-0.00143619  0.000373434  2.50698
-0.00132737  0.000367768  2.24971
-0.00122405  0.000361931  2.00052
-0.00110697  0.000356832  1.70101
-0.000995386  0.000351263  1.4103
-0.000863644  0.000346529  1.04939
-0.000764687  0.000343383  0.770823
-0.000610537  0.000338235  0.326806
-0.000463286  0.000335187  -0.109533
-0.000312291  0.000333194  -0.563361
-0.000133498  0.000332371  -1.10269
