-0.010865  0.0047755  2.17045
-0.0107782  0.00461589  2.2267
-0.0106896  0.00445807  2.28565
-0.0105951  0.00429129  2.35247
-0.0105064  0.00413981  2.41712
-0.0104116  0.00398659  2.48624
-0.0103102  0.0038325  2.55973
-0.0102119  0.00369125  2.63107
-0.0101144  0.00355063  2.7078
-0.010008  0.00340889  2.78918
-0.00988746  0.00325528  2.88377
-0.00976692  0.00310762  2.982
-0.00965034  0.00296864  3.08233
-0.00953953  0.00284799  3.174
-0.00941398  0.00270871  3.29086
-0.00929824  0.00258316  3.406
-0.00916546  0.00244996  3.53698
-0.00903237  0.00232737  3.6661
-0.00891413  0.00221334  3.80156
-0.00875633  0.00208595  3.95807
-0.00863487  0.00197986  4.10881
-0.00846669  0.001856  4.29239
-0.00830922  0.00174343  4.47923
-0.00815478  0.00164239  4.66074
-0.00797057  0.0015315  4.87794
-0.00784178  0.00146  5.02861
-0.00764638  0.00137036  5.21495
-0.00744948  0.00128004  5.42909
-0.00727719  0.00120223  5.63717
-0.00708305  0.00113717  5.78898
-0.00684832  0.00106784  5.94501
-0.00664563  0.00102335  6.00538
-0.00640584  0.000958356  6.16246
-0.00616503  0.000906707  6.24792
-0.00593425  0.000861752  6.30605
-0.00568369  0.000816947  6.34519
-0.00556561  0.000802526  6.31209
-0.00539704  0.000785348  6.2355
-0.00530579  0.000768013  6.25743
-0.00521077  0.000756064  6.23065
-0.00499067  0.000736005  6.10142
-0.00483316  0.000723559  5.98868
-0.0047006  0.000710721  5.91034
-0.00448342  0.000696343  5.72049
-0.00428957  0.000685646  5.52701
-0.00408114  0.000675261  5.30334
-0.00385605  0.000664825  5.04802
-0.00362598  0.000656653  4.76048
-0.00330811  0.000649928  4.32064
-0.00293874  0.000646839  3.77024
