-0.003971  0.00164852  2.10552
-0.00395335  0.00152011  2.27177
-0.00393424  0.00141571  2.42582
-0.00391105  0.00130144  2.62098
-0.00389301  0.00121612  2.79003
-0.00385999  0.00110189  3.04929
-0.00383336  0.00103987  3.20554
-0.00377385  0.000954562  3.42969
-0.00373285  0.000891099  3.62793
-0.00368333  0.000815436  3.90384
-0.00361566  0.000771765  4.03707
-0.00356483  0.000719353  4.26053
-0.00345343  0.000682179  4.3294
-0.00338514  0.000637385  4.52653
-0.00333065  0.000599617  4.72077
-0.00325763  0.000576303  4.78504
-0.00314195  0.000548961  4.81264
-0.0030498  0.000542965  4.69607
-0.00299554  0.000530312  4.7058
-0.00294924  0.000521551  4.69607
-0.00290841  0.000511761  4.70611
-0.00283958  0.000503908  4.64287
-0.00275203  0.000487529  4.61928
-0.00270315  0.000481004  4.58031
-0.0026161  0.00046714  4.52992
-0.00259596  0.000464356  4.51369
-0.00254836  0.000458459  4.46791
-0.00249017  0.000451252  4.41033
-0.00238835  0.000440636  4.28551
-0.0023317  0.00043406  4.21994
-0.00223281  0.000420669  4.11919
-0.00216991  0.000418643  3.98887
-0.00211197  0.000413462  3.89873
-0.00201263  0.000401666  3.76588
-0.00194073  0.000393086  3.66516
-0.00185348  0.000385948  3.50691
-0.00171662  0.000381065  3.1927
-0.00166463  0.000370624  3.14236
-0.00154883  0.000365984  2.8658
-0.00146607  0.000360331  2.68107
-0.00134459  0.000353306  2.39055
-0.00125889  0.000349378  2.17212
-0.00120349  0.000344621  2.04135
-0.00104145  0.000339057  1.59692
-0.000913093  0.000332425  1.24267
-0.000859298  0.000330437  1.08734
-0.000709169  0.000325821  0.641976
-0.000566829  0.000321598  0.207804
-0.000500028  0.00032007  8.61668e-05
-0.000222607  0.000317567  -0.873492
