-0.003971  0.00164852  2.10552
-0.00395312  0.00151852  2.274
-0.00393566  0.00140673  2.44231
-0.00391466  0.00129196  2.643
-0.00388915  0.00118429  2.86175
-0.0038571  0.00108789  3.08587
-0.00381779  0.00100516  3.30075
-0.00377453  0.000924993  3.54006
-0.00372547  0.000856679  3.76509
-0.00367781  0.000786745  4.03918
-0.00362274  0.000727679  4.29137
-0.00356161  0.000679256  4.5073
-0.00349523  0.000642816  4.65954
-0.00341632  0.000620786  4.69778
-0.00334026  0.000598641  4.74451
-0.00326336  0.000589057  4.69117
-0.00321404  0.000577941  4.69605
-0.00316093  0.000566808  4.69458
-0.00310341  0.000555776  4.68428
-0.00304996  0.000545847  4.67157
-0.00299282  0.000535581  4.65442
-0.00292893  0.000524792  4.62837
-0.00287172  0.000515084  4.60453
-0.00280995  0.000504585  4.57793
-0.00274649  0.000494834  4.53988
-0.00266778  0.000486022  4.46026
-0.00259592  0.000476782  4.39596
-0.0025188  0.000467821  4.31532
-0.00244241  0.000459039  4.23146
-0.00236384  0.000450208  4.13995
-0.00228308  0.000441456  4.0391
-0.00219912  0.000433285  3.92149
-0.00211796  0.00042406  3.8154
-0.00204158  0.000416746  3.69908
-0.00194518  0.000408962  3.53378
-0.00185579  0.000401039  3.38069
-0.00175727  0.000393718  3.19331
-0.00164855  0.000387304  2.9655
-0.00155416  0.00038023  2.77242
-0.0014459  0.000373501  2.53254
-0.00134416  0.000367836  2.29495
-0.0012193  0.000362088  1.98654
-0.00109895  0.000356501  1.68009
-0.000977099  0.000351698  1.35656
-0.000861977  0.000345921  1.04641
-0.000734115  0.000341673  0.685201
-0.000591247  0.000337858  0.270074
-0.000440163  0.000334821  -0.178715
-0.000297088  0.000333078  -0.609204
-9.76159e-05  0.000332376  -1.21063
