-0.010865  0.0047755  2.17045
-0.0107785  0.00461404  2.22765
-0.0106896  0.00445532  2.28706
-0.0105979  0.00429921  2.34878
-0.0105061  0.00414039  2.41671
-0.0104112  0.00398731  2.48568
-0.0103162  0.00384094  2.55568
-0.0102163  0.00369116  2.63232
-0.010112  0.00355016  2.7075
-0.0100012  0.00341266  2.7841
-0.00989161  0.00326736  2.87438
-0.0097789  0.0031277  2.96669
-0.0096659  0.00299096  3.06453
-0.0095476  0.0028573  3.16648
-0.00942739  0.00272506  3.27603
-0.00930844  0.00259743  3.39122
-0.00917112  0.00246364  3.51964
-0.00904789  0.00234361  3.64732
-0.00891454  0.00222133  3.78807
-0.00876959  0.00209479  3.94769
-0.00862534  0.00198076  4.10214
-0.00847853  0.00187212  4.26177
-0.00833649  0.00176587  4.43774
-0.00816964  0.0016587  4.62388
-0.00802341  0.00156244  4.81517
-0.00784229  0.00146402  5.01516
-0.00766764  0.00137436  5.21525
-0.00748154  0.00129109  5.40749
-0.00729363  0.00121071  5.61126
-0.00708223  0.00114138  5.7669
-0.00688662  0.00108256  5.89953
-0.00666593  0.00102351  6.02431
-0.00644677  0.000973447  6.10898
-0.00621452  0.00092206  6.19756
-0.00599175  0.000872744  6.29251
-0.00574498  0.000829719  6.32139
-0.00560527  0.000808364  6.31555
-0.00548371  0.00079083  6.30187
-0.0053299  0.000773765  6.24208
-0.00520232  0.000758398  6.20034
-0.00504845  0.000741509  6.13404
-0.00486058  0.000725606  6.00957
-0.00468364  0.00071206  5.8754
-0.00445562  0.000697817  5.66856
-0.00426028  0.000687976  5.46571
-0.00400914  0.000675535  5.19461
-0.00375204  0.000665111  4.88947
-0.00350694  0.000657172  4.57558
-0.00326996  0.000649364  4.26565
-0.00278206  0.000645568  3.53497
