-0.010865  0.0047755  2.17045
-0.0107793  0.00461403  2.22785
-0.0106937  0.00445801  2.2866
-0.0105988  0.00429495  2.35133
-0.0105068  0.00414208  2.41589
-0.0104184  0.00399639  2.48183
-0.0103137  0.00383633  2.55809
-0.0102132  0.0036904  2.63201
-0.0101052  0.00353923  2.71394
-0.00998596  0.00338012  2.8064
-0.00989895  0.00326943  2.8748
-0.00978889  0.00313536  2.96262
-0.00966964  0.00299843  3.05815
-0.00952242  0.00282885  3.18943
-0.00940219  0.00270258  3.29395
-0.00930864  0.00259963  3.38843
-0.00916437  0.00245017  3.53624
-0.00902104  0.0023181  3.67587
-0.00889708  0.00220204  3.81332
-0.00876714  0.00209035  3.9549
-0.00861271  0.00197073  4.1166
-0.00846439  0.00185788  4.28681
-0.0083065  0.00174872  4.46411
-0.00815538  0.00164985  4.64005
-0.0079684  0.00154449  4.83551
-0.00781012  0.00144993  5.04169
-0.00761744  0.0013796  5.15905
-0.00744996  0.00128096  5.42558
-0.00725831  0.00120668  5.60073
-0.0070596  0.00113131  5.79824
-0.00679823  0.00105855  5.94986
-0.00659392  0.0010109  6.02821
-0.00642603  0.000962745  6.15535
-0.00616845  0.000907544  6.24592
-0.00594912  0.000865994  6.29233
-0.00567159  0.000816689  6.33239
-0.00553671  0.000800974  6.28823
-0.00539727  0.000781284  6.26823
-0.00526721  0.000766773  6.21724
-0.00509643  0.000749919  6.12924
-0.00495331  0.0007343  6.06471
-0.00477935  0.000719863  5.94468
-0.00463912  0.000709508  5.83378
-0.00439851  0.000695216  5.60763
-0.00421486  0.000681295  5.45264
-0.00398382  0.000671223  5.19026
-0.00377672  0.000661768  4.95146
-0.00348179  0.000653339  4.56392
-0.00315815  0.000647046  4.10812
-0.00280634  0.000642983  3.58693
