-0.010865  0.0047755  2.17045
-0.0107785  0.00461379  2.22779
-0.0106918  0.00445732  2.28653
-0.0106004  0.00429874  2.34963
-0.010509  0.00414555  2.4144
-0.0104118  0.00398941  2.48452
-0.010316  0.00384081  2.55572
-0.0102129  0.0036953  2.62844
-0.0101033  0.00354748  2.70708
-0.010006  0.00340992  2.78774
-0.00988646  0.00326165  2.87783
-0.00977521  0.00312961  2.96369
-0.00965998  0.00298972  3.06382
-0.00954493  0.0028565  3.16644
-0.009423  0.00272118  3.27909
-0.00930301  0.00259368  3.39402
-0.00917418  0.00246275  3.52214
-0.00904499  0.00234341  3.6464
-0.00890899  0.00221519  3.79606
-0.00876465  0.00209605  3.94297
-0.00863015  0.00198683  4.09202
-0.00849914  0.00188048  4.25379
-0.00832014  0.00176456  4.43177
-0.00816772  0.00165631  4.62939
-0.00800326  0.00156018  4.80922
-0.00783596  0.00146628  5.00312
-0.00765153  0.00136874  5.22491
-0.00746755  0.00129111  5.39654
-0.00729463  0.00121234  5.60455
-0.00708549  0.00114575  5.74778
-0.00686987  0.00108103  5.89242
-0.00666026  0.00102834  5.99048
-0.0064302  0.00096567  6.14103
-0.00620325  0.000917325  6.21726
-0.00596541  0.000873218  6.25893
-0.0057232  0.000825711  6.3257
-0.00556807  0.000807118  6.27921
-0.00545405  0.000788973  6.27911
-0.00531753  0.00077229  6.23798
-0.00518449  0.000755335  6.20187
-0.0050075  0.000738227  6.10585
-0.00485766  0.000724993  6.01062
-0.0046457  0.000710797  5.83247
-0.00450492  0.000697261  5.74378
-0.00423602  0.00068285  5.47121
-0.00406322  0.000672819  5.29595
-0.00375964  0.000663031  4.91627
-0.00347141  0.000652348  4.55494
-0.00314233  0.000646521  4.087
-0.00278093  0.000643595  3.54405
