-0.003971  0.00164852  2.10552
-0.00395372  0.00152308  2.26759
-0.00393497  0.00140572  2.44357
-0.00391082  0.00128754  2.64909
-0.00388301  0.00119234  2.83728
-0.00385155  0.00108982  3.07533
-0.00381097  0.00100779  3.28537
-0.00376529  0.000923424  3.53607
-0.00371893  0.000851989  3.77814
-0.00365927  0.000783335  4.0331
-0.00359728  0.000728533  4.25139
-0.00353435  0.000674388  4.49941
-0.00346783  0.000631025  4.70319
-0.00339237  0.000605915  4.77355
-0.00329771  0.000579485  4.82792
-0.00320801  0.000555936  4.87109
-0.00315459  0.000545886  4.8629
-0.00309798  0.000535545  4.8511
-0.00303652  0.000525751  4.82457
-0.00297189  0.000516512  4.78574
-0.00291496  0.000505971  4.77292
-0.00285307  0.000495653  4.74743
-0.00279525  0.00048752  4.70802
-0.0027287  0.000477809  4.66441
-0.00265771  0.000468027  4.61023
-0.00259785  0.00045968  4.56373
-0.00251486  0.000449906  4.47841
-0.00245236  0.000441321  4.42389
-0.00236903  0.000433203  4.31445
-0.00230446  0.000424713  4.24865
-0.00222261  0.00041602  4.14069
-0.00214386  0.000408319  4.02591
-0.00205676  0.000400063  3.89128
-0.00196914  0.000392531  3.74272
-0.00187796  0.000384352  3.58517
-0.00180301  0.000378129  3.44593
-0.00170162  0.00037067  3.24174
-0.00160656  0.000363179  3.04688
-0.00149563  0.00035685  2.79004
-0.00139662  0.000349938  2.56223
-0.00129267  0.000343805  2.30559
-0.00117885  0.000338662  2.00452
-0.00107336  0.000332916  1.72224
-0.000954175  0.000327588  1.38642
-0.000830581  0.00032296  1.0236
-0.000710438  0.000319056  0.659562
-0.00055985  0.000315305  0.189816
-0.00042306  0.000312298  -0.246366
-0.000251124  0.000309985  -0.802863
-8.19112e-05  0.000308886  -1.35354
