-0.003971  0.00164852  2.10552
-0.00395477  0.00152993  2.25813
-0.00393603  0.00141041  2.43618
-0.00391528  0.00129677  2.63368
-0.0038903  0.00118809  2.85358
-0.00385808  0.00109188  3.07551
-0.0038174  0.0010138  3.27223
-0.00377289  0.000929054  3.52282
-0.00372442  0.000862286  3.73938
-0.00367157  0.000792317  4.0029
-0.00361252  0.000731352  4.25585
-0.00355594  0.000687166  4.44716
-0.00348609  0.000643612  4.63958
-0.00341548  0.000606554  4.80664
-0.00333326  0.000580728  4.8788
-0.00324929  0.000561968  4.89225
-0.0031911  0.000551666  4.87814
-0.00313424  0.00054172  4.86273
-0.00306974  0.000531112  4.83842
-0.00301153  0.00052122  4.81856
-0.00294524  0.00051037  4.79112
-0.00287699  0.000501374  4.74095
-0.00281152  0.000489777  4.71955
-0.00274716  0.000481267  4.66926
-0.00268896  0.000472257  4.63511
-0.0026183  0.00046234  4.58169
-0.00254243  0.000454205  4.49672
-0.00247498  0.000444993  4.43824
-0.00241423  0.000436046  4.38998
-0.00233991  0.000427243  4.30646
-0.00225163  0.000417769  4.19283
-0.00216804  0.000409331  4.07505
-0.00208673  0.000401637  3.95067
-0.00199647  0.000393667  3.80135
-0.00191202  0.000386129  3.65687
-0.00182292  0.000378578  3.49444
-0.00173  0.000371186  3.31371
-0.00162727  0.000364347  3.09394
-0.00153631  0.000357847  2.89596
-0.00142321  0.000350739  2.63219
-0.0013279  0.00034518  2.39847
-0.00118635  0.000338709  2.02637
-0.00108621  0.000332605  1.76249
-0.000968413  0.000327423  1.43061
-0.000849024  0.00032296  1.0807
-0.000719889  0.000318089  0.691281
-0.000599163  0.000315092  0.314712
-0.000424176  0.000311043  -0.243772
-0.000276434  0.00030869  -0.724241
-0.000110824  0.000307387  -1.26608
