-0.010865  0.0047755  2.17045
-0.0107285  0.00452018  2.26284
-0.0106165  0.00432137  2.34105
-0.0104877  0.00410434  2.43346
-0.0103599  0.00390129  2.52735
-0.0102104  0.0036795  2.63907
-0.0100755  0.00349379  2.74073
-0.00987905  0.00333474  2.81252
-0.00968102  0.00309373  2.96762
-0.00953264  0.00292632  3.08669
-0.00935009  0.0027248  3.24798
-0.00921651  0.00258525  3.37164
-0.00900169  0.00237485  3.57988
-0.00881401  0.0022052  3.77018
-0.00857331  0.00204866  3.94078
-0.00838808  0.00186917  4.22009
-0.00817291  0.00172527  4.44736
-0.0079388  0.00158842  4.68313
-0.00767386  0.00145834  4.91921
-0.0074035  0.00136481  5.0582
-0.00714332  0.00126468  5.25297
-0.00679037  0.00117496  5.35367
-0.00655716  0.00109568  5.5282
-0.00617149  0.00101378  5.5944
-0.00585614  0.00094863  5.64618
-0.00580489  0.000942211  5.63026
-0.00572177  0.000930725  5.61044
-0.00569759  0.000928026  5.60069
-0.00563621  0.000920038  5.5826
-0.00559162  0.000911821  5.58401
-0.00552146  0.000903929  5.55515
-0.00548778  0.000897622  5.55667
-0.0054229  0.00089088  5.52589
-0.00536819  0.000881348  5.52357
-0.00529615  0.000871436  5.50373
-0.00527538  0.000868703  5.49714
-0.00520724  0.000860797  5.46846
-0.00515995  0.000855862  5.44475
-0.00509208  0.000850149  5.40151
-0.0050541  0.000848422  5.36772
-0.00491511  0.000839484  5.25931
-0.0048845  0.000831559  5.27263
-0.00480069  0.000819439  5.24833
-0.00480069  0.000819439  5.24833
-0.00465219  0.000809507  5.12928
-0.00464746  0.000809471  5.12367
-0.00459372  0.00080695  5.07308
-0.00459372  0.00080695  5.07308
-0.00459372  0.00080695  5.07308
-0.00429321  0.000790501  4.79849
