-0.010865  0.0047755  2.17045
-0.0107763  0.00460908  2.22958
-0.0106915  0.00445629  2.287
-0.010601  0.00429736  2.35052
-0.0105088  0.00414317  2.41575
-0.0104137  0.00399057  2.48428
-0.0103162  0.00383806  2.5576
-0.0102141  0.00369078  2.632
-0.01011  0.00354464  2.71114
-0.0100018  0.00340341  2.79186
-0.00988795  0.00326073  2.8791
-0.00977588  0.0031252  2.96809
-0.00966253  0.00298915  3.06526
-0.00954152  0.00284879  3.17381
-0.00942317  0.00271764  3.28343
-0.00930032  0.00258526  3.40404
-0.00917251  0.00245689  3.52988
-0.0090394  0.00232972  3.66542
-0.00891116  0.00221346  3.80001
-0.00876704  0.00208886  3.95768
-0.00862138  0.00197125  4.11991
-0.00847783  0.00186232  4.28381
-0.00832759  0.00175637  4.45669
-0.00816302  0.0016487  4.64791
-0.00800478  0.0015518  4.83619
-0.00782943  0.00145171  5.04884
-0.00765503  0.0013637  5.24679
-0.00746735  0.00128111  5.43852
-0.00728632  0.00120467  5.63334
-0.00706915  0.00113695  5.77788
-0.00685895  0.00107344  5.92391
-0.00663929  0.00101788  6.03143
-0.00641607  0.000958641  6.17131
-0.00619269  0.000909364  6.26008
-0.00595041  0.000861128  6.32938
-0.00571045  0.000820091  6.35351
-0.00559537  0.00080285  6.34659
-0.00546893  0.000785085  6.32916
-0.00533074  0.000768244  6.28803
-0.00518355  0.000752154  6.22684
-0.00500922  0.000737019  6.11819
-0.00483955  0.000721634  6.0135
-0.00464347  0.000708433  5.84879
-0.00445034  0.000695254  5.68186
-0.00424976  0.000683469  5.48637
-0.00405151  0.000673275  5.27498
-0.00375943  0.000663833  4.91001
-0.00350179  0.00065413  4.58899
-0.00321061  0.000648146  4.1821
-0.00281297  0.000644135  3.59082
