-0.003971  0.00164852  2.10552
-0.00395473  0.00152962  2.25856
-0.00394508  0.00146519  2.35128
-0.00394126  0.00144096  2.38817
-0.00393165  0.00138312  2.48109
-0.00391616  0.00129942  2.62898
-0.00389957  0.00122277  2.78022
-0.00388687  0.00117319  2.88689
-0.00386914  0.00111718  3.01574
-0.0038434  0.00105829  3.15926
-0.00382026  0.00101002  3.28733
-0.00380094  0.000972574  3.39403
-0.00377893  0.000933691  3.5118
-0.00374847  0.000886644  3.66378
-0.00371875  0.000844525  3.81131
-0.00369178  0.000815645  3.9132
-0.0036566  0.000778838  4.05296
-0.00362843  0.000739071  4.23293
-0.00359395  0.000712134  4.34462
-0.00355603  0.000698078  4.37778
-0.00352168  0.000658126  4.59133
-0.00349254  0.00064118  4.66724
-0.00349254  0.00064118  4.66724
-0.00340918  0.000616523  4.71869
-0.00334887  0.000599958  4.74845
-0.00324851  0.000584952  4.69869
-0.00317993  0.000570705  4.69582
-0.00310406  0.000556268  4.68131
-0.00301849  0.000542413  4.64313
-0.00294417  0.000527303  4.63523
-0.00281649  0.000516013  4.4892
-0.00276547  0.000499498  4.5355
-0.00267022  0.000486086  4.46468
-0.00256351  0.000472729  4.3651
-0.00244546  0.000462173  4.20938
-0.00234985  0.000448814  4.12164
-0.00224676  0.000437348  3.99398
-0.00211052  0.000426261  3.77825
-0.00200365  0.000413874  3.63311
-0.00187857  0.000402776  3.42267
-0.00173812  0.000394814  3.13596
-0.00160013  0.000383729  2.86694
-0.00144325  0.000374766  2.51689
-0.00130194  0.000365808  2.19224
-0.00113636  0.000358042  1.77732
-0.000984476  0.0003508  1.38106
-0.000809496  0.000344259  0.899021
-0.000671672  0.000339829  0.505172
-0.000418775  0.000334509  -0.24282
-0.000180982  0.000332429  -0.959658
