-0.003971  0.00164852  2.10552
-0.00395183  0.00150976  2.28634
-0.00393561  0.00140641  2.44283
-0.0039144  0.00129064  2.64551
-0.0038897  0.00118359  2.86392
-0.0038561  0.0010889  3.0821
-0.00381755  0.00100552  3.29934
-0.00377646  0.000935247  3.50331
-0.00373037  0.000854011  3.78258
-0.00367117  0.000778948  4.0711
-0.00362518  0.000728699  4.28872
-0.00355808  0.000688036  4.44465
-0.00349491  0.00064237  4.66228
-0.00344934  0.000625696  4.71369
-0.00334143  0.000598268  4.74942
-0.00326529  0.000589013  4.69478
-0.00321584  0.000577746  4.70074
-0.0031641  0.000567559  4.69396
-0.00310885  0.000556881  4.68476
-0.00305151  0.000546214  4.67126
-0.00299071  0.000535844  4.6482
-0.00293218  0.000525613  4.62732
-0.00287529  0.000515732  4.60566
-0.00280878  0.00050567  4.56579
-0.00274468  0.000495864  4.52679
-0.00267307  0.000486846  4.46356
-0.00259812  0.00047764  4.39269
-0.00252779  0.000468551  4.32779
-0.0024538  0.000460039  4.24703
-0.00237287  0.000451304  4.14991
-0.00229536  0.000442843  4.05417
-0.00221713  0.000434058  3.95599
-0.00213731  0.000426284  3.8409
-0.00205311  0.000417651  3.71866
-0.00196292  0.0004097  3.57071
-0.00186433  0.000402563  3.3891
-0.00178592  0.000395439  3.25188
-0.00167795  0.000388082  3.03532
-0.00156775  0.000380943  2.80292
-0.00147069  0.000375414  2.58564
-0.00136444  0.000368952  2.34297
-0.00124332  0.000363353  2.04574
-0.00113184  0.000358047  1.76468
-0.00101781  0.000352282  1.46986
-0.00089586  0.00034726  1.13995
-0.000776941  0.00034306  0.807266
-0.000629493  0.000339144  0.381822
-0.000500581  0.000335971  0.00173043
-0.000335788  0.000333417  -0.492512
-0.000165333  0.00033242  -1.00676
