-0.010865  0.0047755  2.17045
-0.0107422  0.0045453  2.25337
-0.0106355  0.00435444  2.32763
-0.0105127  0.00414546  2.41535
-0.0103847  0.00393976  2.50897
-0.0102453  0.00372977  2.61286
-0.0101184  0.00355134  2.70839
-0.00997039  0.00338903  2.79443
-0.00980222  0.00320748  2.90016
-0.00969487  0.0030328  3.03181
-0.00951107  0.00282996  3.18417
-0.00935741  0.0026441  3.34988
-0.00918889  0.00246871  3.51961
-0.0090062  0.00230074  3.69716
-0.00880603  0.00217982  3.81043
-0.0085792  0.00204286  3.95484
-0.00839288  0.00182321  4.32912
-0.00823579  0.00172706  4.47917
-0.00804349  0.00160947  4.68695
-0.00780532  0.00149653  4.88151
-0.00753451  0.00140047  5.02295
-0.00734424  0.00133322  5.13361
-0.00698066  0.00124246  5.21599
-0.00679367  0.00117817  5.34191
-0.00642384  0.0010902  5.43374
-0.00629338  0.00107376  5.39543
-0.00620607  0.00105703  5.39823
-0.0061133  0.00104668  5.36298
-0.00606404  0.00103766  5.3621
-0.00587174  0.00103007  5.21491
-0.00576807  0.00101823  5.17373
-0.00551608  0.000976971  5.13432
-0.00551608  0.000976971  5.13432
-0.00541941  0.000960785  5.1202
-0.00540096  0.000959008  5.11044
-0.00528422  0.000946977  5.0521
-0.00514642  0.000929808  4.99718
-0.00494802  0.000918051  4.84507
-0.0049116  0.000907196  4.86289
-0.0049116  0.000907196  4.86289
-0.0045996  0.0008584  4.77587
-0.0045838  0.000865668  4.71752
-0.0044798  0.000846131  4.70353
-0.00439096  0.000829775  4.68918
-0.00427601  0.000822512  4.59082
-0.00420404  0.000813054  4.55571
-0.0041124  0.000808757  4.4666
-0.0041124  0.000808757  4.4666
-0.0041124  0.000808757  4.4666
-0.00374802  0.000756113  4.29568
