-0.003971  0.00164852  2.10552
-0.00395486  0.00153051  2.25733
-0.00393938  0.00142931  2.40632
-0.00392102  0.00132444  2.58299
-0.00389915  0.00122103  2.78384
-0.0038741  0.0011313  2.9825
-0.00383372  0.00105126  3.17117
-0.00378854  0.000978945  3.35927
-0.00374914  0.00089755  3.62001
-0.0036991  0.000835202  3.83033
-0.00364954  0.000774116  4.06856
-0.00359096  0.000722524  4.278
-0.00352487  0.000677947  4.46181
-0.00345653  0.000640674  4.61471
-0.00337945  0.00061182  4.70637
-0.00329855  0.000588644  4.75424
-0.00322168  0.00056667  4.80293
-0.00313404  0.000552101  4.77094
-0.00305945  0.000535067  4.78342
-0.00300867  0.000525771  4.77141
-0.00294856  0.000515757  4.74749
-0.0028842  0.000507395  4.6989
-0.00282884  0.000497147  4.6844
-0.00276051  0.000487294  4.6389
-0.00270704  0.000478342  4.61393
-0.00261545  0.000468447  4.51588
-0.00256437  0.000461957  4.46876
-0.00249885  0.000451485  4.42728
-0.00241025  0.000442403  4.3179
-0.00234374  0.000431151  4.27632
-0.00227894  0.000425318  4.18261
-0.00219049  0.000416948  4.05445
-0.00210308  0.000407375  3.93514
-0.00202831  0.000399979  3.82097
-0.00196151  0.000393445  3.71464
-0.00183764  0.000384639  3.47764
-0.00175563  0.000377881  3.32282
-0.00165865  0.000371807  3.11627
-0.0015958  0.000366851  2.98705
-0.00147695  0.000360111  2.71291
-0.00136104  0.000352517  2.44256
-0.00126853  0.000347313  2.21279
-0.00117616  0.000340617  1.98511
-0.00100098  0.000333693  1.50131
-0.000912752  0.000331285  1.24591
-0.000785011  0.000325737  0.874971
-0.00062981  0.000322674  0.402294
-0.000511516  0.000319574  0.0360362
-0.000345669  0.000315782  -0.488727
-0.000180183  0.000314502  -1.0169
