-0.003971  0.00164852  2.10552
-0.00395341  0.00152053  2.27118
-0.00393357  0.00139488  2.46155
-0.00391322  0.00130092  2.6237
-0.00388848  0.00119801  2.82841
-0.00385655  0.00110854  3.0279
-0.00381787  0.00102307  3.24305
-0.00377579  0.000944013  3.47007
-0.003736  0.000877444  3.68799
-0.00368819  0.000814246  3.91551
-0.0036211  0.000749242  4.16568
-0.00357907  0.000705342  4.36536
-0.00350842  0.000656012  4.58593
-0.00344325  0.000620415  4.74401
-0.00336252  0.000592884  4.82812
-0.00328259  0.000571078  4.87253
-0.00321529  0.000560214  4.84688
-0.00315676  0.0005503  4.82785
-0.00310425  0.000539594  4.82631
-0.00303706  0.000529152  4.79458
-0.00297839  0.000518046  4.78412
-0.00290453  0.00050827  4.73081
-0.00285539  0.000497494  4.73451
-0.00279523  0.000488564  4.69791
-0.00271118  0.000477943  4.62645
-0.00264785  0.000467906  4.59035
-0.00257828  0.000459312  4.52477
-0.00248999  0.000449855  4.42363
-0.00241438  0.000440256  4.34832
-0.00234498  0.000431632  4.27442
-0.00226364  0.000423382  4.1656
-0.00219245  0.000414374  4.08437
-0.00209312  0.000404343  3.94001
-0.00200883  0.000397492  3.79588
-0.00191578  0.000389523  3.63465
-0.00181489  0.000381128  3.44999
-0.00172433  0.000372957  3.28275
-0.00162896  0.000366753  3.07827
-0.00151987  0.000359748  2.83496
-0.00144249  0.000354078  2.66181
-0.00130102  0.000347792  2.30314
-0.00120697  0.00034094  2.0736
-0.00108075  0.000334212  1.73768
-0.000954232  0.000329113  1.38017
-0.000838824  0.000325089  1.04225
-0.00070075  0.000319797  0.627744
-0.000560834  0.000315728  0.192679
-0.000423016  0.000312677  -0.246209
-0.000256481  0.000309494  -0.78683
-8.1501e-05  0.000308533  -1.35642
