-0.003971  0.00164852  2.10552
-0.00395364  0.00152255  2.26833
-0.00393578  0.0014104  2.43603
-0.00391789  0.00131289  2.60333
-0.00389111  0.00121175  2.79853
-0.00385932  0.00112003  2.99931
-0.00382335  0.00103266  3.21823
-0.0037776  0.000952664  3.44046
-0.00373442  0.000881477  3.66932
-0.00368424  0.000829801  3.83735
-0.00363318  0.00075853  4.1306
-0.00357012  0.000709247  4.32871
-0.00350411  0.000665365  4.51498
-0.00343807  0.000619999  4.73884
-0.00337424  0.000597006  4.81443
-0.0032819  0.000571758  4.86552
-0.00319625  0.000552647  4.8788
-0.00312683  0.000540829  4.85704
-0.00307764  0.000531667  4.84821
-0.0030165  0.000522232  4.81874
-0.00295792  0.000512076  4.79992
-0.00290091  0.000502834  4.77475
-0.00282435  0.00049248  4.7197
-0.00275996  0.000482323  4.68557
-0.00269342  0.000474406  4.62351
-0.00261479  0.000464771  4.55017
-0.00254069  0.000454145  4.49348
-0.00247854  0.000446273  4.43347
-0.00240731  0.0004371  4.36355
-0.00233679  0.000428716  4.28441
-0.0022507  0.000419391  4.17438
-0.00216004  0.000411314  4.03595
-0.00207894  0.000402874  3.91919
-0.00200441  0.000395232  3.80639
-0.00190343  0.000387058  3.6259
-0.0018123  0.000379644  3.45665
-0.00171432  0.000371968  3.26458
-0.00162608  0.000364875  3.0862
-0.00152881  0.000358059  2.8733
-0.00143399  0.00035173  2.65542
-0.0013034  0.000345094  2.32806
-0.00119612  0.000340172  2.04637
-0.0010961  0.000333924  1.78513
-0.000963369  0.000327546  1.41467
-0.000850183  0.000322681  1.08523
-0.000714467  0.000318554  0.673253
-0.000577952  0.000314408  0.247931
-0.000442564  0.000311266  -0.184525
-0.000282116  0.000308752  -0.705692
-0.00010113  0.000307466  -1.29728
