-0.00383656  0.00105429  3.16475
-0.0038161  0.00101205  3.27663
-0.00379882  0.000974776  3.38418
-0.00378585  0.000947912  3.46641
-0.00377525  0.00092883  3.52621
-0.00376196  0.000905935  3.60066
-0.0037509  0.00088582  3.66993
-0.00373799  0.000869994  3.72185
-0.00371364  0.000831705  3.86392
-0.00370071  0.000823864  3.885
-0.00368393  0.000796151  3.99915
-0.0036648  0.000771716  4.10099
-0.00365723  0.000761658  4.14521
-0.0036286  0.000734997  4.25662
-0.00361407  0.000722028  4.31295
-0.00358653  0.000696574  4.43102
-0.00356941  0.000686689  4.46987
-0.0035423  0.000679757  4.47557
-0.00351635  0.000655362  4.60257
-0.00350243  0.000648659  4.62868
-0.00348134  0.000636924  4.68085
-0.00348134  0.000636924  4.68085
-0.00348134  0.000636924  4.68085
-0.00337426  0.000615122  4.67267
-0.00335162  0.000600618  4.74781
-0.00325474  0.000586424  4.69752
-0.00317907  0.00057038  4.697
-0.0031062  0.000556792  4.68073
-0.00300676  0.000541408  4.63007
-0.00294446  0.0005273  4.63581
-0.00286127  0.000513704  4.59656
-0.00275848  0.000497871  4.53628
-0.00266393  0.000486199  4.45071
-0.00256871  0.00047336  4.37027
-0.00245175  0.000459991  4.24302
-0.00234646  0.000448836  4.11389
-0.00223911  0.000437017  3.97951
-0.00212237  0.000424333  3.82335
-0.00199949  0.000413443  3.62685
-0.00186084  0.00040354  3.37226
-0.00172572  0.00039343  3.11547
-0.00159786  0.000383267  2.86447
-0.00144909  0.000373901  2.53834
-0.00129759  0.000365753  2.18069
-0.0011302  0.000357659  1.76201
-0.000950397  0.000350272  1.28585
-0.000804556  0.000344074  0.885146
-0.000595197  0.000337904  0.281728
-0.000430304  0.00033465  -0.208266
-0.000147721  0.000332393  -1.05983
