-0.010865  0.0047755  2.17045
-0.0107795  0.00461498  2.22742
-0.0106912  0.00445483  2.28768
-0.0106024  0.00429816  2.35039
-0.0105101  0.0041436  2.41579
-0.010415  0.00399131  2.48414
-0.0103161  0.00383853  2.55725
-0.0102152  0.00369005  2.6328
-0.0101087  0.00354469  2.71072
-0.0100002  0.00339962  2.79449
-0.00988874  0.00325949  2.88043
-0.00977538  0.00312077  2.97215
-0.00965935  0.00298313  3.07038
-0.00954164  0.00284846  3.17422
-0.00942175  0.00271389  3.28744
-0.00929379  0.0025869  3.39936
-0.00916993  0.00245673  3.52905
-0.00903803  0.00232733  3.66859
-0.00890471  0.00220937  3.80412
-0.00876785  0.00208893  3.95795
-0.0086207  0.00197059  4.12095
-0.00847221  0.00186078  4.28434
-0.00831993  0.00175299  4.4609
-0.00815674  0.00164969  4.64132
-0.0080015  0.0015522  4.83281
-0.00781968  0.00145472  5.03167
-0.00764859  0.00136301  5.24471
-0.00746004  0.00128289  5.42529
-0.00727171  0.00120421  5.62338
-0.00706972  0.0011364  5.78115
-0.00684895  0.00107088  5.92874
-0.00662749  0.00101094  6.06117
-0.00640148  0.00095891  6.15436
-0.00618376  0.000908014  6.25955
-0.00595325  0.000862764  6.32067
-0.00569859  0.000819001  6.34748
-0.00557559  0.000800747  6.33857
-0.00544908  0.000784035  6.31232
-0.00529991  0.000766936  6.25856
-0.00516347  0.000750739  6.21184
-0.00499757  0.000735597  6.11417
-0.00482112  0.000719608  6.00482
-0.00466073  0.000706622  5.8882
-0.00443607  0.000692286  5.68562
-0.00422231  0.000680772  5.46778
-0.00399805  0.000671242  5.21131
-0.00375521  0.000660594  4.9277
-0.00345284  0.000652258  4.5271
-0.00313006  0.000645738  4.07296
-0.00277137  0.000643163  3.53156
