-0.010865  0.0047755  2.17045
-0.0107795  0.00461559  2.22712
-0.0106924  0.00445643  2.28713
-0.0106027  0.00429935  2.34981
-0.0105106  0.00414306  2.41624
-0.0104144  0.00398816  2.48595
-0.0103175  0.00383895  2.55734
-0.0102164  0.00369306  2.631
-0.0101119  0.003546  2.71062
-0.0100034  0.00340203  2.79345
-0.00989244  0.00326259  2.87883
-0.00977997  0.00312113  2.97328
-0.00966577  0.00298582  3.06977
-0.00954437  0.00285024  3.17319
-0.00942465  0.00271716  3.28455
-0.00930443  0.00258835  3.40156
-0.00917609  0.00245835  3.52924
-0.00904433  0.00233359  3.66146
-0.00890877  0.00220856  3.80735
-0.00877082  0.00209202  3.95351
-0.00862484  0.00197375  4.11645
-0.00847867  0.00186064  4.28813
-0.00832613  0.00175623  4.45621
-0.00816875  0.00164928  4.64975
-0.00800658  0.00154955  4.84436
-0.00783432  0.0014557  5.03836
-0.00765917  0.00136393  5.24891
-0.00747624  0.00127984  5.45087
-0.00728195  0.00120293  5.63785
-0.00707968  0.00113423  5.80101
-0.0068652  0.00107012  5.9481
-0.00664627  0.00101324  6.06598
-0.00642053  0.000958773  6.17512
-0.00619479  0.000909865  6.25894
-0.00596133  0.000864059  6.32055
-0.00571841  0.000821478  6.35247
-0.00559759  0.000803661  6.34295
-0.00546844  0.000786104  6.32033
-0.00533615  0.000769187  6.28736
-0.00518808  0.000752428  6.23061
-0.00503101  0.000737084  6.14722
-0.00485883  0.000722635  6.03186
-0.00467413  0.00070893  5.88793
-0.00447663  0.000695001  5.72176
-0.00428122  0.000683503  5.53212
-0.00404607  0.000671654  5.27961
-0.00380333  0.000662667  4.9849
-0.00351327  0.000653349  4.61204
-0.00322337  0.000647534  4.20575
-0.0028618  0.000643837  3.66831
