-0.00391783  0.00130788  2.61327
-0.00390856  0.00126264  2.69956
-0.00389861  0.00121875  2.78861
-0.00388267  0.00115856  2.91972
-0.00387438  0.00113213  2.98055
-0.00386223  0.00109951  3.05795
-0.00384598  0.00106564  3.13987
-0.00382089  0.00101283  3.27882
-0.00379808  0.000973639  3.38738
-0.00379808  0.000973639  3.38738
-0.00375632  0.000907284  3.58908
-0.00375526  0.000905695  3.59421
-0.00373595  0.000876446  3.69212
-0.00370066  0.000832637  3.844
-0.00368262  0.000813449  3.9125
-0.0036662  0.000774111  4.09011
-0.00364411  0.00075364  4.1719
-0.0036332  0.000745786  4.2012
-0.00360467  0.000725888  4.27707
-0.00355975  0.00070356  4.34896
-0.00355975  0.00070356  4.34896
-0.00349091  0.000699354  4.27668
-0.00347857  0.000677513  4.39633
-0.00343606  0.000625109  4.69687
-0.00341832  0.000616628  4.73271
-0.00331485  0.000600664  4.68623
-0.00325469  0.000587089  4.69212
-0.00318042  0.000576588  4.64877
-0.0030554  0.000554442  4.60895
-0.00297341  0.000539845  4.58171
-0.00292047  0.000523457  4.62401
-0.00282756  0.000513016  4.53701
-0.00275781  0.000498148  4.53241
-0.00265497  0.000484996  4.44328
-0.00255835  0.000472178  4.35927
-0.00244775  0.000459343  4.24028
-0.00233194  0.000447118  4.09723
-0.00226143  0.000439193  4.01061
-0.00209161  0.000426962  3.72776
-0.00192463  0.000420217  3.39023
-0.00186921  0.000401979  3.40618
-0.00173355  0.000391761  3.14873
-0.00159467  0.000384302  2.84846
-0.00148463  0.000378246  2.60316
-0.00129587  0.000365375  2.17821
-0.00113532  0.000357964  1.77482
-0.00100797  0.000352516  1.44098
-0.000852764  0.000346524  1.01801
-0.00072526  0.000341613  0.659402
-0.000426497  0.000334915  -0.219468
