-0.003971  0.00164852  2.10552
-0.0039518  0.00150958  2.2866
-0.0039518  0.00150958  2.2866
-0.00394065  0.00143718  2.39403
-0.00392788  0.00136168  2.51739
-0.00391799  0.00130871  2.61173
-0.00390373  0.00124074  2.74331
-0.00388836  0.00117862  2.87486
-0.00387028  0.00112075  3.00716
-0.00384967  0.00107325  3.12104
-0.00382575  0.00102201  3.25413
-0.00380382  0.000979906  3.37157
-0.00377561  0.000932875  3.51131
-0.0037439  0.000874409  3.70982
-0.0037245  0.000845516  3.81365
-0.00369223  0.000819783  3.89399
-0.00366566  0.000772037  4.1004
-0.00363078  0.000746863  4.1919
-0.00358877  0.000725345  4.25834
-0.00356947  0.00068523  4.47947
-0.00352629  0.000658656  4.59464
-0.00349517  0.000646061  4.63605
-0.00344434  0.000623308  4.72372
-0.00342475  0.000619019  4.72482
-0.00335386  0.000601237  4.74666
-0.00325573  0.000587028  4.69438
-0.00317525  0.000569974  4.69365
-0.00309812  0.000554755  4.68337
-0.0030213  0.000540701  4.66302
-0.00295866  0.000530429  4.63522
-0.00284685  0.000512167  4.58221
-0.00277202  0.000499782  4.54603
-0.00267993  0.000488722  4.46047
-0.00255571  0.000476645  4.31288
-0.00246131  0.000460905  4.25535
-0.00237922  0.000451839  4.15904
-0.00224169  0.000436759  3.98775
-0.00213864  0.000425785  3.84851
-0.00198453  0.00041336  3.59137
-0.00188798  0.000403676  3.43834
-0.00164482  0.000386188  2.96441
-0.00163782  0.000385866  2.94875
-0.00139639  0.000370711  2.41803
-0.00127645  0.00036511  2.12662
-0.00106553  0.000355369  1.5914
-0.000901157  0.000348132  1.15231
-0.000885023  0.000347452  1.10813
-0.000749029  0.000342217  0.727693
-0.000749029  0.000342217  0.727693
-5.71236e-05  0.000332398  -1.33237
