-0.003971  0.00164852  2.10552
-0.00395799  0.00155243  2.22747
-0.00394741  0.00151627  2.27362
-0.00392132  0.0013784  2.4821
-0.00392132  0.0013784  2.4821
-0.0039054  0.00131745  2.58484
-0.00389215  0.00127191  2.66697
-0.00386827  0.00117703  2.86167
-0.0038663  0.00110964  3.03369
-0.00385827  0.00109114  3.07778
-0.00382546  0.00102149  3.2555
-0.00381509  0.00100078  3.31252
-0.00377253  0.000947574  3.45359
-0.00374924  0.000914712  3.55219
-0.00372681  0.000848639  3.80233
-0.00369335  0.000807301  3.95558
-0.00366353  0.000770654  4.105
-0.00362797  0.000739607  4.22923
-0.00358834  0.0007209  4.28401
-0.00356905  0.000683295  4.49155
-0.00353645  0.000677644  4.48089
-0.00348885  0.00064344  4.64511
-0.0034448  0.000625016  4.71156
-0.00339405  0.000614629  4.70861
-0.0033507  0.000600484  4.74734
-0.00322936  0.000581149  4.69649
-0.00316821  0.00056974  4.68321
-0.00308786  0.000558582  4.63292
-0.00301723  0.000541495  4.64866
-0.00292017  0.000529557  4.57017
-0.00283914  0.00051471  4.54457
-0.00276949  0.000499613  4.54249
-0.00267072  0.000486611  4.46091
-0.00255878  0.000474092  4.34257
-0.00247193  0.000462434  4.26424
-0.00235306  0.000449175  4.12547
-0.00219217  0.000433372  3.90467
-0.00209844  0.000425035  3.76072
-0.00200538  0.000413468  3.64085
-0.00192568  0.000406809  3.50455
-0.00173354  0.000394097  3.13004
-0.00152551  0.000378805  2.70723
-0.00143051  0.000377145  2.46725
-0.00129381  0.000365831  2.16989
-0.0011509  0.000358741  1.81439
-0.000985591  0.000351477  1.38157
-0.000809291  0.000346921  0.891533
-0.000437548  0.00033716  -0.185231
-0.000411868  0.000334615  -0.263382
-8.87436e-05  0.000332425  -1.23714
