-0.003971  0.00164852  2.10552
-0.00395395  0.00152442  2.26575
-0.00393186  0.00140228  2.44734
-0.00390983  0.00130201  2.61889
-0.00388251  0.00118151  2.86287
-0.00385417  0.00108739  3.08461
-0.00380784  0.00100432  3.2936
-0.00376243  0.000929965  3.50812
-0.00371602  0.000851417  3.77726
-0.00365336  0.000780663  4.03934
-0.00359783  0.000714838  4.33361
-0.00352702  0.000674765  4.48603
-0.00346723  0.000629598  4.71289
-0.00338715  0.000598911  4.82066
-0.00329167  0.000575212  4.85329
-0.00320275  0.00055344  4.88354
-0.003151  0.000543125  4.88101
-0.00308757  0.000533432  4.8508
-0.00303013  0.000522643  4.84103
-0.00296641  0.000513936  4.79907
-0.00290513  0.000503824  4.77376
-0.00284549  0.000494257  4.74549
-0.00277617  0.000485147  4.69172
-0.00271211  0.000475819  4.64907
-0.00264725  0.000466217  4.6057
-0.00257484  0.000456634  4.54378
-0.00250928  0.000448119  4.4838
-0.00243733  0.000439463  4.40841
-0.00235868  0.000430819  4.31429
-0.00228449  0.000422473  4.22391
-0.00220836  0.000414026  4.12621
-0.00211986  0.000405185  3.99783
-0.00203646  0.000397462  3.86567
-0.00196099  0.000389975  3.74636
-0.00187102  0.000382572  3.5837
-0.00178293  0.000375375  3.41773
-0.00167426  0.000367501  3.19526
-0.00158501  0.000360966  3.00584
-0.00148249  0.000353735  2.77746
-0.00137994  0.000348517  2.52482
-0.00128655  0.000342104  2.29915
-0.00115183  0.000336855  1.93505
-0.00104057  0.000330826  1.634
-0.000926343  0.000325642  1.30924
-0.000803516  0.000321055  0.945372
-0.000674678  0.000317006  0.551023
-0.00053709  0.000313234  0.118411
-0.00038735  0.000310328  -0.363004
-0.000223015  0.000308484  -0.897892
-4.20203e-05  0.000307511  -1.48931
