-0.003971  0.00164852  2.10552
-0.0039552  0.00153288  2.25406
-0.0039387  0.00142729  2.40925
-0.0039176  0.00131649  2.596
-0.00389409  0.00121421  2.79531
-0.00386499  0.00111871  3.00791
-0.00383205  0.00105082  3.1709
-0.00379412  0.000980405  3.35996
-0.00374379  0.000884414  3.66773
-0.00370107  0.000834682  3.83508
-0.00364531  0.000765256  4.11014
-0.00358738  0.00070408  4.38499
-0.00354505  0.000684424  4.44907
-0.0034686  0.000636675  4.66266
-0.00342824  0.000617037  4.74564
-0.00332644  0.000581766  4.85839
-0.00325243  0.000565575  4.86661
-0.0031852  0.000554176  4.84538
-0.00313794  0.000543712  4.85172
-0.00306647  0.000532437  4.82024
-0.00301968  0.000524816  4.80107
-0.00294354  0.000513363  4.75986
-0.00284705  0.000501167  4.68318
-0.00280943  0.000492256  4.69152
-0.00273028  0.000482469  4.62265
-0.00264657  0.000470173  4.56548
-0.00259253  0.000462618  4.52323
-0.00253049  0.000453551  4.47687
-0.00240937  0.000439054  4.34884
-0.00234135  0.000432535  4.2571
-0.00227643  0.000424735  4.18244
-0.00220436  0.000415622  4.10075
-0.00207511  0.000404949  3.88966
-0.00203164  0.000400878  3.8207
-0.0019261  0.000392821  3.63041
-0.00184559  0.000384354  3.50091
-0.00173956  0.000374735  3.30783
-0.00163717  0.000367377  3.09536
-0.00154135  0.00036017  2.89128
-0.00142019  0.000354978  2.59225
-0.00130396  0.000345536  2.32669
-0.00121482  0.000340509  2.09927
-0.00110255  0.000333747  1.8054
-0.00100754  0.000329687  1.53947
-0.000838037  0.000323221  1.04584
-0.000711051  0.000318666  0.662295
-0.000568903  0.000314411  0.219149
-0.000418657  0.000311202  -0.261384
-0.000256746  0.000308142  -0.789421
-8.68437e-05  0.000306955  -1.34598
