-0.003971  0.00164852  2.10552
-0.00394927  0.00153071  2.25338
-0.00392858  0.00140789  2.43526
-0.00390163  0.00129182  2.63321
-0.00387428  0.00119562  2.82221
-0.00384081  0.00110967  3.01064
-0.00379785  0.00101947  3.23487
-0.00375441  0.000921754  3.53068
-0.0037029  0.00085059  3.76551
-0.00364083  0.000791986  3.96576
-0.00360312  0.000734425  4.22523
-0.00351623  0.000688876  4.37848
-0.00345108  0.000639352  4.61573
-0.00337504  0.000606238  4.74243
-0.0033021  0.00058232  4.81195
-0.00319819  0.000557294  4.84159
-0.0031394  0.000547474  4.82106
-0.00307252  0.000536972  4.79079
-0.00302593  0.000526979  4.79323
-0.00296393  0.000517396  4.76218
-0.00289513  0.000505799  4.73534
-0.00284666  0.000499415  4.69882
-0.00276893  0.000488442  4.64524
-0.00269657  0.000479546  4.58052
-0.00263403  0.000468767  4.55243
-0.00257595  0.000460794  4.50517
-0.0025138  0.000451797  4.45732
-0.00242212  0.000442789  4.34094
-0.00235734  0.000432721  4.29223
-0.00227711  0.000424347  4.18787
-0.00219906  0.000416888  4.07557
-0.00212057  0.000407109  3.98069
-0.00204228  0.000399941  3.85626
-0.00195197  0.000392913  3.69541
-0.00186474  0.000384746  3.54711
-0.00177908  0.000377485  3.38842
-0.00167603  0.000369177  3.18555
-0.00158433  0.000362385  2.99219
-0.00148806  0.000355481  2.77949
-0.00138343  0.000348963  2.53159
-0.00128258  0.000343589  2.27765
-0.00115939  0.000336472  1.95973
-0.00106352  0.00033229  1.69587
-0.000959591  0.000327363  1.40392
-0.000795436  0.000322235  0.916835
-0.000657617  0.000317963  0.495708
-0.000536388  0.000315108  0.115477
-0.000387136  0.000311514  -0.362309
-0.000222864  0.000309434  -0.895622
-3.72064e-05  0.000308934  -1.49803
