-0.010865  0.0047755  2.17045
-0.010779  0.00461512  2.22724
-0.0106918  0.00445521  2.28761
-0.0106031  0.00430139  2.34879
-0.0105108  0.00414633  2.41439
-0.0104161  0.00399214  2.48391
-0.0103193  0.00384071  2.55664
-0.0102189  0.00369597  2.62958
-0.010116  0.00355341  2.70615
-0.0100096  0.00341051  2.78832
-0.00989434  0.00326928  2.87352
-0.00978284  0.00312894  2.96677
-0.00966872  0.00299201  3.0644
-0.00955398  0.0028583  3.16761
-0.0094356  0.00272768  3.27589
-0.00931096  0.00259596  3.39411
-0.0091847  0.00246791  3.51905
-0.00905784  0.00234432  3.65045
-0.00892454  0.00222241  3.79072
-0.00878462  0.00210277  3.93986
-0.00863778  0.00198327  4.10322
-0.00849117  0.00187213  4.2685
-0.00833878  0.00176502  4.44119
-0.00817854  0.00165797  4.6313
-0.00802252  0.00155895  4.82537
-0.00785578  0.0014682  5.01008
-0.00767342  0.00137535  5.21572
-0.00750175  0.00129337  5.41357
-0.00731371  0.00121442  5.61068
-0.00710762  0.00114154  5.78834
-0.00689583  0.00107942  5.92526
-0.00667863  0.00102338  6.03746
-0.00645745  0.000967664  6.15653
-0.00622501  0.000917794  6.2378
-0.0059991  0.000872014  6.3062
-0.00575805  0.00082897  6.34287
-0.0056323  0.000809891  6.33702
-0.00549517  0.000790977  6.31519
-0.0053427  0.000773407  6.26151
-0.00520019  0.000757892  6.20167
-0.00504239  0.000740991  6.13015
-0.00487143  0.000725719  6.02359
-0.0046857  0.000712009  5.87872
-0.0044782  0.000696616  5.71075
-0.00425017  0.000683233  5.48886
-0.00400346  0.000671651  5.21619
-0.00377331  0.000662214  4.94298
-0.00347985  0.000652899  4.56403
-0.00316389  0.000646229  4.12221
-0.00279407  0.000643151  3.56692
