-0.00329208  0.00058306  4.78867
-0.00308011  0.000537954  4.79614
-0.00303412  0.00053134  4.7693
-0.00299099  0.000524464  4.74959
-0.00295175  0.000516767  4.7444
-0.00290568  0.000510727  4.7103
-0.00287172  0.00050426  4.70337
-0.00283146  0.000495743  4.70297
-0.00278219  0.000491542  4.64293
-0.00273941  0.000484621  4.62096
-0.00270169  0.000478957  4.59684
-0.00264353  0.000470031  4.5604
-0.00261125  0.000464861  4.54169
-0.00257061  0.000459999  4.50133
-0.0025118  0.000452047  4.45043
-0.00247248  0.000446657  4.4161
-0.00241354  0.000439839  4.35054
-0.00237508  0.000434265  4.31782
-0.0023138  0.000428651  4.23142
-0.00226388  0.000423099  4.16896
-0.00221007  0.000415934  4.11139
-0.0021659  0.000411541  4.04796
-0.00211886  0.000405602  3.99125
-0.00204572  0.000399148  3.87255
-0.00199597  0.000393983  3.79705
-0.0019367  0.000388886  3.6944
-0.00187228  0.000383077  3.58225
-0.00182078  0.000379275  3.48239
-0.00176162  0.000374109  3.37232
-0.00168701  0.00036888  3.21787
-0.00162696  0.000364306  3.09346
-0.00154949  0.000358822  2.92482
-0.00149567  0.00035527  2.80256
-0.00141977  0.000350924  2.621
-0.0013503  0.000346663  2.45282
-0.00128195  0.000342579  2.28254
-0.00119108  0.000338185  2.04351
-0.00112179  0.000334753  1.85745
-0.00104685  0.000331502  1.64962
-0.000952044  0.000327425  1.3806
-0.000870249  0.000324843  1.13978
-0.000787437  0.00032125  0.894744
-0.00069135  0.000318222  0.60131
-0.000608727  0.000315645  0.344461
-0.000517132  0.000313352  0.0546736
-0.000405698  0.000311345  -0.302885
-0.000298888  0.000309477  -0.649845
-0.000203278  0.000308311  -0.96241
-7.04426e-05  0.000307624  -1.39637
-7.04426e-05  0.000307624  -1.39637
