-0.010865  0.0047755  2.17045
-0.0107786  0.00461381  2.22778
-0.0106906  0.00445667  2.28659
-0.0106002  0.00429709  2.35047
-0.0105071  0.00414089  2.41665
-0.0104113  0.00398947  2.48436
-0.0103138  0.00383668  2.55788
-0.0102129  0.00368761  2.63393
-0.0101059  0.00354182  2.71215
-0.00999785  0.00340015  2.79337
-0.00988563  0.00325698  2.8817
-0.00977381  0.0031181  2.97419
-0.0096566  0.00298076  3.0719
-0.00953896  0.00284519  3.17692
-0.00941688  0.00270998  3.29039
-0.00929231  0.00257866  3.40964
-0.00916582  0.00244992  3.53719
-0.00903477  0.00232433  3.67192
-0.00889945  0.00220036  3.81731
-0.00875957  0.0020816  3.96789
-0.00861464  0.00196501  4.12957
-0.00846662  0.0018537  4.29768
-0.00831111  0.00174516  4.47587
-0.00814757  0.00164048  4.66178
-0.00798615  0.00154091  4.85827
-0.0078162  0.00144411  5.06624
-0.00763513  0.00135387  5.27016
-0.00744907  0.00127074  5.46854
-0.00725437  0.0011933  5.66027
-0.0070503  0.00112617  5.81643
-0.00683396  0.00106247  5.96153
-0.00661067  0.00100398  6.08643
-0.00639225  0.00095177  6.19084
-0.00615546  0.000900552  6.28
-0.00591969  0.000855831  6.33266
-0.00567327  0.000814548  6.35109
-0.00555167  0.000797057  6.3379
-0.0054255  0.000779572  6.31822
-0.00528621  0.000763448  6.26921
-0.00513255  0.000748184  6.19172
-0.00497933  0.000732564  6.11459
-0.00480614  0.000717681  6.00007
-0.00462227  0.000704923  5.84783
-0.00441948  0.000692682  5.6584
-0.00421313  0.000680619  5.45552
-0.00399148  0.000670098  5.21041
-0.00373494  0.000659873  4.90237
-0.00344109  0.000652029  4.51067
-0.00314143  0.000645992  4.08895
-0.00278191  0.00064307  3.54846
