-0.003971  0.00164852  2.10552
-0.00395273  0.0015269  2.26127
-0.00393411  0.00141105  2.43372
-0.00390954  0.0012864  2.65045
-0.00388697  0.00119154  2.84251
-0.00384458  0.00109019  3.06788
-0.00379843  0.00102295  3.22441
-0.0037553  0.000934271  3.48432
-0.00371127  0.000872819  3.6792
-0.00365747  0.000792267  3.98537
-0.0036039  0.000738983  4.20023
-0.00354049  0.00068207  4.45774
-0.00346978  0.000637682  4.65714
-0.00340876  0.000609962  4.76876
-0.00334462  0.000590306  4.8189
-0.00322015  0.000559623  4.86067
-0.00315672  0.000549637  4.83359
-0.00309017  0.000538656  4.80859
-0.00303876  0.000527472  4.81307
-0.00298671  0.000519459  4.78712
-0.00292193  0.000509292  4.75548
-0.00285124  0.00050036  4.69909
-0.00279004  0.000488801  4.68501
-0.00272767  0.000480726  4.63396
-0.00266454  0.000470744  4.59812
-0.00259438  0.000461683  4.5364
-0.00252378  0.000453206  4.46549
-0.00245855  0.000444233  4.40883
-0.00239847  0.000434977  4.36453
-0.00229957  0.000424674  4.23752
-0.00221249  0.000415334  4.12315
-0.00213411  0.000409344  3.99202
-0.00206502  0.000401631  3.89665
-0.0019878  0.000393176  3.78406
-0.00187572  0.000383589  3.58643
-0.0018112  0.000377837  3.47028
-0.00169758  0.00036879  3.24732
-0.00160967  0.000362704  3.05943
-0.00150878  0.00035593  2.8342
-0.00142161  0.000350398  2.63017
-0.00129818  0.000344276  2.31844
-0.00118654  0.000337458  2.03445
-0.00108958  0.000332518  1.77308
-0.000953875  0.000326452  1.39033
-0.000828487  0.000321668  1.0212
-0.000704695  0.000317796  0.644109
-0.000560461  0.000313803  0.192673
-0.000436553  0.000311208  -0.203875
-0.000284143  0.000309026  -0.698507
-0.000133016  0.000307821  -1.1922
