-0.010865  0.0047755  2.17045
-0.0107792  0.00461492  2.22739
-0.0106916  0.00445826  2.286
-0.0106015  0.00430077  2.34876
-0.0105105  0.00414615  2.41442
-0.0104153  0.00399169  2.48399
-0.0103184  0.00384381  2.55435
-0.0102186  0.00369574  2.62967
-0.0101123  0.00355197  2.70618
-0.0100053  0.0034101  2.78741
-0.00989618  0.00326892  2.8744
-0.0097808  0.00312891  2.96615
-0.00966864  0.00299087  3.06554
-0.00954881  0.00285646  3.16784
-0.00943184  0.00272582  3.27676
-0.00930475  0.00259257  3.39615
-0.00918106  0.0024665  3.51959
-0.00904992  0.00233864  3.65594
-0.00891642  0.00221541  3.79903
-0.00877922  0.00209721  3.94773
-0.0086372  0.00198278  4.10394
-0.00849006  0.00187042  4.27181
-0.00833931  0.0017671  4.43625
-0.00817786  0.00166069  4.6233
-0.008018  0.00156169  4.81401
-0.00784704  0.00146621  5.01091
-0.00767645  0.00137759  5.20942
-0.00748887  0.00129039  5.41609
-0.00729789  0.00121324  5.60307
-0.00709488  0.00114208  5.77445
-0.00689085  0.00108221  5.90539
-0.00666475  0.00102449  6.01739
-0.00646086  0.000970199  6.14396
-0.00621955  0.000915348  6.24851
-0.00599982  0.000872397  6.30426
-0.00575132  0.000827855  6.34328
-0.00562486  0.000809628  6.3299
-0.00549762  0.0007909  6.3189
-0.00536288  0.000773844  6.28406
-0.00521415  0.000756912  6.22814
-0.00505811  0.000740827  6.15273
-0.00488885  0.000725005  6.05354
-0.00470165  0.000711766  5.90314
-0.00450292  0.000697803  5.73647
-0.0042842  0.000685134  5.5233
-0.00403299  0.000674222  5.2401
-0.00378301  0.000663591  4.94734
-0.00352527  0.000655902  4.61238
-0.00321678  0.00064914  4.18519
-0.00283172  0.000645558  3.61194
