-0.010865  0.0047755  2.17045
-0.0107784  0.00461508  2.22714
-0.0106889  0.00445442  2.28736
-0.0105999  0.00429686  2.35052
-0.0105067  0.00414086  2.41657
-0.0104098  0.00398959  2.48392
-0.0103126  0.00383668  2.55757
-0.0102098  0.00368488  2.63503
-0.0101038  0.00353844  2.71412
-0.00999685  0.00339946  2.79363
-0.00988814  0.0032596  2.88016
-0.00976757  0.00312037  2.97002
-0.00965739  0.00298419  3.06864
-0.00953836  0.00284492  3.17701
-0.00941199  0.00270413  3.2957
-0.00928992  0.00257995  3.40701
-0.00916016  0.00244851  3.53691
-0.00903215  0.00232068  3.67657
-0.00889754  0.0022005  3.81621
-0.00875957  0.0020816  3.96789
-0.00861174  0.00196239  4.1336
-0.00846323  0.00185267  4.29825
-0.00830531  0.00174252  4.47932
-0.00814752  0.00164048  4.66177
-0.00798386  0.00154084  4.85701
-0.0078162  0.00144411  5.06624
-0.00763286  0.0013553  5.26292
-0.00744849  0.00127064  5.46847
-0.00724834  0.00119277  5.65771
-0.00706863  0.00113013  5.81227
-0.00682061  0.00106079  5.9584
-0.00661067  0.00100398  6.08643
-0.00637953  0.000950733  6.1842
-0.00615733  0.000902501  6.26851
-0.00591969  0.000855831  6.33266
-0.00567327  0.000814548  6.35109
-0.00552931  0.000796831  6.31165
-0.00541563  0.000778549  6.31383
-0.00527322  0.000762975  6.25606
-0.00512101  0.000747396  6.18282
-0.00497365  0.000732144  6.11035
-0.00479887  0.000717887  5.98822
-0.00461594  0.000704483  5.8425
-0.00440501  0.000692362  5.64013
-0.00420115  0.000680115  5.44195
-0.00395253  0.000669149  5.15959
-0.00370929  0.000660333  4.8601
-0.00347978  0.000652674  4.56549
-0.00314046  0.000646418  4.08476
-0.00275841  0.000643147  3.51149
