-0.010865  0.0047755  2.17045
-0.0107816  0.0046183  2.22627
-0.0106967  0.00446474  2.28383
-0.0106085  0.00431032  2.34518
-0.0105185  0.00415811  2.40938
-0.010427  0.00400895  2.47621
-0.01033  0.00385895  2.54732
-0.010232  0.00371432  2.62014
-0.0101316  0.00357263  2.69593
-0.0100242  0.00343131  2.77569
-0.00991782  0.00329428  2.85884
-0.00980897  0.00315766  2.94806
-0.00969506  0.00302307  3.04163
-0.00958261  0.00289085  3.14185
-0.00946294  0.00276028  3.24711
-0.00934882  0.00263533  3.35777
-0.00922141  0.00250704  3.47877
-0.0090952  0.0023812  3.6096
-0.00896569  0.00225999  3.7459
-0.00882976  0.00214415  3.88487
-0.00869382  0.00202989  4.03658
-0.00854472  0.00191641  4.1978
-0.00839801  0.00180769  4.36912
-0.00825015  0.00170736  4.53927
-0.00808732  0.00160683  4.72191
-0.00792826  0.00150882  4.92322
-0.00775992  0.00141983  5.11322
-0.00758772  0.00133133  5.32379
-0.00739894  0.0012499  5.5196
-0.0071999  0.00117785  5.68823
-0.00700797  0.00111355  5.84437
-0.0067889  0.00105659  5.9521
-0.00657936  0.00099843  6.08892
-0.00636225  0.000946319  6.19479
-0.00613246  0.000897364  6.27668
-0.00589715  0.00085258  6.33038
-0.00566271  0.000812942  6.35065
-0.00552556  0.00079471  6.32376
-0.00539322  0.000776674  6.30023
-0.00524097  0.000759709  6.2405
-0.00505254  0.000740238  6.1501
-0.00490465  0.000727105  6.05779
-0.0047192  0.000712252  5.92374
-0.00448939  0.000696406  5.72853
-0.0042662  0.000686645  5.48493
-0.00408125  0.000674074  5.31284
-0.00383572  0.000663622  5.02654
-0.00347395  0.000653385  4.5516
-0.00325343  0.000647774  4.2506
-0.00276333  0.000643192  3.51891
