-0.003971  0.00164852  2.10552
-0.00395485  0.00153073  2.257
-0.00393627  0.00141615  2.42649
-0.00391284  0.00129083  2.6439
-0.00388934  0.00119371  2.83933
-0.00385751  0.00110162  3.04779
-0.00381806  0.0010309  3.2186
-0.00376686  0.000951484  3.43343
-0.00372711  0.00086974  3.71043
-0.00367102  0.000805573  3.93635
-0.0036199  0.000746725  4.17811
-0.00357895  0.00070158  4.38859
-0.00349619  0.000647312  4.62867
-0.003422  0.000615631  4.74636
-0.00334775  0.000586743  4.85348
-0.00326616  0.000566991  4.87867
-0.0032084  0.00055649  4.86694
-0.00314742  0.000544504  4.86208
-0.00309171  0.000533887  4.85441
-0.00302646  0.000524523  4.81668
-0.0029657  0.000514464  4.79275
-0.00290533  0.000504631  4.76652
-0.00284236  0.000495093  4.73115
-0.0027791  0.000485655  4.69285
-0.00271235  0.00047548  4.65288
-0.00263997  0.000466059  4.59163
-0.00256633  0.000455693  4.53448
-0.00249915  0.000448223  4.46018
-0.00241352  0.000436134  4.38746
-0.00234587  0.000428458  4.30818
-0.00227093  0.000419783  4.21869
-0.00217273  0.000410626  4.07361
-0.00209585  0.000403322  3.95678
-0.00200925  0.00039522  3.81875
-0.00191669  0.000386231  3.66798
-0.00183103  0.000380438  3.49868
-0.00172955  0.000371521  3.3095
-0.0016256  0.000363518  3.0964
-0.00155006  0.000358418  2.9297
-0.00144024  0.000351551  2.67456
-0.00132252  0.000344985  2.38421
-0.0012098  0.000338716  2.09557
-0.00109637  0.000332989  1.79097
-0.000968932  0.000329065  1.42504
-0.00086805  0.000323803  1.13665
-0.000703504  0.000318182  0.639583
-0.000593464  0.000314861  0.296843
-0.000431355  0.000311747  -0.220195
-0.000284186  0.000309363  -0.697608
-9.63924e-05  0.00030794  -1.31067
