-0.010865  0.0047755  2.17045
-0.0107798  0.00461518  2.2274
-0.0106919  0.00445666  2.2869
-0.0106034  0.00430007  2.34958
-0.0105105  0.00414536  2.41488
-0.0104166  0.00399194  2.48416
-0.010318  0.00384012  2.55668
-0.0102181  0.00369106  2.63287
-0.0101132  0.00354661  2.71054
-0.0100065  0.00340478  2.7921
-0.00989339  0.00326271  2.87901
-0.00977905  0.00312115  2.97296
-0.00966561  0.00298713  3.06837
-0.00955122  0.00285325  3.17225
-0.00943121  0.00272047  3.28296
-0.0093049  0.00258851  3.40153
-0.00917825  0.00245943  3.52856
-0.00904931  0.00233515  3.66114
-0.00891524  0.00221416  3.80065
-0.00877541  0.00209563  3.94888
-0.00863253  0.00197721  4.11313
-0.00848674  0.0018668  4.27831
-0.0083331  0.0017592  4.45265
-0.00817142  0.00165559  4.63365
-0.00801036  0.0015578  4.82112
-0.00784351  0.00145978  5.03056
-0.00766644  0.00136836  5.23726
-0.00748153  0.00128418  5.43657
-0.00728817  0.00120544  5.63129
-0.00708788  0.00113695  5.79433
-0.00687333  0.00107485  5.92954
-0.00665879  0.00101763  6.05207
-0.006432  0.000961691  6.1683
-0.00620933  0.000912455  6.25711
-0.00598186  0.000866945  6.32319
-0.00573473  0.000824382  6.34989
-0.0056097  0.000805834  6.34088
-0.00548613  0.000788438  6.32407
-0.00534839  0.000770657  6.29123
-0.00519709  0.000753593  6.23293
-0.00504029  0.000737545  6.15595
-0.00488985  0.000723458  6.06786
-0.00468884  0.000708895  5.90897
-0.00449341  0.000694588  5.74932
-0.00429053  0.000683126  5.5488
-0.00403095  0.000670701  5.26457
-0.00379056  0.000661137  4.97713
-0.00356076  0.000655679  4.66807
-0.00319963  0.000647416  4.16986
-0.00276343  0.000644266  3.5132
