-0.00390994  0.00129641  2.63029
-0.00382986  0.00114614  2.90528
-0.00380354  0.00106961  3.08854
-0.00375541  0.00100648  3.23444
-0.00371436  0.000923403  3.481
-0.00363774  0.000820282  3.8252
-0.00359378  0.000786199  3.93511
-0.00355425  0.00072913  4.1889
-0.00343905  0.000668694  4.39521
-0.00338222  0.000624833  4.61278
-0.00326532  0.000584503  4.73106
-0.00316632  0.000558173  4.77686
-0.00309934  0.000547251  4.74982
-0.00306326  0.000539438  4.75173
-0.00302936  0.000530773  4.76544
-0.00295854  0.000523298  4.69817
-0.0029003  0.000512417  4.68428
-0.00284248  0.000502872  4.6582
-0.00277944  0.000493177  4.62195
-0.00273937  0.000485761  4.61003
-0.00267373  0.000478795  4.54
-0.00261563  0.000471032  4.49148
-0.00254899  0.000464055  4.41539
-0.0024833  0.000455841  4.35087
-0.00245733  0.000448067  4.36837
-0.00237715  0.000439722  4.26895
-0.00231723  0.000430146  4.22468
-0.00226263  0.000423165  4.16534
-0.00216347  0.000417241  3.98684
-0.00209609  0.000409742  3.89536
-0.00203577  0.000402634  3.8143
-0.0019337  0.000394852  3.63099
-0.00183965  0.000387537  3.45684
-0.00177649  0.000379691  3.3619
-0.00170238  0.000374388  3.2116
-0.00160093  0.000367695  2.99415
-0.00151706  0.000364468  2.79054
-0.00144176  0.000356881  2.63888
-0.00132965  0.000349774  2.37195
-0.00124906  0.000346225  2.1635
-0.00118172  0.000340708  2.00089
-0.00105585  0.000334975  1.65939
-0.00094535  0.000329823  1.35027
-0.000843505  0.000326083  1.05343
-0.000727784  0.000322826  0.705594
-0.000573691  0.00031919  0.230868
-0.000525108  0.000317152  0.0791666
-0.000367489  0.00031447  -0.421377
-0.0001915  0.000313082  -0.985363
-1.63957e-06  0.000312057  -1.59702
