-0.003971  0.00164852  2.10552
-0.00395437  0.00152716  2.26195
-0.00393548  0.00141003  2.43647
-0.00391579  0.00129759  2.6324
-0.00389024  0.00118723  2.85558
-0.00385389  0.00108477  3.09181
-0.00381769  0.00100618  3.29733
-0.00377193  0.000937805  3.48893
-0.00372303  0.000852169  3.78215
-0.00366951  0.000787694  4.02378
-0.0036155  0.000723385  4.30684
-0.00354729  0.000669977  4.54835
-0.00347337  0.000634006  4.68982
-0.00340802  0.000604424  4.81124
-0.00331498  0.000582096  4.83594
-0.00323345  0.000560971  4.8727
-0.00317303  0.000549032  4.86864
-0.00310648  0.00053906  4.83524
-0.00305838  0.00052972  4.82969
-0.00297371  0.00051868  4.76923
-0.00292652  0.000508721  4.76984
-0.00286977  0.000500691  4.733
-0.00280386  0.000491649  4.68599
-0.00274042  0.000481567  4.65235
-0.00268048  0.000471914  4.6205
-0.00260574  0.000461491  4.5629
-0.00253408  0.00045155  4.50465
-0.00246812  0.00044324  4.4403
-0.00237728  0.000434157  4.32397
-0.00229862  0.000425589  4.2262
-0.00222713  0.000417806  4.13381
-0.00216957  0.000410668  4.06549
-0.00207116  0.000401449  3.91371
-0.00197027  0.000393413  3.73722
-0.00188684  0.000385864  3.59412
-0.00179879  0.000378162  3.4345
-0.00170951  0.000371486  3.25588
-0.00159908  0.000363773  3.02135
-0.00149743  0.000357352  2.79118
-0.00138507  0.000349828  2.53001
-0.00129734  0.000344813  2.31238
-0.00117809  0.000338733  2.00184
-0.00109922  0.000334378  1.79205
-0.000932198  0.000328348  1.31628
-0.000812047  0.000323915  0.963358
-0.000668428  0.000319818  0.526636
-0.000540197  0.000316336  0.127069
-0.000399618  0.000312768  -0.320948
-0.000244852  0.000309761  -0.823692
-4.84087e-05  0.000309039  -1.46128
