-0.003971  0.00164852  2.10552
-0.00395433  0.00152687  2.26237
-0.00393491  0.00140224  2.4496
-0.00390518  0.00127622  2.66817
-0.00388428  0.0011838  2.85883
-0.00385567  0.00109079  3.07637
-0.00381169  0.00100727  3.28779
-0.00376348  0.000931776  3.50242
-0.0036933  0.00082082  3.89038
-0.00367587  0.000802564  3.95715
-0.00361859  0.000732299  4.25862
-0.00354919  0.000671332  4.542
-0.00348255  0.000646974  4.61
-0.00341041  0.000608995  4.77903
-0.00328156  0.000573998  4.84595
-0.00318977  0.000565607  4.75555
-0.00310134  0.000554635  4.69019
-0.00307255  0.000541717  4.74888
-0.00300253  0.000525617  4.76113
-0.00297419  0.000524707  4.71538
-0.00292676  0.000516624  4.69734
-0.00285796  0.000509542  4.6276
-0.00277088  0.00049348  4.60176
-0.00275423  0.000485915  4.63915
-0.00265316  0.000474927  4.53367
-0.00255032  0.00046048  4.45258
-0.00249726  0.000452534  4.41349
-0.00243019  0.00044551  4.33253
-0.00233468  0.000433313  4.23408
-0.00229224  0.000428688  4.18076
-0.00218901  0.000418498  4.03588
-0.00215317  0.000415232  3.98133
-0.00208866  0.000408555  3.88849
-0.0020158  0.000400852  3.78144
-0.0018545  0.000387066  3.4994
-0.00184431  0.000386439  3.47871
-0.00173256  0.00037672  3.27182
-0.00158526  0.000367619  2.95213
-0.00151874  0.000362608  2.80948
-0.00142599  0.000355232  2.60671
-0.00132586  0.000349293  2.36437
-0.00120837  0.000344191  2.05807
-0.00106331  0.000337438  1.66938
-0.000951814  0.000330795  1.36584
-0.000814264  0.000328127  0.957749
-0.000673065  0.000323788  0.5345
-0.000553414  0.000318341  0.167789
-0.000489643  0.000316907  -0.0326806
-0.000250761  0.000314037  -0.793662
-4.3009e-05  0.000313329  -1.4585
