-0.003971  0.00164852  2.10552
-0.00395131  0.00152686  2.2604
-0.0039292  0.00141308  2.42676
-0.00390536  0.00130968  2.60016
-0.00388166  0.00120001  2.81803
-0.00385065  0.00110131  3.04241
-0.00381057  0.00101021  3.27711
-0.00377292  0.000936635  3.49434
-0.00372302  0.000859736  3.74885
-0.00366965  0.000791301  4.00562
-0.00361081  0.000734251  4.23671
-0.00354225  0.000686375  4.43234
-0.00348238  0.000640256  4.65811
-0.00340384  0.000603966  4.80795
-0.00332686  0.000582162  4.85579
-0.00323654  0.000561582  4.87291
-0.00317261  0.000550437  4.85544
-0.00311913  0.000540973  4.84151
-0.00305884  0.000530488  4.82355
-0.00299226  0.000520483  4.78836
-0.00293158  0.000510625  4.76196
-0.0028762  0.000501263  4.74042
-0.00280637  0.000491178  4.6956
-0.00273148  0.00048206  4.62906
-0.00267457  0.000472253  4.60468
-0.00259408  0.000462435  4.52838
-0.00253576  0.000453624  4.48776
-0.00245798  0.000444394  4.40595
-0.00238129  0.000434557  4.3292
-0.0023085  0.000426581  4.23952
-0.00223125  0.000417976  4.14199
-0.00213949  0.00040972  4.0015
-0.00206745  0.000401272  3.90621
-0.00196586  0.000393716  3.72315
-0.00189044  0.000385873  3.60335
-0.0017955  0.000378092  3.42642
-0.00169491  0.000370924  3.22144
-0.00159258  0.000363991  3.00167
-0.00150584  0.000357249  2.81553
-0.00138552  0.000350411  2.52709
-0.00129564  0.000344038  2.31266
-0.00115761  0.000338499  1.94273
-0.00106071  0.000332226  1.68772
-0.000913893  0.000327548  1.26361
-0.000787799  0.000323111  0.890712
-0.000662351  0.000318336  0.509999
-0.000563108  0.000315109  0.200273
-0.000349995  0.000312367  -0.48022
-0.000209475  0.00030991  -0.937447
-1.86638e-05  0.000309151  -1.55696
