-0.010865  0.0047755  2.17045
-0.0107801  0.00461703  2.22657
-0.0106948  0.00446494  2.28329
-0.0106105  0.00431159  2.34495
-0.0105193  0.00415775  2.40979
-0.0104282  0.00400925  2.47634
-0.0103364  0.00386603  2.54432
-0.0102387  0.00372362  2.61538
-0.010136  0.00358279  2.68953
-0.0100349  0.00344502  2.76773
-0.00992942  0.00331283  2.84634
-0.00981615  0.00317775  2.93168
-0.00971089  0.00304081  3.02909
-0.00959453  0.00290452  3.13116
-0.00947944  0.00278441  3.2249
-0.00936098  0.00264973  3.3441
-0.00924437  0.00253087  3.45508
-0.00910624  0.00239232  3.59745
-0.00898966  0.00228675  3.71254
-0.00885447  0.0021628  3.86279
-0.00872683  0.00205597  4.00143
-0.00857857  0.00194195  4.16004
-0.00843589  0.00183501  4.3247
-0.00829902  0.00173914  4.48441
-0.00813655  0.00163679  4.66557
-0.00798491  0.0015395  4.86191
-0.00781309  0.00144955  5.04508
-0.0076369  0.00136393  5.2326
-0.0074666  0.00127955  5.44456
-0.00727695  0.00120333  5.63182
-0.00708339  0.00113729  5.78867
-0.00687301  0.00107981  5.90195
-0.00666205  0.00102156  6.03197
-0.00646864  0.000971128  6.14609
-0.00625709  0.000925524  6.22036
-0.00600054  0.00087346  6.29742
-0.00577224  0.000831635  6.33961
-0.00564175  0.000811789  6.33385
-0.00549531  0.00079261  6.30236
-0.00535573  0.00077442  6.27015
-0.00519676  0.000755144  6.21968
-0.00501517  0.000738359  6.11514
-0.004851  0.000723511  6.01373
-0.00462631  0.000709706  5.81412
-0.0044071  0.000692876  5.63897
-0.00420321  0.000681796  5.43156
-0.00394544  0.000669903  5.1432
-0.00367018  0.000659474  4.80713
-0.00336656  0.000652738  4.3916
-0.00298548  0.000648466  3.83286
