-0.010865  0.0047755  2.17045
-0.0107799  0.00461525  2.22738
-0.0106928  0.00445764  2.2866
-0.0106034  0.00430082  2.34918
-0.0105108  0.00414438  2.41552
-0.0104166  0.00399194  2.48416
-0.0103203  0.00384252  2.55568
-0.0102172  0.00369027  2.63319
-0.0101148  0.00354831  2.70968
-0.0100084  0.00340784  2.79016
-0.00989575  0.00326686  2.87608
-0.00978552  0.0031298  2.96681
-0.00966726  0.00299119  3.06475
-0.0095509  0.00285676  3.16824
-0.00943395  0.0027258  3.27756
-0.0093052  0.00259181  3.39732
-0.00918023  0.0024609  3.52726
-0.00905834  0.00234829  3.6445
-0.00891916  0.00221887  3.79435
-0.00878237  0.00210017  3.94366
-0.00864166  0.00198587  4.09979
-0.0084904  0.00187439  4.26295
-0.00833809  0.00176638  4.43738
-0.00818314  0.00166227  4.62208
-0.00802043  0.00156175  4.81539
-0.00784701  0.00146398  5.0185
-0.00767483  0.00137399  5.22189
-0.0074893  0.00128794  5.42672
-0.00730723  0.00121417  5.60648
-0.00710354  0.00114189  5.783
-0.00688837  0.00108454  5.89042
-0.00668281  0.00102397  6.03811
-0.00645875  0.000968367  6.1534
-0.00623775  0.000919126  6.24261
-0.00599663  0.000871546  6.30676
-0.00576119  0.00082822  6.35241
-0.00563765  0.000809784  6.34447
-0.00549259  0.000790756  6.3137
-0.00537052  0.000773288  6.29845
-0.00523764  0.000757478  6.25449
-0.00505645  0.000740192  6.15577
-0.00489671  0.000725678  6.05876
-0.00472359  0.000711016  5.94022
-0.00450202  0.000697498  5.73768
-0.00429228  0.000682955  5.55274
-0.00407242  0.000672764  5.31006
-0.00381636  0.000663267  5.00003
-0.00353337  0.000653451  4.64207
-0.00322212  0.000647156  4.20629
-0.00285534  0.000643596  3.65966
