-0.003971  0.00164852  2.10552
-0.00395528  0.0015352  2.25071
-0.00393578  0.0014104  2.43603
-0.00391789  0.00131289  2.60333
-0.00389253  0.00121031  2.80303
-0.00386265  0.00111602  3.01308
-0.00382335  0.00103266  3.21823
-0.0037776  0.000952664  3.44046
-0.00373442  0.000881477  3.66932
-0.00368606  0.000817787  3.89596
-0.00363318  0.00075853  4.1306
-0.00357175  0.000703229  4.36806
-0.00350411  0.000665365  4.51498
-0.00343807  0.000619999  4.73884
-0.00336252  0.000593924  4.81968
-0.0032819  0.000571758  4.86552
-0.00319291  0.000551775  4.88044
-0.00313511  0.000541636  4.86509
-0.00307702  0.000531059  4.85261
-0.00301274  0.000520851  4.82429
-0.00295009  0.000511648  4.78862
-0.00289115  0.000501461  4.76837
-0.00281767  0.000491501  4.7155
-0.00275739  0.000482133  4.68209
-0.00268224  0.000471797  4.62539
-0.00262123  0.000463299  4.57852
-0.00255554  0.000454221  4.52541
-0.00247632  0.000444411  4.44706
-0.00239511  0.000436019  4.34639
-0.00231979  0.00042708  4.26102
-0.00224746  0.000418886  4.17169
-0.00216003  0.000410779  4.04118
-0.00207397  0.000401588  3.91937
-0.00198213  0.0003934  3.7675
-0.00189927  0.000385627  3.62857
-0.00181075  0.000379192  3.45668
-0.00171432  0.000371968  3.26458
-0.00161026  0.000364153  3.04888
-0.00151223  0.000357264  2.83328
-0.00141013  0.000350656  2.5955
-0.00129976  0.000344387  2.32226
-0.00118197  0.000338571  2.01425
-0.001075  0.000332328  1.73021
-0.000960776  0.000327103  1.40866
-0.000850183  0.000322681  1.08523
-0.000697636  0.000318308  0.620896
-0.000577953  0.000314408  0.247934
-0.000411637  0.000311094  -0.284039
-0.000281089  0.000308693  -0.709153
-7.50488e-05  0.000307193  -1.38333
