-0.003971  0.00164852  2.10552
-0.0039552  0.00153288  2.25406
-0.00393251  0.00141479  2.42617
-0.00390952  0.00129209  2.63876
-0.00388606  0.00119484  2.83391
-0.0038531  0.00109867  3.05197
-0.00380818  0.00101649  3.25451
-0.00376632  0.000940315  3.47365
-0.00370992  0.000857569  3.74305
-0.00366258  0.000800417  3.95117
-0.00360564  0.000733497  4.23402
-0.00354489  0.000688772  4.42075
-0.00348033  0.000642286  4.64018
-0.00340223  0.00060566  4.79184
-0.00331817  0.000581255  4.84842
-0.00323573  0.00056171  4.87036
-0.00317298  0.000550403  4.8564
-0.00311848  0.000541003  4.84004
-0.00304308  0.000529223  4.80532
-0.00299819  0.000521667  4.78887
-0.00293654  0.000511541  4.76314
-0.00286535  0.000501306  4.71837
-0.00281516  0.000492314  4.70262
-0.00273382  0.000481644  4.63791
-0.00267169  0.00047237  4.59743
-0.0025903  0.000462971  4.51497
-0.00252698  0.000454068  4.46405
-0.00245886  0.000444831  4.4036
-0.00237689  0.000436371  4.30112
-0.00230537  0.000427625  4.22185
-0.00222316  0.000418676  4.11573
-0.00213701  0.000410531  3.98755
-0.00205725  0.000401475  3.87882
-0.00197573  0.000394492  3.74083
-0.0018809  0.000386636  3.57158
-0.00180222  0.000378647  3.43914
-0.00169596  0.000370531  3.22768
-0.00160008  0.00036314  3.02936
-0.00151522  0.000357762  2.83771
-0.00140014  0.000350317  2.56951
-0.00129753  0.000343788  2.31982
-0.00118484  0.000337954  2.02643
-0.00107062  0.000332231  1.71753
-0.000950365  0.000327094  1.37687
-0.000830049  0.000322546  1.02326
-0.000698266  0.00031798  0.623517
-0.000568903  0.000314411  0.219149
-0.000418713  0.000311173  -0.261228
-0.000259827  0.000308566  -0.77835
-8.32073e-05  0.000306949  -1.35785
