-0.003971  0.00164852  2.10552
-0.003954  0.00152793  2.26058
-0.00393589  0.00142179  2.41659
-0.00391779  0.00131834  2.5925
-0.00389146  0.0012234  2.77217
-0.00385848  0.00113065  2.9704
-0.00381979  0.00105281  3.15327
-0.00378442  0.000981187  3.3474
-0.00373767  0.000913798  3.54309
-0.00368689  0.000843243  3.77933
-0.00364189  0.000772352  4.06795
-0.00358971  0.000728118  4.24343
-0.0035245  0.000689359  4.38741
-0.00346376  0.000640023  4.63071
-0.00340175  0.000608543  4.76835
-0.00332426  0.000583988  4.83616
-0.00324259  0.000564181  4.86119
-0.00318698  0.000554109  4.84919
-0.00312815  0.00054238  4.84559
-0.00305784  0.000532243  4.80577
-0.00299338  0.00052215  4.77521
-0.0029368  0.000509998  4.77805
-0.00285797  0.000499765  4.71817
-0.00279489  0.000490472  4.67895
-0.00273134  0.000479518  4.65329
-0.00265826  0.00047078  4.58444
-0.00259352  0.000460477  4.54641
-0.00251157  0.00044924  4.47771
-0.00244292  0.000441737  4.39837
-0.00236925  0.000432553  4.32144
-0.00228073  0.000422854  4.21123
-0.00219965  0.000412842  4.11696
-0.00211593  0.000405192  3.98807
-0.0020336  0.000397582  3.85732
-0.00192928  0.000387039  3.69287
-0.00186595  0.000381643  3.57913
-0.00174774  0.000373283  3.34262
-0.00163552  0.000364871  3.11211
-0.00154391  0.000357867  2.91703
-0.00143024  0.000351051  2.64986
-0.00132442  0.000344582  2.39253
-0.00121393  0.000339508  2.10283
-0.00107989  0.00033329  1.73988
-0.000969432  0.000327516  1.43331
-0.000832407  0.00032221  1.03165
-0.00070853  0.000317638  0.656503
-0.000570245  0.000314536  0.223329
-0.000424462  0.000310961  -0.242917
-0.000308649  0.000308751  -0.619759
-6.80828e-05  0.00030752  -1.40452
