-0.010865  0.0047755  2.17045
-0.0107787  0.00461656  2.22648
-0.0106913  0.00445875  2.28569
-0.0106035  0.00430029  2.34949
-0.0105116  0.00414441  2.41568
-0.0104166  0.00399136  2.4845
-0.0103195  0.00384082  2.55661
-0.0102197  0.00369414  2.6311
-0.0101178  0.00355122  2.70832
-0.0100054  0.00340457  2.79194
-0.00989695  0.00326728  2.87608
-0.00978279  0.003128  2.96764
-0.00967255  0.00299321  3.06445
-0.00955186  0.00285483  3.17071
-0.00943429  0.00272498  3.27866
-0.00931116  0.00259424  3.39643
-0.00918122  0.00246389  3.52337
-0.00905526  0.00234377  3.65021
-0.00892195  0.00222014  3.79343
-0.00878278  0.00209948  3.94516
-0.00864244  0.00198823  4.09533
-0.00849879  0.00187503  4.26594
-0.00833768  0.00176316  4.44524
-0.00818678  0.00166482  4.61718
-0.00802139  0.00155957  4.82273
-0.00785446  0.00146531  5.01905
-0.00768292  0.00137924  5.20788
-0.00749737  0.00129396  5.40771
-0.00729924  0.00121043  5.61722
-0.00710271  0.00114188  5.78233
-0.006899  0.00108147  5.91694
-0.006675  0.00102048  6.05106
-0.00645559  0.000968784  6.14749
-0.00623206  0.000922024  6.21682
-0.00601785  0.000875673  6.30127
-0.00576123  0.000828366  6.35133
-0.00561868  0.000807102  6.34205
-0.00548268  0.000788859  6.31631
-0.00534332  0.000772871  6.26666
-0.00521876  0.000756623  6.23661
-0.0050453  0.000739313  6.148
-0.00488257  0.000724589  6.04836
-0.00468611  0.000709049  5.90384
-0.0044901  0.000696694  5.7272
-0.0042842  0.000683992  5.53252
-0.00404115  0.000672499  5.26566
-0.00382594  0.000663586  5.01207
-0.0035094  0.00065431  4.59936
-0.00325029  0.000647913  4.24485
-0.00283451  0.00064353  3.62766
