-0.003971  0.00164852  2.10552
-0.00395473  0.0015296  2.25858
-0.00393628  0.00141046  2.43629
-0.00391657  0.00130147  2.62515
-0.0038873  0.00119872  2.82576
-0.00386505  0.00111232  3.02524
-0.00382658  0.00102976  3.23045
-0.00377624  0.00094802  3.45588
-0.00374338  0.000881238  3.68048
-0.00366699  0.000814368  3.88889
-0.00362376  0.000768944  4.0624
-0.00357485  0.000719132  4.27579
-0.00349619  0.000675595  4.43488
-0.00342083  0.000624589  4.6764
-0.00338202  0.000608864  4.73344
-0.00327012  0.00057351  4.83013
-0.0032112  0.0005624  4.82078
-0.00317367  0.000554323  4.82331
-0.0030977  0.000546391  4.75429
-0.0030107  0.00053111  4.72728
-0.00297195  0.000523606  4.72102
-0.00287602  0.000512327  4.6377
-0.00281462  0.000500444  4.62514
-0.00276192  0.00049106  4.6062
-0.00271438  0.000488414  4.53382
-0.00262985  0.00047633  4.47138
-0.00258167  0.000467721  4.45067
-0.00247574  0.000456559  4.32745
-0.00239402  0.000451499  4.19497
-0.00235369  0.00044297  4.18469
-0.00229455  0.000433177  4.14277
-0.00219838  0.000424118  4.00451
-0.00208727  0.00041787  3.79847
-0.00205973  0.000412308  3.78292
-0.0019288  0.000402331  3.55131
-0.0018394  0.000393625  3.40273
-0.00175794  0.000388983  3.23392
-0.00162926  0.000377196  2.99384
-0.00154133  0.000374353  2.78168
-0.00144504  0.000363426  2.60038
-0.00135438  0.000360132  2.37242
-0.00120969  0.000354372  2.00267
-0.00112378  0.000346949  1.79791
-0.00102405  0.000342984  1.52792
-0.0008164  0.000338664  0.934261
-0.000730071  0.000334604  0.687592
-0.000534429  0.000327751  0.105046
-0.000534429  0.000327751  0.105046
-0.00028925  0.000326215  -0.646046
1.07038e-05  0.000325033  -1.57123
