-0.00384052  0.00105916  3.15392
-0.00380124  0.000980495  3.36691
-0.00374669  0.000884418  3.67099
-0.0037137  0.00083028  3.87062
-0.00365915  0.000763405  4.13824
-0.00358935  0.000715118  4.32005
-0.00351957  0.00067547  4.47033
-0.00343656  0.000635606  4.6201
-0.00333448  0.00060409  4.69215
-0.00327171  0.000590522  4.69365
-0.0032282  0.000580377  4.70074
-0.00318609  0.000572037  4.69565
-0.00313336  0.000561709  4.68812
-0.00308994  0.000553518  4.67906
-0.00304373  0.00054479  4.6692
-0.00299371  0.000535755  4.65458
-0.00294537  0.000527406  4.6366
-0.0028922  0.00051857  4.61308
-0.00283242  0.000509343  4.57927
-0.00277628  0.000502021  4.53423
-0.00271945  0.000493411  4.49818
-0.00267647  0.000487146  4.4678
-0.00259982  0.000477236  4.39997
-0.00254241  0.000470459  4.3413
-0.00246745  0.000462866  4.25059
-0.00240856  0.000455047  4.1942
-0.00234255  0.000448082  4.11207
-0.00227279  0.000440353  4.02583
-0.00220809  0.000433226  3.94272
-0.00215338  0.00042732  3.86918
-0.00204924  0.000420467  3.68456
-0.00199221  0.000412271  3.61949
-0.00191591  0.000405756  3.48956
-0.00183452  0.000400268  3.33407
-0.00175421  0.000393361  3.18844
-0.00165736  0.000387298  2.98828
-0.00158528  0.00038224  2.83925
-0.00148586  0.000376854  2.61602
-0.00140391  0.000371528  2.43294
-0.00130811  0.000366431  2.20536
-0.00120811  0.000361287  1.95995
-0.00111519  0.000356907  1.72366
-0.00100353  0.000351898  1.43091
-0.000903151  0.000347843  1.159
-0.000804479  0.000344002  0.88511
-0.000689733  0.000340376  0.557421
-0.000572036  0.000337801  0.213249
-0.000434236  0.000334801  -0.196426
-0.000307456  0.000333147  -0.577956
-0.000151965  0.000332403  -1.04702
