-0.003971  0.00164852  2.10552
-0.00395131  0.00152686  2.2604
-0.0039292  0.00141308  2.42676
-0.00390536  0.00130968  2.60016
-0.00388166  0.00120001  2.81803
-0.00385024  0.00110127  3.04216
-0.00381057  0.00101021  3.27711
-0.00377006  0.000936959  3.49008
-0.00371568  0.00085568  3.75804
-0.00366344  0.00078699  4.01967
-0.00361081  0.000734251  4.23671
-0.00353864  0.000676488  4.4918
-0.00347134  0.000637558  4.66051
-0.00338505  0.000600251  4.8064
-0.0033094  0.000578383  4.85733
-0.0032147  0.000557382  4.87046
-0.00315568  0.000547158  4.85359
-0.00310272  0.000536588  4.8505
-0.00303431  0.00052727  4.80648
-0.00296983  0.000517011  4.77714
-0.00291792  0.000507425  4.76508
-0.00286109  0.00049845  4.73686
-0.00278939  0.000488537  4.68623
-0.00272315  0.000479496  4.63644
-0.00264891  0.000469056  4.58136
-0.00258289  0.000461158  4.51665
-0.00250845  0.000450071  4.46252
-0.00244124  0.000442263  4.38933
-0.00236548  0.0004337  4.30131
-0.00228963  0.000425658  4.20439
-0.0022075  0.00041653  4.09935
-0.00213507  0.000408586  4.00177
-0.00204169  0.000400626  3.84819
-0.00194813  0.00039204  3.69384
-0.00186419  0.000385096  3.54246
-0.00176617  0.000377525  3.35386
-0.00167198  0.000372372  3.14733
-0.00158879  0.000363841  2.9925
-0.00150185  0.000356671  2.8089
-0.00138628  0.000350381  2.52948
-0.00129436  0.00034406  2.30877
-0.00118634  0.000339417  2.0221
-0.00103865  0.000332238  1.62129
-0.000914638  0.00032706  1.26778
-0.000815329  0.000323484  0.974788
-0.000657475  0.000319877  0.492299
-0.000529838  0.000315409  0.0946001
-0.000380438  0.000313056  -0.38192
-0.000260579  0.000310526  -0.771015
-5.01412e-05  0.000309417  -1.45389
