-0.003971  0.00164852  2.10552
-0.00395208  0.00151149  2.28389
-0.00393167  0.00138322  2.48092
-0.00390963  0.00126765  2.68972
-0.00388163  0.00115504  2.92772
-0.00384377  0.00106854  3.12928
-0.00379381  0.000971474  3.39053
-0.00374668  0.000900601  3.60501
-0.00370283  0.000832977  3.84504
-0.00363038  0.000775511  4.03654
-0.00357523  0.000688626  4.46574
-0.00351788  0.00065707  4.59294
-0.00343482  0.000620548  4.7294
-0.00335784  0.000611246  4.67543
-0.00328631  0.000591168  4.71324
-0.00323103  0.000580908  4.70131
-0.00317787  0.000570227  4.69615
-0.00312415  0.000559729  4.68825
-0.0030698  0.0005495  4.67662
-0.00301333  0.000539237  4.66089
-0.00295329  0.000529101  4.63672
-0.00288748  0.000519583  4.595
-0.00283076  0.000509429  4.57524
-0.00277003  0.000499498  4.54463
-0.00269833  0.000489792  4.48831
-0.00263048  0.000480987  4.42939
-0.00255316  0.000471482  4.35469
-0.00247931  0.000462945  4.27548
-0.00239567  0.000455307  4.16351
-0.00232481  0.000446539  4.08655
-0.00224637  0.000438419  3.98334
-0.00216976  0.000429596  3.88681
-0.00207829  0.00042121  3.74704
-0.00199361  0.000412493  3.62093
-0.00190779  0.000405141  3.47481
-0.00181856  0.000398912  3.30539
-0.00172191  0.000390992  3.12515
-0.00162199  0.000384651  2.9169
-0.00152785  0.000379224  2.7104
-0.00142641  0.00037244  2.48742
-0.0013243  0.000367296  2.24424
-0.00119016  0.000360783  1.91295
-0.00107907  0.000355131  1.63058
-0.000962574  0.000350224  1.3208
-0.000838018  0.000345185  0.979238
-0.000714349  0.000341105  0.628397
-0.00057514  0.000337835  0.222415
-0.00043888  0.000334764  -0.182577
-0.000266539  0.000332863  -0.701372
-8.42758e-05  0.000332374  -1.25077
