-0.003971  0.00164852  2.10552
-0.00395436  0.00152893  2.25934
-0.00393876  0.00142548  2.41235
-0.00391438  0.00130628  2.61382
-0.00389077  0.00119295  2.84234
-0.00385928  0.00109935  3.05569
-0.00381861  0.00102718  3.23079
-0.00376035  0.000950305  3.43085
-0.00371353  0.000890508  3.60865
-0.00365709  0.000820688  3.84688
-0.00360367  0.000765919  4.05222
-0.00353151  0.000704772  4.30141
-0.00345  0.000674614  4.37287
-0.0033664  0.000634564  4.51712
-0.00327978  0.000604945  4.59509
-0.00318402  0.000577865  4.64472
-0.00310549  0.000557031  4.67747
-0.0030076  0.000530535  4.72655
-0.00291332  0.000516879  4.66902
-0.00286515  0.000507317  4.66208
-0.00280235  0.000497921  4.62394
-0.00274668  0.000489476  4.58996
-0.00269775  0.000480101  4.57768
-0.00262821  0.000470241  4.5258
-0.0025763  0.000463533  4.47928
-0.0024867  0.000452577  4.38974
-0.00242887  0.000444315  4.34123
-0.00237334  0.000438064  4.27642
-0.00229901  0.000427915  4.20413
-0.00223201  0.000420284  4.12105
-0.00216618  0.000413807  4.02647
-0.00208003  0.000406491  3.887
-0.00198569  0.000398425  3.7289
-0.00191223  0.000390505  3.61643
-0.00185227  0.000383764  3.52371
-0.00172667  0.000378246  3.24305
-0.00163518  0.00037243  3.04803
-0.00153166  0.000364145  2.8331
-0.00146264  0.000357406  2.6934
-0.0013337  0.000348948  2.38919
-0.00125439  0.000345327  2.18456
-0.00113729  0.000341997  1.86343
-0.00102424  0.000337247  1.55446
-0.000869602  0.000329384  1.1221
-0.000820374  0.00032665  0.980786
-0.000702153  0.000322453  0.626921
-0.000575148  0.000320257  0.234647
-0.000394971  0.000315769  -0.332614
-0.000337779  0.00031424  -0.516233
-1.02772e-05  0.000313294  -1.56314
