-0.003971  0.00164852  2.10552
-0.00395485  0.00153044  2.25742
-0.00393606  0.00140913  2.43844
-0.00391552  0.0012968  2.6338
-0.00389136  0.00119013  2.84956
-0.00385914  0.00109713  3.06174
-0.00382377  0.00103032  3.22596
-0.00377537  0.00093886  3.48866
-0.00373364  0.000871767  3.70929
-0.00367521  0.000797063  3.98364
-0.00362731  0.000748317  4.17912
-0.00356428  0.00068822  4.45247
-0.00350116  0.000651839  4.60415
-0.00343863  0.000617165  4.76149
-0.0033614  0.000592977  4.82548
-0.00327239  0.000570981  4.85548
-0.00321397  0.000560287  4.8439
-0.00315075  0.000548292  4.83455
-0.00309752  0.000538377  4.82473
-0.00303786  0.000528945  4.79797
-0.00296428  0.000518334  4.75423
-0.00291953  0.000507476  4.76776
-0.00286451  0.00049909  4.73765
-0.00279393  0.000489684  4.6845
-0.00272271  0.000479113  4.63922
-0.00263827  0.000471998  4.53025
-0.00259467  0.000461822  4.53567
-0.00249086  0.00045208  4.40377
-0.00244602  0.00044586  4.36464
-0.00234703  0.000436291  4.23347
-0.00228315  0.00042852  4.16117
-0.00216914  0.000418895  3.98462
-0.00211182  0.000410347  3.92796
-0.0020182  0.000400306  3.7926
-0.00193157  0.000392903  3.64356
-0.00184263  0.000385355  3.48414
-0.00176116  0.000379358  3.32446
-0.00166349  0.000370092  3.14379
-0.00156315  0.00036399  2.92081
-0.00149241  0.00035897  2.76462
-0.00136221  0.000350947  2.45683
-0.00126592  0.000343733  2.22825
-0.00116284  0.000337626  1.96323
-0.0010393  0.000332448  1.62222
-0.000933418  0.00032852  1.3193
-0.000817504  0.000324412  0.978705
-0.000656838  0.000319477  0.490921
-0.000507303  0.000315693  0.0231324
-0.000363098  0.000313725  -0.436375
-0.0001994  0.000312664  -0.961417
