-0.003971  0.00164852  2.10552
-0.00395418  0.00152581  2.26383
-0.00393353  0.00141416  2.42796
-0.00390824  0.00130385  2.61398
-0.00388488  0.00119379  2.8354
-0.00385079  0.00110173  3.0414
-0.00380864  0.00101754  3.2516
-0.00376529  0.000939386  3.47599
-0.00372118  0.000860888  3.74169
-0.00366285  0.000778867  4.06083
-0.00360338  0.000717859  4.3231
-0.00355378  0.000683892  4.4653
-0.00347953  0.000639575  4.6586
-0.00340989  0.000606514  4.79772
-0.00332155  0.000581847  4.84929
-0.00323342  0.000561251  4.87023
-0.003177  0.000550946  4.85891
-0.00310932  0.000539467  4.83685
-0.00306161  0.000530218  4.83124
-0.0029995  0.000520506  4.80205
-0.00293144  0.000510447  4.76335
-0.00287898  0.000501025  4.74823
-0.00280638  0.000490389  4.70317
-0.00274101  0.000480685  4.66212
-0.00267079  0.000471411  4.60489
-0.00259505  0.000461667  4.538
-0.00253085  0.000454092  4.47233
-0.00245295  0.000443767  4.40085
-0.00238505  0.000435216  4.3313
-0.00230639  0.000427232  4.22813
-0.00222764  0.000418515  4.12802
-0.00214494  0.000409866  4.01336
-0.00206312  0.000402859  3.88006
-0.00197514  0.000394617  3.73816
-0.00187734  0.000386577  3.56291
-0.00179278  0.000378793  3.4129
-0.00170192  0.000371678  3.23377
-0.00160593  0.00036466  3.03277
-0.00149399  0.000358049  2.77612
-0.00139376  0.000351388  2.54353
-0.00126446  0.000344837  2.21688
-0.00118186  0.000340474  2.00267
-0.00105496  0.000333481  1.66414
-0.000936696  0.000327688  1.33266
-0.000823819  0.000323408  1.00127
-0.000689613  0.000319109  0.594196
-0.000548905  0.000315527  0.154995
-0.000392485  0.000312377  -0.344182
-0.000274203  0.00030974  -0.728988
-7.14857e-05  0.000308198  -1.39039
