-0.003971  0.00164852  2.10552
-0.00395418  0.00152581  2.26383
-0.00393207  0.00138905  2.4708
-0.0039107  0.00130069  2.62223
-0.00388362  0.00118957  2.8444
-0.00385347  0.00109576  3.0604
-0.00380655  0.00101036  3.27265
-0.00376302  0.000931959  3.50125
-0.0037212  0.000860886  3.74173
-0.00366907  0.000791405  4.00436
-0.00360435  0.000726868  4.27086
-0.0035428  0.000672841  4.52232
-0.00348011  0.000636209  4.68417
-0.00340181  0.000600925  4.82891
-0.00332104  0.000578701  4.87478
-0.00322867  0.000557797  4.89188
-0.00317544  0.000547527  4.8864
-0.0031074  0.000535966  4.86486
-0.0030528  0.000526971  4.84429
-0.00299087  0.000517176  4.81629
-0.0029305  0.000507449  4.78964
-0.00287099  0.000497532  4.7655
-0.0028076  0.000487838  4.73026
-0.00273709  0.00047737  4.68627
-0.00267542  0.000469233  4.63611
-0.00260148  0.000459492  4.57348
-0.00252905  0.000449836  4.51065
-0.00246038  0.000441647  4.43878
-0.00238753  0.000433201  4.35716
-0.00229808  0.000423525  4.24551
-0.00222605  0.00041522  4.15695
-0.00214239  0.000407183  4.03355
-0.00205917  0.000399425  3.90354
-0.0019728  0.00039106  3.76617
-0.00188723  0.000383743  3.615
-0.00178968  0.000376737  3.42329
-0.00170145  0.000368942  3.25648
-0.00159491  0.000361426  3.02941
-0.00150817  0.000355348  2.83714
-0.0013855  0.00034895  2.53762
-0.00128246  0.000342713  2.28314
-0.00117282  0.00033623  2.00108
-0.00105803  0.000330613  1.68788
-0.000926363  0.000325959  1.30802
-0.000828131  0.000321  1.02221
-0.000699078  0.000317046  0.627914
-0.000543298  0.000312998  0.138334
-0.000398994  0.000309835  -0.326
-0.000236236  0.000307905  -0.856638
-5.55811e-05  0.000306695  -1.44906
