-0.00391564  0.00161344  2.11699
-0.00389318  0.00146272  2.31978
-0.00386773  0.00127208  2.64743
-0.00383823  0.00115582  2.8882
-0.00379683  0.00106756  3.0882
-0.00374517  0.000960378  3.37906
-0.00368392  0.000860412  3.70046
-0.00363031  0.000791774  3.95355
-0.00355421  0.000714393  4.27525
-0.00348169  0.000656432  4.54227
-0.00339816  0.00060853  4.76257
-0.00330128  0.000580479  4.82581
-0.00323773  0.000565025  4.84533
-0.0031971  0.000554522  4.86383
-0.00314161  0.00054499  4.84708
-0.00309372  0.000535044  4.84768
-0.00303767  0.0005258  4.82631
-0.00297805  0.000516272  4.79989
-0.00291676  0.000506906  4.76767
-0.00286135  0.000498062  4.74109
-0.00280127  0.000488599  4.70994
-0.00274167  0.000479513  4.67488
-0.0026735  0.000471113  4.61355
-0.00260918  0.000462476  4.56062
-0.00254653  0.000453663  4.51112
-0.00247538  0.000445133  4.43772
-0.00240852  0.000437109  4.36622
-0.0023349  0.000428468  4.28248
-0.00226087  0.000420504  4.18753
-0.00219045  0.000412365  4.09941
-0.00211077  0.000405457  3.97272
-0.00202878  0.00039788  3.84231
-0.00194333  0.000389722  3.70349
-0.00186079  0.000382719  3.55558
-0.0017844  0.000376309  3.41316
-0.00168635  0.000369935  3.20692
-0.001589  0.000363623  2.99485
-0.00150381  0.000356586  2.81507
-0.0014139  0.000350858  2.60476
-0.00130592  0.000344852  2.33701
-0.00119893  0.000338536  2.06457
-0.00109669  0.000334207  1.78539
-0.000993243  0.000329674  1.49616
-0.000869997  0.000323998  1.14197
-0.000755584  0.000319939  0.798853
-0.000715495  0.000318888  0.67577
-0.000498619  0.000312934  -0.00441259
-0.000363971  0.00031035  -0.438309
-0.000224067  0.000308832  -0.893473
-8.64726e-05  0.00030811  -1.34214
