-0.003971  0.00164852  2.10552
-0.00395406  0.00152501  2.26494
-0.00393549  0.00140572  2.44394
-0.00391534  0.00129602  2.63524
-0.00388967  0.00118546  2.85937
-0.00385647  0.00108656  3.08908
-0.00381435  0.00101205  3.27487
-0.00377192  0.000930949  3.5146
-0.00372592  0.000856537  3.76624
-0.00367254  0.000794996  3.99064
-0.00361124  0.000729325  4.26592
-0.00354604  0.000684679  4.44886
-0.0034885  0.000642319  4.65267
-0.0034089  0.000606004  4.80014
-0.00332294  0.000580556  4.86249
-0.00323702  0.000559713  4.89004
-0.00317488  0.000548511  4.87662
-0.00311547  0.000538792  4.85433
-0.00305794  0.000529196  4.83364
-0.00300666  0.000519946  4.821
-0.00293368  0.00050897  4.78158
-0.0028761  0.000500307  4.74928
-0.00280667  0.000489487  4.71243
-0.0027369  0.000480979  4.65072
-0.00267995  0.000471353  4.62487
-0.00260252  0.000462913  4.54193
-0.00254035  0.000453052  4.50355
-0.00246506  0.000442943  4.43638
-0.00239485  0.000434931  4.35666
-0.00231938  0.000426305  4.2678
-0.00223779  0.000417887  4.1585
-0.00215165  0.000408732  4.04091
-0.00207562  0.000402063  3.91884
-0.00199438  0.000394591  3.78715
-0.00190651  0.000386912  3.63521
-0.00180166  0.000379893  3.42639
-0.00171467  0.000372399  3.26175
-0.00162519  0.000364978  3.08288
-0.00150319  0.00035754  2.8058
-0.00140494  0.0003509  2.57892
-0.00130357  0.000345207  2.32778
-0.00119269  0.00033998  2.03744
-0.00107603  0.000334469  1.72222
-0.000954555  0.000329124  1.3811
-0.000844443  0.000323999  1.0631
-0.000711261  0.000319518  0.661186
-0.000576496  0.000315832  0.242205
-0.000451299  0.000313204  -0.155492
-0.000271743  0.000310894  -0.734195
-7.70923e-05  0.000309665  -1.36569
