-0.003971  0.00164852  2.10552
-0.00395217  0.00153  2.25633
-0.00393376  0.00141655  2.42404
-0.00391019  0.00130904  2.6051
-0.00388309  0.0011929  2.83602
-0.0038537  0.00110739  3.02848
-0.00381131  0.00102086  3.24366
-0.00376891  0.000943978  3.46291
-0.00372169  0.000865439  3.72261
-0.00367037  0.000811626  3.90619
-0.00362269  0.000745441  4.18906
-0.0035466  0.00069807  4.36432
-0.00348785  0.000650725  4.59157
-0.0034179  0.000614314  4.74986
-0.00333489  0.000585817  4.8392
-0.00325248  0.000564484  4.87611
-0.00319816  0.000554861  4.86278
-0.00313104  0.000544512  4.83192
-0.00307052  0.000531875  4.83295
-0.00300559  0.000524178  4.78003
-0.00294605  0.000513807  4.76063
-0.00288418  0.000504596  4.72492
-0.00281116  0.000493087  4.68712
-0.00275955  0.000485502  4.65405
-0.00267886  0.000474092  4.59586
-0.00260842  0.000465279  4.53153
-0.00254152  0.000456295  4.47413
-0.00247026  0.000447714  4.40071
-0.00240554  0.000437932  4.35123
-0.00232263  0.000428922  4.24932
-0.00224023  0.000419723  4.14614
-0.00217917  0.000412515  4.07056
-0.0020898  0.000403898  3.93614
-0.00198966  0.000395028  3.77102
-0.00189868  0.000387187  3.61242
-0.00182286  0.000380419  3.47738
-0.00171995  0.000372346  3.27639
-0.00162235  0.000365351  3.07198
-0.00151722  0.00035833  2.83878
-0.00141064  0.000352226  2.5854
-0.00130425  0.000345153  2.33013
-0.00118236  0.000339606  2.00927
-0.0010703  0.00033301  1.71256
-0.000998544  0.000329079  1.51497
-0.000831737  0.000323945  1.02406
-0.000694206  0.000319083  0.608638
-0.000565646  0.000316334  0.20752
-0.000399662  0.000312098  -0.321496
-0.000289489  0.000310652  -0.677643
-6.78987e-05  0.000309114  -1.39787
