-0.010865  0.0047755  2.17045
-0.0107799  0.00461525  2.22738
-0.0106919  0.00445666  2.2869
-0.0106034  0.00430007  2.34958
-0.0105105  0.00414536  2.41488
-0.0104166  0.00399194  2.48416
-0.010318  0.00384012  2.55668
-0.0102181  0.00369106  2.63287
-0.0101166  0.0035506  2.70844
-0.0100096  0.0034094  2.78922
-0.00989918  0.00326923  2.87504
-0.0097883  0.00313134  2.96623
-0.00967351  0.00299545  3.06248
-0.00955575  0.00285912  3.16732
-0.00943629  0.00272705  3.27691
-0.00931284  0.0025977  3.39256
-0.00918493  0.00246811  3.51886
-0.00905914  0.00234462  3.65055
-0.0089299  0.00222622  3.78664
-0.00878693  0.0021043  3.93809
-0.00864419  0.00199041  4.09172
-0.00850419  0.00187932  4.25908
-0.00834511  0.00176733  4.43896
-0.00818724  0.00166292  4.62273
-0.00802937  0.00156589  4.80838
-0.00786666  0.0014752  4.99369
-0.0076806  0.0013766  5.21618
-0.00750692  0.00129501  5.4107
-0.00731206  0.00121766  5.59439
-0.00712592  0.00114845  5.76942
-0.00689947  0.00108988  5.87173
-0.00668596  0.00102678  6.02459
-0.00647232  0.000972003  6.14434
-0.00624667  0.000920879  6.24042
-0.00601263  0.000872992  6.31464
-0.00577858  0.000831173  6.35076
-0.0056462  0.000811012  6.34541
-0.00552723  0.000793788  6.33321
-0.00538554  0.000776377  6.29274
-0.00522816  0.000757616  6.24084
-0.00508798  0.000742633  6.17798
-0.00491145  0.000726295  6.07391
-0.00474366  0.000712432  5.95658
-0.00450191  0.000696427  5.74634
-0.00430328  0.000683152  5.56724
-0.00407247  0.000672779  5.31002
-0.00380406  0.000661947  4.99142
-0.00351755  0.000655696  4.60205
-0.00324501  0.000648035  4.23589
-0.00286393  0.000643806  3.67181
