-0.00353467  0.000665341  4.56108
-0.00349927  0.000656355  4.56958
-0.00349927  0.000656355  4.56958
-0.00349927  0.000656355  4.56958
-0.00349927  0.000656355  4.56958
-0.00348936  0.000646488  4.62401
-0.00348936  0.000646488  4.62401
-0.00348856  0.000644583  4.63643
-0.00348856  0.000644583  4.63643
-0.00346037  0.000633655  4.67189
-0.00346037  0.000633655  4.67189
-0.00345586  0.000630222  4.69019
-0.00345251  0.000625743  4.7184
-0.00344243  0.000622647  4.72568
-0.00344243  0.000622647  4.72568
-0.00343021  0.000620522  4.72217
-0.0034031  0.000616307  4.71048
-0.00340217  0.000614253  4.72472
-0.00339232  0.000611674  4.72853
-0.00339187  0.000611476  4.72933
-0.00337398  0.000606311  4.7401
-0.00336956  0.000605738  4.7373
-0.00335756  0.000602508  4.74278
-0.00334736  0.000600308  4.74316
-0.00333929  0.00059782  4.74942
-0.00322653  0.000581057  4.69236
-0.00315201  0.00057108  4.64385
-0.00305665  0.000547496  4.66971
-0.00295274  0.000539977  4.5423
-0.0029326  0.000525293  4.63094
-0.00284369  0.000511937  4.57808
-0.00273344  0.000494931  4.51263
-0.00268435  0.000488271  4.47364
-0.00255696  0.000472211  4.35602
-0.00244774  0.00045956  4.23828
-0.00233105  0.000447073  4.09565
-0.00222535  0.000435879  3.95833
-0.00213426  0.00042696  3.82766
-0.00199563  0.000413156  3.62
-0.00189163  0.00040376  3.44667
-0.00173817  0.00039249  3.15466
-0.00160338  0.000383316  2.8785
-0.00145116  0.000375127  2.53557
-0.00128675  0.000366478  2.14679
-0.00113885  0.000358114  1.78392
-0.000972538  0.000350682  1.34748
-0.000839801  0.000345212  0.984325
-0.000602523  0.000338333  0.303022
-0.000403564  0.000334289  -0.28848
-0.000169416  0.000332402  -0.994531
