-0.003971  0.00164852  2.10552
-0.00395386  0.00153187  2.25467
-0.00393736  0.00141836  2.42348
-0.00391739  0.00130685  2.61497
-0.00389054  0.00120217  2.82035
-0.00386188  0.00110432  3.04429
-0.00382802  0.00103132  3.22697
-0.00376603  0.000951096  3.43397
-0.00374092  0.000883261  3.66926
-0.00369131  0.000805324  3.96277
-0.003628  0.00074638  4.19089
-0.00356546  0.000691884  4.4306
-0.00350431  0.000654219  4.5922
-0.00342348  0.000623996  4.6851
-0.0033381  0.000591769  4.79597
-0.00325193  0.000573546  4.7981
-0.00317009  0.000551229  4.84388
-0.00309595  0.000541789  4.79145
-0.00304748  0.000530251  4.8043
-0.00298355  0.000521904  4.75864
-0.00292061  0.000509763  4.74849
-0.00286093  0.000501176  4.71079
-0.0027962  0.000491215  4.67454
-0.00272847  0.000480323  4.63952
-0.00266525  0.000473615  4.57175
-0.00259304  0.000464412  4.50685
-0.00253472  0.000454586  4.47598
-0.00245798  0.000446204  4.38808
-0.00236894  0.000437197  4.27482
-0.00228405  0.000427546  4.17277
-0.0022186  0.000420673  4.08535
-0.00212774  0.000411617  3.9545
-0.00203963  0.000403482  3.81586
-0.00196113  0.000395354  3.69576
-0.00189766  0.000389554  3.58786
-0.00180087  0.00038035  3.4202
-0.00172048  0.000372913  3.27284
-0.00158534  0.000367145  2.95616
-0.00150598  0.000357645  2.81279
-0.00140549  0.000350873  2.58068
-0.00128696  0.000347083  2.26734
-0.00116002  0.000339209  1.94577
-0.00108199  0.000335883  1.73273
-0.000975809  0.000331199  1.43662
-0.000813042  0.000323983  0.966231
-0.000653001  0.0003173  0.482197
-0.000558871  0.00031714  0.18563
-0.000429954  0.000313233  -0.223623
-0.000307299  0.000310153  -0.621311
-0.000112623  0.000308002  -1.25771
