-0.010865  0.0047755  2.17045
-0.0107803  0.00461687  2.22669
-0.0106911  0.0044561  2.28701
-0.010602  0.00430113  2.34868
-0.0105107  0.00414586  2.41462
-0.0104159  0.00399262  2.48356
-0.0103187  0.00384121  2.55615
-0.0102178  0.0036941  2.63064
-0.0101124  0.00354752  2.70962
-0.0100059  0.00340501  2.79172
-0.00989592  0.0032655  2.87733
-0.00978286  0.00312482  2.97069
-0.00966816  0.00298925  3.06704
-0.00955039  0.00285324  3.17197
-0.00943018  0.0027206  3.28242
-0.00930589  0.00258909  3.40116
-0.00917847  0.0024601  3.5277
-0.00904994  0.00233622  3.65973
-0.00891644  0.00221384  3.80174
-0.00877683  0.00209333  3.9539
-0.00863395  0.00197741  4.11344
-0.00848789  0.00186692  4.27866
-0.00833238  0.00175911  4.45247
-0.00817378  0.00165395  4.63968
-0.00801366  0.00155443  4.83371
-0.00784228  0.00145927  5.03148
-0.00766787  0.00137092  5.2285
-0.00748319  0.00128592  5.4305
-0.00728955  0.0012074  5.62328
-0.00708784  0.00113678  5.79516
-0.00687725  0.00107769  5.91752
-0.00665789  0.00101685  6.05587
-0.00643712  0.000963291  6.16337
-0.0062079  0.000912516  6.25512
-0.00597871  0.000867274  6.31716
-0.00573784  0.000825034  6.34863
-0.00560911  0.000806417  6.33557
-0.00548614  0.000788136  6.32649
-0.00535248  0.000771108  6.29287
-0.00520325  0.00075422  6.23591
-0.00504214  0.000738215  6.15288
-0.00487384  0.000723171  6.04814
-0.00467899  0.000709015  5.89407
-0.00448242  0.000695802  5.72349
-0.00426179  0.000683485  5.50384
-0.00402877  0.000672536  5.24695
-0.0037821  0.000662517  4.95399
-0.00351195  0.000654105  4.60469
-0.00320029  0.000647355  4.17127
-0.00278256  0.000644147  3.54354
