-0.003971  0.00164852  2.10552
-0.00394854  0.00148779  2.3179
-0.00393198  0.00138503  2.47791
-0.00390122  0.00124329  2.73566
-0.00387764  0.00114213  2.95732
-0.0038297  0.00102956  3.2341
-0.00378388  0.000950993  3.45311
-0.00372276  0.000862558  3.73628
-0.00367927  0.000786709  4.04123
-0.00360983  0.000727353  4.27555
-0.00351191  0.000690166  4.36403
-0.00345155  0.000647119  4.56106
-0.00333503  0.000601288  4.71493
-0.00324187  0.000572703  4.7876
-0.00314168  0.00054912  4.81076
-0.00307872  0.000540213  4.77353
-0.00300943  0.000530591  4.7295
-0.00297298  0.000523204  4.72661
-0.00291491  0.00051435  4.69507
-0.00283888  0.000506688  4.61601
-0.00276573  0.000499297  4.53783
-0.00270244  0.000489321  4.50101
-0.0026593  0.000481372  4.48571
-0.00259929  0.000473181  4.43654
-0.00253083  0.000462574  4.39027
-0.00243691  0.000453434  4.27164
-0.00240331  0.000451977  4.21109
-0.00229244  0.000440563  4.06851
-0.00224834  0.000435166  4.01764
-0.00214889  0.000423187  3.89636
-0.00210674  0.000419532  3.82984
-0.00201331  0.000415208  3.64469
-0.00193668  0.000404374  3.55285
-0.00187887  0.000396707  3.47579
-0.00179141  0.000389334  3.31697
-0.00166085  0.000386286  3.00516
-0.00162876  0.000377839  2.9874
-0.00154216  0.000375126  2.77815
-0.00142725  0.00036582  2.53471
-0.00137879  0.000364643  2.41001
-0.00126325  0.000355073  2.14956
-0.00117608  0.000351987  1.92074
-0.00103697  0.0003449  1.55689
-0.000965035  0.000338029  1.37573
-0.000861846  0.000335628  1.07812
-0.000627369  0.00032987  0.386118
-0.000590705  0.000326879  0.277488
-0.000503456  0.000321717  0.0107437
-0.000338597  0.000320241  -0.504005
-9.12377e-05  0.000317011  -1.28942
