-0.003971  0.00164852  2.10552
-0.00395353  0.00152966  2.25771
-0.00393441  0.00141361  2.42954
-0.00391181  0.00129875  2.62699
-0.00388456  0.0011953  2.83157
-0.00385048  0.00109626  3.05627
-0.00381036  0.00101034  3.27646
-0.00376886  0.000928882  3.51913
-0.00372028  0.000852274  3.77846
-0.00366761  0.000782745  4.0468
-0.00360621  0.000729236  4.25954
-0.00354177  0.000675752  4.50131
-0.0034697  0.000635625  4.67209
-0.00339987  0.000602748  4.81108
-0.00330635  0.000580357  4.83556
-0.00321518  0.00055885  4.85851
-0.00316643  0.000549768  4.85011
-0.00310337  0.000538448  4.83495
-0.00304821  0.000528664  4.8201
-0.0029898  0.000519279  4.79472
-0.00291539  0.000508105  4.75371
-0.00285116  0.000497637  4.72465
-0.00280098  0.000489247  4.7031
-0.00273197  0.000479461  4.65517
-0.00265908  0.000469566  4.59803
-0.00259543  0.000460438  4.55095
-0.0025287  0.000451467  4.49357
-0.00244454  0.000441433  4.40506
-0.00237889  0.00043353  4.33395
-0.00230059  0.00042479  4.23878
-0.00222029  0.000415959  4.13571
-0.00213082  0.000406678  4.01011
-0.00205996  0.000399388  3.90586
-0.00197045  0.000391504  3.75591
-0.00187906  0.000383068  3.60003
-0.00176097  0.000373902  3.37247
-0.00170431  0.000369545  3.2589
-0.00159159  0.000361692  3.01801
-0.00147388  0.000354577  2.74658
-0.00135841  0.000348803  2.461
-0.00127841  0.000343282  2.26755
-0.00117107  0.000337408  1.9889
-0.00100521  0.000330174  1.53013
-0.000883515  0.000326389  1.17502
-0.000798019  0.000322095  0.925252
-0.000623047  0.000317216  0.387897
-0.000520897  0.000314495  0.0664466
-0.000340152  0.000310477  -0.514847
-0.000171141  0.000308548  -1.06583
2.41067e-05  0.000308046  -1.70139
