-0.003426  0.000621047  4.7114
-0.00341597  0.000622116  4.68717
-0.00341597  0.000622116  4.68717
-0.00340386  0.000618503  4.69499
-0.00340386  0.000618503  4.69499
-0.00340386  0.000618503  4.69499
-0.00339908  0.000615895  4.7071
-0.00339556  0.000613027  4.72339
-0.00339556  0.000613027  4.72339
-0.00339496  0.000612634  4.72544
-0.0033921  0.000610813  4.73484
-0.00338944  0.000610158  4.73557
-0.00338401  0.000609058  4.7352
-0.00338084  0.0006081  4.73744
-0.00337429  0.000606525  4.73895
-0.00337429  0.000606525  4.73895
-0.00337429  0.000606525  4.73895
-0.00336247  0.00060379  4.74084
-0.00336247  0.00060379  4.74084
-0.0033583  0.000602685  4.7426
-0.00335341  0.000602151  4.7387
-0.00335103  0.00060084  4.74507
-0.00334713  0.000599562  4.74868
-0.00334382  0.000598791  4.74927
-0.00333945  0.000597859  4.74937
-0.003273  0.000590821  4.69347
-0.00314289  0.00057523  4.59448
-0.00306991  0.000549592  4.67604
-0.00297775  0.000533862  4.64118
-0.00292165  0.000525881  4.60493
-0.00277509  0.000508623  4.47304
-0.00274909  0.000496761  4.52752
-0.00265479  0.000484066  4.45144
-0.00252591  0.000468828  4.32123
-0.00242563  0.00045839  4.20086
-0.00231198  0.000446127  4.06158
-0.00218892  0.000433746  3.8938
-0.00207068  0.000421927  3.72264
-0.00201888  0.000414596  3.66352
-0.0018011  0.000401342  3.24188
-0.00165745  0.000386763  2.99266
-0.00155539  0.000380341  2.77486
-0.00147084  0.000374972  2.58911
-0.0012411  0.000363795  2.03713
-0.00106186  0.000355809  1.57911
-0.000983634  0.000350953  1.37806
-0.000636148  0.000346442  0.392988
-0.000500466  0.000335964  0.0013861
-0.000279149  0.000333228  -0.662762
-2.20191e-05  0.00033249  -1.43758
