-0.010865  0.0047755  2.17045
-0.0107782  0.00461224  2.22845
-0.0106913  0.00445456  2.28783
-0.010601  0.00429906  2.34959
-0.0105111  0.00414448  2.41553
-0.0104149  0.00399077  2.48445
-0.0103136  0.00383554  2.55861
-0.0102144  0.00369036  2.63238
-0.0101056  0.00354457  2.70994
-0.00999804  0.00340203  2.79187
-0.00988596  0.00326112  2.87814
-0.00977463  0.00312031  2.97234
-0.00965807  0.0029841  3.06895
-0.00953784  0.00284675  3.17479
-0.00941775  0.00271373  3.28616
-0.0092922  0.00258558  3.40047
-0.0091634  0.00245374  3.5307
-0.00903212  0.00232735  3.66602
-0.00890115  0.00220604  3.80824
-0.00876113  0.00208509  3.96199
-0.00861693  0.00197008  4.1201
-0.00846739  0.00185787  4.28846
-0.00831086  0.00174797  4.46852
-0.00815331  0.0016438  4.65586
-0.00798645  0.00154342  4.85056
-0.00781425  0.00145211  5.03697
-0.00763947  0.00136039  5.24811
-0.00746173  0.00127693  5.45193
-0.00725627  0.00119518  5.65295
-0.00705196  0.00112858  5.80547
-0.00685785  0.00107248  5.92817
-0.00661945  0.00101116  6.05192
-0.00640177  0.000956592  6.16958
-0.00616348  0.000904903  6.25865
-0.00592814  0.000857899  6.32724
-0.00568596  0.000817038  6.34728
-0.00556397  0.000798892  6.33875
-0.00544442  0.000782332  6.3201
-0.00529976  0.0007666  6.2611
-0.00515166  0.000749909  6.20297
-0.0049827  0.000734397  6.10392
-0.00481844  0.000719499  6.002
-0.00462577  0.000705524  5.84781
-0.00448511  0.000695577  5.72921
-0.00422646  0.000682243  5.46206
-0.00398713  0.000670159  5.20344
-0.00371478  0.000660146  4.86979
-0.00342717  0.000652821  4.48388
-0.00308713  0.000647594  3.99498
-0.00271133  0.000644827  3.42934
