-0.00397077  0.00164843  2.10549
-0.0039537  0.00154218  2.23949
-0.00393731  0.00142881  2.40572
-0.00390997  0.00132018  2.58297
-0.00388642  0.00122745  2.75891
-0.00385364  0.00114422  2.93093
-0.00381826  0.00105918  3.13285
-0.00378034  0.000978297  3.35311
-0.00373576  0.000914724  3.53742
-0.00369487  0.0008486  3.76488
-0.00364138  0.000788433  3.98433
-0.00359856  0.000736448  4.20744
-0.00353919  0.000685493  4.43359
-0.00347189  0.000642705  4.62403
-0.00339732  0.000609837  4.75098
-0.00332392  0.000591325  4.77558
-0.00324475  0.000567433  4.83713
-0.00316717  0.000554986  4.80583
-0.00311023  0.000547046  4.7715
-0.00305482  0.000536091  4.76564
-0.00298953  0.00052479  4.74386
-0.0029245  0.00051598  4.69883
-0.00287562  0.000504535  4.70853
-0.00278504  0.000492865  4.63624
-0.0027423  0.00048442  4.62883
-0.00267185  0.000474665  4.57554
-0.00259046  0.00046412  4.50414
-0.00250623  0.000453964  4.41936
-0.0024365  0.00044503  4.3514
-0.00236438  0.000435488  4.28112
-0.00228067  0.000426759  4.17253
-0.00219732  0.000416719  4.07307
-0.00211298  0.00040882  3.94545
-0.0020309  0.000399893  3.82827
-0.00192822  0.000392211  3.64147
-0.00185042  0.000384281  3.51415
-0.00174697  0.00037612  3.31534
-0.00166819  0.000369529  3.16131
-0.00154985  0.000361238  2.90627
-0.00144311  0.000353971  2.66437
-0.00134811  0.000348437  2.43403
-0.00123807  0.00034147  2.16144
-0.00112037  0.000335663  1.8482
-0.000994417  0.000328719  1.50407
-0.000860145  0.000323189  1.11435
-0.000756289  0.000319261  0.802757
-0.000621455  0.000315461  0.385007
-0.000460969  0.000311635  -0.125246
-0.000300941  0.000308953  -0.644302
-0.00011402  0.000307665  -1.25455
