-0.003971  0.00164852  2.10552
-0.00395485  0.00153045  2.25741
-0.00393658  0.00142388  2.41353
-0.00391671  0.00132204  2.58443
-0.00389515  0.00123259  2.75449
-0.0038653  0.00114269  2.94507
-0.00382837  0.00106404  3.12805
-0.00378755  0.000992536  3.31227
-0.00374607  0.000926737  3.50269
-0.00370386  0.000854857  3.74784
-0.0036603  0.000792801  3.98625
-0.00360828  0.00074264  4.18545
-0.00355198  0.000693031  4.40382
-0.00349769  0.000657039  4.56243
-0.0034311  0.000627876  4.66829
-0.00335581  0.000597245  4.78165
-0.00328239  0.000577122  4.82115
-0.00320903  0.000566729  4.78012
-0.00317152  0.000555272  4.8112
-0.00310307  0.000544203  4.78326
-0.00304782  0.00053334  4.7771
-0.0029771  0.000523344  4.73322
-0.00291244  0.000512148  4.71043
-0.00285061  0.000502321  4.6795
-0.00278741  0.000492204  4.64729
-0.00269916  0.000479601  4.5854
-0.00263986  0.00047346  4.51962
-0.0025763  0.000464105  4.47378
-0.00248439  0.00045343  4.3764
-0.00240873  0.000442877  4.30984
-0.00233954  0.000435176  4.22711
-0.00224126  0.000425017  4.09693
-0.00218345  0.000418098  4.02646
-0.00207323  0.000407766  3.85816
-0.00198051  0.000400463  3.69701
-0.00189658  0.000391957  3.56309
-0.00180438  0.000383626  3.40015
-0.00169089  0.0003746  3.17911
-0.00160423  0.000369831  2.98578
-0.00148835  0.000360871  2.73878
-0.00136919  0.000352873  2.46318
-0.00129819  0.000348985  2.28718
-0.00114301  0.000342293  1.87855
-0.00103817  0.000336035  1.60154
-0.000907707  0.000330972  1.23185
-0.000853729  0.000327375  1.0805
-0.000619705  0.000321611  0.372205
-0.00048501  0.000318947  -0.0469972
-0.000428794  0.000317082  -0.224566
-0.000117243  0.000315386  -1.21361
