-0.00360112  0.00114719  2.70322
-0.00333827  0.000598039  4.74596
-0.00328295  0.000591014  4.70877
-0.00324256  0.000583541  4.69985
-0.00320412  0.000575537  4.69844
-0.00316393  0.000567422  4.69479
-0.00312504  0.000560014  4.68746
-0.00308251  0.000551852  4.67971
-0.00304315  0.000544615  4.66963
-0.0029977  0.000536445  4.65602
-0.00295598  0.000529791  4.63575
-0.00291438  0.000522167  4.62376
-0.00286561  0.00051425  4.60013
-0.00282228  0.000507644  4.57461
-0.00277613  0.000500568  4.5471
-0.00272777  0.000493593  4.51338
-0.0026761  0.000486967  4.46867
-0.00262412  0.000480772  4.41815
-0.00256977  0.000473525  4.37098
-0.0025135  0.000467434  4.30756
-0.00245667  0.000460763  4.24658
-0.00239781  0.000454648  4.17425
-0.00234362  0.000448159  4.11376
-0.00228524  0.000441749  4.0413
-0.00222572  0.00043606  3.95752
-0.00216772  0.000429184  3.88578
-0.00210835  0.000423186  3.80058
-0.00205139  0.000417524  3.71568
-0.00199308  0.000412624  3.61851
-0.00192243  0.000406283  3.50108
-0.00185636  0.000401818  3.37556
-0.00179157  0.000395855  3.26273
-0.00171556  0.000391138  3.10776
-0.00162471  0.000384692  2.92368
-0.0015609  0.000380789  2.78605
-0.0014738  0.00037718  2.58178
-0.00139889  0.000372243  2.41479
-0.00133133  0.00036719  2.26404
-0.00123675  0.000362552  2.03212
-0.00115989  0.000359704  1.83454
-0.00107215  0.000355337  1.61016
-0.000984438  0.000351032  1.38004
-0.000899646  0.000347594  1.14975
-0.000832793  0.000344965  0.964717
-0.000692635  0.000342892  0.561796
-0.000617439  0.000338426  0.347014
-0.000503939  0.000336091  0.0117208
-0.000413083  0.000334518  -0.259827
-0.000286684  0.000332991  -0.640605
-0.000148936  0.000332396  -1.05616
