-0.010865  0.0047755  2.17045
-0.0107801  0.00461596  2.22709
-0.0106919  0.00445664  2.28689
-0.0106006  0.0042989  2.34958
-0.0105089  0.00414403  2.41527
-0.0104164  0.00399481  2.48232
-0.0103162  0.00384085  2.55575
-0.0102166  0.00369123  2.63236
-0.0101121  0.00354881  2.70854
-0.0100014  0.00340319  2.79191
-0.0098919  0.00326425  2.8772
-0.00977928  0.00312466  2.9697
-0.00966176  0.00298647  3.06776
-0.00954604  0.00285185  3.17199
-0.00942209  0.00271584  3.2852
-0.00929656  0.00258435  3.40378
-0.0091705  0.00245948  3.52535
-0.00903965  0.00233246  3.66122
-0.00891054  0.0022143  3.79829
-0.00876209  0.00209255  3.94835
-0.00862847  0.00197665  4.11226
-0.00846963  0.00185962  4.28562
-0.00832145  0.0017575  4.45033
-0.00816157  0.00165003  4.64329
-0.00800901  0.00155735  4.82165
-0.00783113  0.00146115  5.01737
-0.00765416  0.00136878  5.22668
-0.00747719  0.00128645  5.4236
-0.00727293  0.00120452  5.62291
-0.00706931  0.00113612  5.78224
-0.00686164  0.00107741  5.90455
-0.00664673  0.00101789  6.0387
-0.0064292  0.000964032  6.15042
-0.00618631  0.000911538  6.23815
-0.0059521  0.000863642  6.31292
-0.00571257  0.000822418  6.3381
-0.00559247  0.00080473  6.32818
-0.00545766  0.000786341  6.30471
-0.00532561  0.000769358  6.27226
-0.00518758  0.000754278  6.21466
-0.0050162  0.00073709  6.12707
-0.00485178  0.000723941  6.01123
-0.00466969  0.000709023  5.8809
-0.00446265  0.000696307  5.69095
-0.00424824  0.000683638  5.48279
-0.00403536  0.000673031  5.2529
-0.00379125  0.000662416  4.96855
-0.00354701  0.000654411  4.65611
-0.00325465  0.000648113  4.25026
-0.00286247  0.000644359  3.66639
