-0.003971  0.00164852  2.10552
-0.00395461  0.00152914  2.25919
-0.00393651  0.00141238  2.43313
-0.00391521  0.00129644  2.63429
-0.00389293  0.00119879  2.83031
-0.00386534  0.00111189  3.02668
-0.00383048  0.0010344  3.21974
-0.00379096  0.000958751  3.43255
-0.00374382  0.000877371  3.69721
-0.00369992  0.00081518  3.92541
-0.00365784  0.00076741  4.11493
-0.00360722  0.00071873  4.32321
-0.00356051  0.000678406  4.51133
-0.00348122  0.000649874  4.58739
-0.00340762  0.000612008  4.75094
-0.00333862  0.000586511  4.83984
-0.00325407  0.000576919  4.77375
-0.00322022  0.000565249  4.81243
-0.00315388  0.000553932  4.79099
-0.00306612  0.00053689  4.7796
-0.00304525  0.000531861  4.78555
-0.0029822  0.000522111  4.75415
-0.0029047  0.000511036  4.70554
-0.00283983  0.000500468  4.67528
-0.0027526  0.000489442  4.60238
-0.00268948  0.00048223  4.54033
-0.00262067  0.000470866  4.50377
-0.00255522  0.000462626  4.44251
-0.0024441  0.000445472  4.36413
-0.002394  0.000442201  4.28312
-0.00231115  0.00043257  4.18695
-0.00222966  0.000422798  4.09099
-0.00214272  0.000416684  3.94236
-0.00207954  0.000406807  3.88277
-0.00196623  0.000399452  3.67059
-0.00187316  0.000391262  3.50957
-0.0017791  0.00038419  3.32935
-0.0016828  0.000374872  3.15522
-0.00158307  0.000366601  2.95436
-0.00150139  0.000359422  2.78611
-0.00136898  0.000354397  2.45201
-0.0012785  0.000346562  2.24636
-0.00118947  0.000343049  2.00982
-0.00105188  0.000334925  1.64777
-0.00089506  0.000330175  1.19652
-0.000776793  0.000325669  0.84992
-0.000623356  0.000321326  0.383895
-0.000486645  0.000317496  -0.0420626
-0.000322763  0.000314819  -0.562982
-0.00015339  0.000313363  -1.1061
