-0.003971  0.00164852  2.10552
-0.00395389  0.00152386  2.26655
-0.003935  0.00140479  2.44521
-0.00391395  0.00128843  2.6497
-0.00388979  0.00119307  2.84124
-0.00385722  0.00109502  3.0659
-0.00381267  0.00100442  3.2981
-0.00377231  0.000931224  3.51399
-0.00372495  0.000857642  3.76025
-0.00367329  0.000799337  3.9699
-0.00363297  0.000747636  4.19051
-0.00354823  0.000694177  4.39115
-0.00348114  0.000647846  4.60161
-0.00340278  0.000615957  4.71263
-0.00333691  0.000597255  4.74992
-0.00324986  0.000564974  4.86724
-0.00318596  0.000553907  4.84912
-0.00312709  0.000544977  4.82055
-0.00307169  0.000534827  4.80845
-0.00301355  0.000523652  4.80005
-0.00295053  0.000513259  4.77446
-0.00287275  0.00050273  4.71973
-0.00280985  0.000493625  4.67935
-0.00274477  0.000482509  4.65229
-0.00268374  0.000474218  4.60494
-0.00261235  0.000463897  4.55349
-0.00253597  0.000455724  4.46755
-0.00246688  0.000444469  4.42525
-0.00239599  0.00043435  4.36512
-0.00232036  0.000427391  4.25924
-0.00223612  0.000418371  4.14971
-0.00215909  0.000410385  4.04277
-0.00206588  0.000402653  3.8889
-0.0019834  0.000393841  3.7665
-0.00189578  0.000386272  3.61347
-0.00178445  0.000378041  3.39764
-0.00170548  0.000371225  3.2473
-0.00160336  0.000363266  3.03734
-0.00151516  0.000356394  2.84841
-0.00138381  0.000348478  2.5362
-0.00128893  0.000343424  2.29725
-0.00116961  0.000337477  1.98418
-0.00105654  0.000332117  1.67573
-0.000949499  0.000327669  1.37181
-0.000811753  0.000322073  0.967956
-0.000675212  0.000317046  0.552638
-0.000541368  0.000313106  0.132122
-0.000385502  0.000310154  -0.369165
-0.000224657  0.000308435  -0.89271
-4.62415e-05  0.000307083  -1.47764
