-0.003971  0.00164852  2.10552
-0.00395428  0.0015265  2.26288
-0.00393219  0.00138626  2.47587
-0.00391412  0.0012893  2.64805
-0.00388965  0.00118338  2.86439
-0.00385754  0.00108883  3.08362
-0.00381733  0.00100417  3.30355
-0.00377624  0.00092773  3.53145
-0.00372858  0.000855332  3.77466
-0.0036764  0.000792434  4.00841
-0.00362268  0.000732097  4.2654
-0.0035641  0.000680391  4.50344
-0.00350174  0.000645448  4.65064
-0.00342583  0.000621408  4.70838
-0.00334354  0.00059981  4.74074
-0.00326429  0.000589137  4.6921
-0.0032196  0.000578939  4.69755
-0.00316658  0.000568193  4.69308
-0.00311236  0.000557495  4.68589
-0.00305629  0.000547037  4.67297
-0.00299728  0.000536677  4.65323
-0.00293734  0.000526462  4.62967
-0.00287822  0.000516228  4.60692
-0.00281289  0.000506222  4.56891
-0.00274634  0.000496537  4.52402
-0.00267989  0.000487313  4.4733
-0.00260515  0.000478253  4.40175
-0.00253266  0.000469052  4.33354
-0.00245282  0.000460704  4.23878
-0.00237305  0.000451201  4.15125
-0.00229856  0.00044322  4.05793
-0.00221898  0.000434258  3.95843
-0.00214003  0.000426269  3.84741
-0.00204905  0.000418001  3.70585
-0.00196671  0.000410067  3.57677
-0.00187488  0.000402864  3.41275
-0.00177792  0.000395241  3.23327
-0.00167758  0.000388751  3.02913
-0.00158773  0.000382291  2.8453
-0.0014753  0.000375867  2.5948
-0.00136698  0.000369057  2.34917
-0.00125434  0.000363388  2.07585
-0.00113712  0.000358005  1.77964
-0.00101943  0.000352692  1.47277
-0.000896241  0.000348092  1.13832
-0.0007753  0.000342963  0.80271
-0.000657909  0.000339475  0.465157
-0.000498715  0.0003359  -0.00382479
-0.000341649  0.000333511  -0.474799
-0.000171238  0.000332413  -0.989018
