-0.010865  0.0047755  2.17045
-0.0107794  0.00461456  2.22761
-0.0106907  0.00445709  2.2864
-0.0106022  0.00430082  2.34889
-0.0105095  0.00414536  2.41462
-0.0104126  0.0039865  2.48655
-0.010317  0.00383986  2.55661
-0.0102148  0.00368799  2.63418
-0.0101132  0.00354698  2.71024
-0.0100021  0.00340267  2.79253
-0.00989232  0.00326269  2.8787
-0.0097767  0.003123  2.97044
-0.00965919  0.002978  3.07562
-0.00954707  0.00284931  3.17518
-0.00942018  0.00271773  3.28222
-0.00930169  0.00258688  3.40244
-0.00916545  0.0024511  3.53534
-0.00905003  0.00233633  3.65961
-0.00891057  0.002209  3.80741
-0.00876869  0.00208763  3.9608
-0.00862484  0.00197284  4.11834
-0.00847858  0.00186581  4.27621
-0.00831771  0.00175118  4.46427
-0.0081592  0.00164405  4.65874
-0.00800038  0.00155263  4.83076
-0.00783155  0.00145371  5.04333
-0.00764988  0.0013657  5.23534
-0.00744908  0.00128525  5.40681
-0.00726924  0.00120563  5.61469
-0.00708939  0.00113723  5.79425
-0.00685644  0.00107001  5.94053
-0.0066492  0.00101803  6.04026
-0.00640818  0.000956384  6.17762
-0.00617778  0.000906762  6.2616
-0.00595956  0.000864099  6.31821
-0.00570562  0.000820823  6.34196
-0.00557707  0.000802644  6.32544
-0.0054416  0.000783012  6.31101
-0.00530241  0.000766558  6.2649
-0.00517977  0.000752225  6.22124
-0.00500047  0.000734932  6.12366
-0.00481042  0.000719971  5.98693
-0.00462794  0.000705621  5.85009
-0.00444047  0.000694444  5.67429
-0.00423146  0.000681848  5.47257
-0.00399994  0.00067041  5.2206
-0.00374004  0.000660546  4.90509
-0.00345758  0.000652154  4.5351
-0.00318188  0.000646687  4.1471
-0.00278134  0.000642871  3.54867
