-0.0037399  0.000868414  3.73083
-0.00371967  0.000853183  3.77372
-0.00371726  0.000835333  3.85147
-0.00370621  0.000821483  3.90295
-0.00369517  0.000808597  3.95149
-0.00368554  0.000795397  4.00497
-0.00367338  0.000780651  4.06505
-0.00365989  0.000765561  4.12754
-0.00364388  0.000750595  4.18851
-0.00363001  0.000741843  4.21923
-0.00361469  0.000720408  4.32351
-0.00360356  0.000710499  4.36814
-0.00359169  0.000701186  4.40923
-0.00356407  0.000692043  4.42758
-0.00355636  0.000676938  4.51498
-0.00353535  0.00066381  4.57262
-0.00352354  0.000657271  4.60015
-0.00350139  0.000645584  4.64911
-0.00347126  0.000637884  4.65799
-0.00346149  0.000628771  4.70997
-0.00345451  0.000627822  4.70596
-0.00341585  0.000620779  4.69708
-0.00339832  0.000612442  4.7324
-0.00336466  0.000604183  4.74138
-0.00334023  0.000598014  4.74943
-0.00324629  0.000585085  4.69383
-0.00315547  0.000568997  4.66693
-0.00309409  0.000554166  4.68107
-0.0030141  0.000539344  4.66141
-0.00292712  0.000524719  4.62557
-0.00283771  0.000509843  4.58517
-0.00276452  0.000499191  4.53637
-0.00263728  0.000482403  4.43049
-0.00254667  0.000470732  4.34786
-0.00242912  0.000457745  4.2144
-0.00233636  0.000448754  4.09214
-0.00218916  0.00043558  3.87796
-0.0020757  0.000423924  3.71694
-0.00189897  0.000410895  3.4047
-0.00183566  0.000400294  3.3367
-0.00169919  0.000390745  3.06898
-0.00154745  0.00037992  2.75704
-0.00138898  0.000372921  2.38383
-0.00125116  0.00036318  2.06828
-0.00110559  0.000358051  1.69135
-0.000985483  0.000352103  1.37881
-0.000707121  0.000342261  0.605154
-0.000589035  0.000338238  0.263233
-0.000304469  0.000335398  -0.582983
-4.77216e-05  0.000332426  -1.36054
