-0.010865  0.0047755  2.17045
-0.0107789  0.00461543  2.22707
-0.0106916  0.00445474  2.28782
-0.0106014  0.0042991  2.34965
-0.0105088  0.00414288  2.41591
-0.0104143  0.00399177  2.48368
-0.0103147  0.00384147  2.55493
-0.0102145  0.0036922  2.6311
-0.010111  0.00354836  2.70857
-0.0100012  0.00340521  2.79019
-0.00988759  0.00325974  2.87986
-0.00977761  0.00312025  2.97335
-0.00966393  0.00298952  3.06535
-0.00954086  0.00284953  3.17275
-0.00942338  0.00271926  3.28155
-0.00930283  0.00258856  3.40067
-0.00917581  0.00246151  3.52459
-0.00904088  0.00233322  3.66056
-0.00890994  0.00221183  3.80225
-0.0087705  0.00209145  3.95444
-0.00862872  0.00197558  4.11459
-0.00847928  0.00186194  4.28546
-0.00832516  0.00175592  4.45644
-0.00816906  0.0016518  4.64284
-0.00800049  0.0015501  4.83871
-0.00783569  0.00145695  5.03496
-0.0076583  0.00136475  5.24514
-0.00746905  0.00128006  5.44433
-0.0072875  0.00120676  5.62458
-0.00707776  0.00113626  5.78899
-0.00686281  0.00107354  5.92694
-0.00664205  0.00101593  6.04575
-0.00642267  0.000960211  6.16809
-0.00618965  0.00091209  6.23803
-0.00595515  0.000863702  6.31602
-0.00571663  0.000822504  6.34238
-0.00558422  0.00080282  6.33295
-0.00545223  0.000785183  6.30711
-0.00531383  0.000769045  6.25949
-0.0051672  0.000753271  6.19591
-0.00500488  0.00073572  6.12309
-0.00485204  0.000723393  6.01614
-0.00464775  0.000706665  5.86947
-0.00445349  0.000693414  5.70149
-0.00424798  0.000682102  5.49475
-0.00401317  0.000669663  5.24617
-0.00375782  0.000659866  4.9371
-0.00349386  0.00065203  4.5916
-0.00318023  0.000646208  4.14763
-0.0027921  0.000642905  3.56522
