-0.003971  0.00164852  2.10552
-0.00394408  0.00154374  2.231
-0.00392304  0.00138773  2.46665
-0.00390305  0.00131048  2.59679
-0.00387352  0.0012002  2.81079
-0.00382874  0.00111435  2.98717
-0.00379988  0.00104588  3.15514
-0.00373831  0.000961807  3.3669
-0.00369674  0.000875885  3.64973
-0.00364803  0.000798434  3.94276
-0.00358337  0.00075162  4.1023
-0.00352719  0.000681394  4.44264
-0.00344967  0.000660575  4.4653
-0.0033804  0.00061306  4.6984
-0.00330368  0.000583209  4.80733
-0.00320179  0.000558734  4.83556
-0.00315414  0.000550546  4.82093
-0.00307185  0.000538381  4.77701
-0.00301672  0.000529365  4.75421
-0.00295379  0.000519717  4.7214
-0.00292117  0.00051262  4.72313
-0.00286556  0.000500841  4.72317
-0.00279025  0.000494136  4.63487
-0.00273145  0.000484367  4.60695
-0.00264781  0.000471352  4.55669
-0.00258701  0.000467875  4.46062
-0.00250294  0.000458844  4.36519
-0.00243258  0.000446786  4.32552
-0.00236396  0.000438104  4.2546
-0.00229313  0.000433022  4.14098
-0.00222848  0.000425338  4.06377
-0.00217761  0.000418515  4.00848
-0.0020092  0.000409736  3.68336
-0.00198693  0.000404369  3.67715
-0.00182243  0.000387763  3.41042
-0.00174976  0.000382716  3.26551
-0.00171124  0.000377929  3.20495
-0.00160614  0.000372787  2.96721
-0.00155529  0.000369008  2.8598
-0.00142723  0.000362017  2.56131
-0.0013322  0.000356761  2.33267
-0.00120036  0.000352385  1.98749
-0.00115691  0.000344449  1.90714
-0.00100327  0.000337999  1.48897
-0.000881148  0.000335227  1.13699
-0.000785054  0.000329425  0.865307
-0.000689235  0.000326399  0.579765
-0.000515751  0.000320396  0.0491608
-0.000515751  0.000320396  0.0491608
-6.78663e-05  0.000317385  -1.36154
