-0.003971  0.00164852  2.10552
-0.00395354  0.00152142  2.26994
-0.00393618  0.00141065  2.43589
-0.00391468  0.00129205  2.64284
-0.00388932  0.00118217  2.86704
-0.00385722  0.00108814  3.08529
-0.00381633  0.00100447  3.30158
-0.00377243  0.000923954  3.54177
-0.00372194  0.000851064  3.78577
-0.00366243  0.000778541  4.062
-0.00360293  0.000721166  4.30265
-0.00353923  0.0006641  4.57646
-0.00347648  0.000633421  4.69906
-0.00339405  0.000603438  4.79594
-0.00331579  0.000580767  4.8484
-0.00321282  0.000557639  4.86483
-0.00315652  0.000548353  4.84453
-0.00309467  0.000536614  4.83526
-0.00304618  0.000527752  4.82457
-0.00297979  0.000517246  4.79421
-0.00292925  0.000508503  4.77725
-0.00286185  0.000498495  4.73796
-0.00279908  0.000488098  4.71029
-0.00273912  0.000480014  4.6647
-0.00267058  0.000470522  4.61313
-0.00260229  0.000461824  4.55214
-0.00252777  0.000453175  4.47459
-0.00245258  0.000444289  4.39484
-0.00239503  0.000436145  4.34494
-0.00230574  0.000427294  4.22598
-0.00223429  0.000419388  4.13529
-0.00214695  0.000410787  4.00925
-0.0020675  0.000403631  3.88351
-0.00197698  0.00039625  3.7274
-0.00188176  0.000388251  3.55893
-0.00180772  0.000381472  3.4281
-0.00172429  0.000375173  3.26327
-0.00161093  0.000368173  3.01741
-0.0015105  0.000360238  2.80509
-0.00141909  0.000354008  2.59625
-0.00129758  0.000348851  2.28631
-0.00119429  0.000342718  2.02583
-0.0010854  0.00033695  1.73736
-0.000964462  0.000332445  1.39711
-0.000856953  0.000326504  1.09326
-0.000714825  0.00032277  0.665567
-0.000594838  0.000319077  0.297225
-0.000453839  0.000316317  -0.145933
-0.000280603  0.00031281  -0.701377
-8.4962e-05  0.000311318  -1.33316
