-0.003971  0.00164852  2.10552
-0.00395512  0.00153231  2.25484
-0.00393568  0.00140683  2.44215
-0.0039163  0.00131095  2.60596
-0.0038928  0.00120924  2.80573
-0.00386275  0.00111132  3.02589
-0.00381861  0.00102718  3.23079
-0.00376821  0.000941942  3.46965
-0.00371781  0.000871318  3.69303
-0.00365961  0.000822204  3.84285
-0.00360367  0.000765919  4.05222
-0.00353151  0.000704772  4.30141
-0.00345434  0.000669366  4.41363
-0.0033664  0.000634564  4.51712
-0.00327978  0.000604945  4.59509
-0.00319765  0.000577056  4.67486
-0.00310345  0.000550428  4.72987
-0.0030076  0.000530535  4.72655
-0.00292032  0.000513539  4.71303
-0.00287574  0.000506485  4.69063
-0.00281952  0.000497085  4.66625
-0.00275677  0.00048745  4.62975
-0.00269356  0.000478318  4.58598
-0.0026417  0.00047015  4.55535
-0.00257916  0.000461695  4.50331
-0.00250758  0.000453915  4.42281
-0.00245067  0.00044324  4.40094
-0.00236954  0.000437144  4.27671
-0.00231771  0.000426954  4.25738
-0.00224257  0.000420859  4.14051
-0.00216636  0.00041369  4.02805
-0.00210065  0.000405832  3.94411
-0.00202057  0.000398152  3.81907
-0.00192436  0.000388761  3.66385
-0.00184567  0.00038228  3.52012
-0.00176802  0.000377578  3.35829
-0.00169958  0.000370692  3.23606
-0.00159484  0.000363331  3.01333
-0.00151864  0.000356626  2.85632
-0.00138522  0.000351314  2.51973
-0.00130788  0.000345032  2.34147
-0.00118655  0.000339071  2.02479
-0.00109998  0.000333921  1.79678
-0.0010413  0.000331542  1.63267
-0.000845448  0.000324269  1.06531
-0.000734  0.000321758  0.727254
-0.00064586  0.000318303  0.458243
-0.000474296  0.000316833  -0.0811284
-0.000342651  0.000313093  -0.502563
-0.000175144  0.000311291  -1.04358
