-0.00397098  0.00164852  2.10552
-0.00395409  0.00153731  2.24684
-0.00393343  0.00142513  2.40921
-0.00391051  0.00132034  2.58304
-0.00388375  0.00122128  2.77066
-0.00385471  0.00113126  2.96545
-0.00381561  0.00104961  3.1589
-0.00377581  0.000968989  3.38065
-0.00373262  0.000894021  3.61582
-0.00368672  0.000825996  3.85804
-0.0036315  0.000759509  4.12306
-0.00357648  0.000708569  4.34182
-0.00351191  0.000662686  4.545
-0.00344925  0.000628741  4.69073
-0.00337266  0.000601364  4.7769
-0.00328504  0.000577521  4.82241
-0.0031982  0.00055757  4.83921
-0.00313204  0.00054769  4.80571
-0.00308214  0.000536261  4.81508
-0.0030158  0.000525396  4.78839
-0.00296128  0.000516315  4.767
-0.00289534  0.000506038  4.73352
-0.00282677  0.000496291  4.68832
-0.0027673  0.000486516  4.66029
-0.00269  0.0004767  4.59409
-0.00263031  0.000467116  4.56056
-0.00256544  0.00045805  4.5092
-0.00249211  0.000449843  4.42847
-0.00240868  0.000439515  4.34269
-0.00233351  0.000430213  4.26187
-0.00225756  0.000421977  4.16505
-0.00217403  0.000413497  4.04847
-0.00209206  0.000404859  3.93238
-0.00200333  0.000396429  3.79218
-0.00191543  0.00038851  3.64323
-0.00183007  0.000380849  3.49237
-0.00172208  0.000372752  3.27855
-0.00162991  0.000365935  3.08775
-0.0015214  0.000359152  2.84392
-0.00140822  0.00035144  2.58427
-0.00130524  0.000345242  2.33239
-0.00117476  0.000340723  1.98038
-0.00107541  0.000333023  1.72783
-0.000967493  0.000328346  1.42378
-0.000860381  0.000324077  1.11202
-0.000705208  0.000320124  0.641027
-0.000554942  0.00031624  0.173734
-0.000419033  0.000312504  -0.25909
-0.000261218  0.000310713  -0.768496
-3.20815e-05  0.000309517  -1.51177
