-0.003971  0.00164852  2.10552
-0.003954  0.00152793  2.26058
-0.00393537  0.00141867  2.42155
-0.00391779  0.00131834  2.5925
-0.00389006  0.00122466  2.76818
-0.00385848  0.00113065  2.9704
-0.00381685  0.00104836  3.16384
-0.00377639  0.000973633  3.36511
-0.00373099  0.000905549  3.56799
-0.00368564  0.00084572  3.76677
-0.00362489  0.000789484  3.95814
-0.00357825  0.00072898  4.22268
-0.00351732  0.000681913  4.42479
-0.00344919  0.000646112  4.56453
-0.00338771  0.000612476  4.71481
-0.00330622  0.000580587  4.83342
-0.00322015  0.000559623  4.86067
-0.00316631  0.00054991  4.84863
-0.0030939  0.000538388  4.8179
-0.00303851  0.000528614  4.80221
-0.0029763  0.000516961  4.79012
-0.00290948  0.000506451  4.75757
-0.0028511  0.000497887  4.72216
-0.00277348  0.000488431  4.65465
-0.00271682  0.000477132  4.64614
-0.00264015  0.000467092  4.58185
-0.00257877  0.000458247  4.53635
-0.0025079  0.000448627  4.47565
-0.00243353  0.000439312  4.40126
-0.00235127  0.000429853  4.30675
-0.00226908  0.00042067  4.20539
-0.00218808  0.000412857  4.08878
-0.00211216  0.000403855  3.99193
-0.00201867  0.000395581  3.83909
-0.00192456  0.000388011  3.67143
-0.00182258  0.00038017  3.47893
-0.00172842  0.000372172  3.30068
-0.0016552  0.000365515  3.16047
-0.0015582  0.000358703  2.95006
-0.00142167  0.00035131  2.62353
-0.00131682  0.000344489  2.37112
-0.00120695  0.000339559  2.08197
-0.00107851  0.000333537  1.73449
-0.000964235  0.000328065  1.41507
-0.000832364  0.000322213  1.0315
-0.000690638  0.000317627  0.600194
-0.000557798  0.000314567  0.183739
-0.000428601  0.000311092  -0.229512
-0.000245385  0.000308758  -0.824641
-6.07078e-05  0.000307729  -1.42753
