-0.010865  0.0047755  2.17045
-0.0107817  0.00462002  2.22546
-0.0106964  0.0044648  2.28374
-0.0106103  0.00431295  2.34417
-0.0105199  0.00416147  2.40778
-0.0104289  0.00401324  2.47403
-0.0103364  0.00386698  2.5437
-0.0102381  0.0037218  2.6165
-0.0101365  0.00357957  2.69208
-0.0100314  0.00344211  2.76906
-0.00992613  0.00330437  2.85262
-0.00981804  0.00316932  2.94008
-0.00970482  0.00303545  3.03244
-0.00958863  0.00289759  3.13662
-0.00947367  0.00276994  3.23966
-0.00935548  0.00264177  3.3521
-0.00923729  0.00252087  3.46599
-0.0091098  0.00239348  3.59719
-0.0089836  0.00227568  3.72795
-0.00884735  0.00215605  3.87159
-0.0087146  0.00204544  4.01605
-0.0085698  0.00193498  4.17048
-0.00843295  0.00182817  4.3393
-0.00827335  0.00172003  4.51933
-0.00811857  0.00162188  4.69738
-0.00795635  0.00152906  4.87644
-0.00778715  0.00143836  5.06629
-0.00761656  0.00134916  5.27479
-0.00744288  0.00127219  5.45743
-0.00724922  0.00119986  5.625
-0.00704711  0.00113165  5.78544
-0.00684263  0.0010715  5.91938
-0.00663673  0.00101495  6.04636
-0.00641328  0.000961289  6.15141
-0.00619168  0.000914218  6.22574
-0.00596283  0.000869406  6.28341
-0.00573888  0.000825875  6.34343
-0.00558707  0.000805479  6.31558
-0.00546122  0.00078646  6.30829
-0.00531962  0.000768134  6.27445
-0.00515803  0.000750139  6.20956
-0.00497972  0.000733637  6.10618
-0.00478722  0.000718637  5.96577
-0.00458609  0.000703692  5.80664
-0.00440097  0.000690956  5.64575
-0.00412798  0.000678025  5.3508
-0.00388764  0.0006673  5.07664
-0.00359556  0.00065708  4.71109
-0.00325777  0.000649598  4.24534
-0.00284756  0.000645887  3.63463
