-0.003971  0.00164852  2.10552
-0.00395399  0.00152676  2.26231
-0.00393428  0.00140563  2.44323
-0.00391608  0.00130582  2.61604
-0.00389192  0.001196  2.83604
-0.00385906  0.00109725  3.06133
-0.0038237  0.00102212  3.25177
-0.00377069  0.000928595  3.52219
-0.00372135  0.000873438  3.68812
-0.00367094  0.000805183  3.93815
-0.00361668  0.000747802  4.16779
-0.00355819  0.000690907  4.42634
-0.00349056  0.000648141  4.61405
-0.00342045  0.000614936  4.7492
-0.00334092  0.000592592  4.79407
-0.00325982  0.000567711  4.8613
-0.00319437  0.000556717  4.83975
-0.0031474  0.000546346  4.84565
-0.00308155  0.000537033  4.80706
-0.00301746  0.000526106  4.78509
-0.00295011  0.000516142  4.74697
-0.00289152  0.000506885  4.71807
-0.00283015  0.000495942  4.69844
-0.00276055  0.000486923  4.64251
-0.00268943  0.000477687  4.58341
-0.00261949  0.000465247  4.55562
-0.00256892  0.000457917  4.5181
-0.00249444  0.000447693  4.45492
-0.0024036  0.000436947  4.35659
-0.00234432  0.000431272  4.27647
-0.00226231  0.00042308  4.16543
-0.00217355  0.000413228  4.04995
-0.00208955  0.000403784  3.93662
-0.00199108  0.000395116  3.77377
-0.00191775  0.000389591  3.63907
-0.00181589  0.000380803  3.45557
-0.00174478  0.000375509  3.31491
-0.00163559  0.000366722  3.09661
-0.00153771  0.000359557  2.88606
-0.00141937  0.000354188  2.59571
-0.00131593  0.000348485  2.34136
-0.00119215  0.000340578  2.03229
-0.00109364  0.000337356  1.75969
-0.000964171  0.000331146  1.40171
-0.000817724  0.000324304  0.97971
-0.000689896  0.000321012  0.591553
-0.000622313  0.000318761  0.383714
-0.000427946  0.000314854  -0.228849
-0.000259362  0.000311925  -0.771464
-7.22274e-05  0.00031064  -1.37707
