-0.010865  0.0047755  2.17045
-0.0107789  0.00461562  2.22699
-0.0106918  0.00445521  2.28761
-0.0105999  0.00429522  2.35143
-0.010507  0.00413989  2.4172
-0.0104161  0.00399214  2.48391
-0.0103134  0.00383211  2.56083
-0.0102135  0.00368843  2.63352
-0.0101083  0.00354331  2.71168
-0.00999969  0.00339932  2.79458
-0.00989032  0.00325937  2.88102
-0.0097762  0.00312034  2.97282
-0.00966076  0.00298142  3.07262
-0.00952875  0.00283463  3.18516
-0.00941592  0.00270879  3.29148
-0.00929125  0.00257964  3.40794
-0.00917135  0.00245501  3.53211
-0.00904585  0.00233573  3.65874
-0.00890312  0.00221073  3.80106
-0.00876216  0.0020875  3.95793
-0.00861529  0.00196946  4.12057
-0.00847593  0.00185802  4.2927
-0.00831501  0.00175069  4.46397
-0.00815983  0.00164566  4.65458
-0.00799017  0.00153999  4.86379
-0.00782574  0.00144998  5.05229
-0.00764058  0.00135743  5.26039
-0.0074843  0.00128514  5.43466
-0.00726291  0.0012016  5.62828
-0.00706983  0.00113421  5.79241
-0.00683889  0.0010773  5.88405
-0.00661998  0.00101599  6.02363
-0.0063964  0.000959275  6.14673
-0.00617872  0.000908978  6.24737
-0.00593503  0.000859944  6.32021
-0.0056913  0.000818026  6.34613
-0.00556924  0.000799717  6.33879
-0.00543209  0.00078299  6.29905
-0.0052941  0.000765263  6.26464
-0.00515786  0.000750383  6.20731
-0.0049892  0.000735708  6.10187
-0.00479204  0.000721567  5.94822
-0.00461478  0.000707963  5.81213
-0.00440268  0.000693979  5.62363
-0.00422182  0.00068077  5.46707
-0.00398681  0.000671319  5.19397
-0.00373513  0.000660704  4.89648
-0.00347985  0.000652899  4.56403
-0.00316389  0.000646229  4.12221
-0.00279613  0.000642944  3.57128
