-0.010865  0.0047755  2.17045
-0.0107788  0.00461551  2.22701
-0.0106941  0.00446053  2.2854
-0.0106043  0.00430192  2.34879
-0.0105112  0.00414686  2.41417
-0.0104149  0.00399077  2.48445
-0.0103185  0.00384369  2.55445
-0.010213  0.00369327  2.62993
-0.0101189  0.00355665  2.70448
-0.0100066  0.00340752  2.78988
-0.00989324  0.00326559  2.87643
-0.00978318  0.00312776  2.96799
-0.00966495  0.0029911  3.06407
-0.00955037  0.00286344  3.16066
-0.00942916  0.00273208  3.26826
-0.00930866  0.00260037  3.38746
-0.00917862  0.00247061  3.51274
-0.00905247  0.00234977  3.63971
-0.00891854  0.00222641  3.78122
-0.00877437  0.00209946  3.94119
-0.00863405  0.00199571  4.07577
-0.00849572  0.00188382  4.24441
-0.00834929  0.00177256  4.42822
-0.00819341  0.00167124  4.60341
-0.00801698  0.00157222  4.78113
-0.00786899  0.00147597  4.99265
-0.00767802  0.00138033  5.20023
-0.00750253  0.0013013  5.38119
-0.00729286  0.00121502  5.59072
-0.00709735  0.00115135  5.73011
-0.0069138  0.00109255  5.87048
-0.0066822  0.00102857  6.0105
-0.00645948  0.000974683  6.11427
-0.0062302  0.00091944  6.23227
-0.00602068  0.00087679  6.29647
-0.00576921  0.000831183  6.33941
-0.00564131  0.00081132  6.33697
-0.0055131  0.000794062  6.31324
-0.00536882  0.000775266  6.2802
-0.00522533  0.000758326  6.23126
-0.00506161  0.000741472  6.1521
-0.00487754  0.000726643  6.02433
-0.00466065  0.000708465  5.87277
-0.00450172  0.000699784  5.71851
-0.00423972  0.000686674  5.44613
-0.00401551  0.000672152  5.23023
-0.00376665  0.000663904  4.92036
-0.00353273  0.000655673  4.62537
-0.00321502  0.000649015  4.1833
-0.00276945  0.0006453  3.51689
