-0.003971  0.00164852  2.10552
-0.00395422  0.00152612  2.2634
-0.00393503  0.00140295  2.44844
-0.00391566  0.00129693  2.63365
-0.00389444  0.00120182  2.82442
-0.00385996  0.0010943  3.07042
-0.00381338  0.00101532  3.2634
-0.0037619  0.000955524  3.41372
-0.0037276  0.000870454  3.70796
-0.00368323  0.000807391  3.94261
-0.00362516  0.000751794  4.15693
-0.00356273  0.00070789  4.32657
-0.00349049  0.000652932  4.58009
-0.00341899  0.000614992  4.74639
-0.00334285  0.000590704  4.81265
-0.0032556  0.000567688  4.85407
-0.00317854  0.000555756  4.81965
-0.0031372  0.000547493  4.81687
-0.00306727  0.000538446  4.76793
-0.00301141  0.000528154  4.75507
-0.00295167  0.000515833  4.75284
-0.00287714  0.000508515  4.67466
-0.00281277  0.000498144  4.64277
-0.00275209  0.000489019  4.60533
-0.00267466  0.000478171  4.54788
-0.00260773  0.000468078  4.50296
-0.00254847  0.000460502  4.44835
-0.00247228  0.00045099  4.37322
-0.00240109  0.000441969  4.30142
-0.00232935  0.000433077  4.22409
-0.00224277  0.000424806  4.10251
-0.0021153  0.000415898  3.88388
-0.00207073  0.000408274  3.84723
-0.0019955  0.000401276  3.72687
-0.00191794  0.00039344  3.60394
-0.00182978  0.000386788  3.43802
-0.00171538  0.000377635  3.2184
-0.00165668  0.000372185  3.10779
-0.00154614  0.000363884  2.87491
-0.00143566  0.000359333  2.60387
-0.00133649  0.000352731  2.37146
-0.00120804  0.000346354  2.04428
-0.00108622  0.000342101  1.71357
-0.00100208  0.000334774  1.49976
-0.000763749  0.000327309  0.805809
-0.000697929  0.000324939  0.609126
-0.000625613  0.000321965  0.390143
-0.000485562  0.000318868  -0.045278
-0.000279232  0.00031663  -0.697242
6.24593e-05  0.000314173  -1.79029
