-0.003971  0.00164852  2.10552
-0.00395296  0.00151876  2.27354
-0.003935  0.00140573  2.44358
-0.00390838  0.00129716  2.62757
-0.00387985  0.00119734  2.82279
-0.00384391  0.00109417  3.05612
-0.00380695  0.00101016  3.27369
-0.00375813  0.000940134  3.4656
-0.00371628  0.000855989  3.75739
-0.00365607  0.000783831  4.02647
-0.00359244  0.00074166  4.16963
-0.00352922  0.000677048  4.47417
-0.00345427  0.00063553  4.64851
-0.00337473  0.000596585  4.81865
-0.00329248  0.000573822  4.86647
-0.00320319  0.000554209  4.87756
-0.00313868  0.000544987  4.84173
-0.00309295  0.000534385  4.85222
-0.00302797  0.000524495  4.81982
-0.00296223  0.000513371  4.79619
-0.00290702  0.00050403  4.77555
-0.00282955  0.000493447  4.72097
-0.00277055  0.000484746  4.684
-0.00271258  0.000475602  4.65217
-0.00263945  0.000466151  4.5896
-0.0025705  0.000458406  4.51673
-0.00250301  0.000448399  4.46702
-0.0024288  0.000439128  4.39233
-0.00235634  0.000429999  4.31709
-0.00226865  0.000422254  4.18859
-0.00220331  0.000413265  4.12159
-0.00212734  0.000405828  4.00992
-0.00203749  0.000397232  3.8705
-0.00194323  0.000389648  3.70394
-0.00186151  0.000382051  3.56369
-0.00176741  0.000374611  3.38328
-0.00167669  0.000367857  3.19877
-0.00157426  0.000361566  2.97112
-0.00147103  0.000355231  2.73352
-0.0013665  0.00034715  2.49604
-0.00127208  0.000341889  2.25827
-0.00116826  0.00033655  1.98561
-0.00106391  0.000331099  1.70316
-0.000915912  0.000324992  1.27976
-0.000775255  0.000321426  0.856356
-0.000656338  0.000316445  0.494046
-0.000503511  0.00031239  0.0112381
-0.000386376  0.000310434  -0.366015
-0.000204127  0.000308206  -0.959984
-1.84652e-05  0.00030747  -1.56612
