-0.003971  0.00164852  2.10552
-0.00395465  0.00153104  2.2564
-0.00393497  0.00140572  2.44357
-0.00391716  0.00131106  2.60642
-0.00388879  0.00121168  2.79676
-0.00386055  0.00112447  2.98856
-0.00382228  0.00103707  3.20354
-0.00377765  0.00095348  3.43756
-0.00373339  0.000883255  3.66077
-0.00368611  0.000827403  3.85074
-0.00363311  0.000766454  4.0878
-0.00357637  0.000702439  4.37955
-0.00351366  0.000659304  4.57097
-0.00343675  0.000621524  4.72508
-0.00336234  0.000591016  4.84308
-0.00328536  0.000573136  4.85985
-0.00320319  0.000554209  4.87756
-0.00314266  0.000544139  4.85658
-0.00308125  0.000532115  4.85092
-0.00301999  0.000522282  4.82495
-0.00295426  0.000512715  4.78679
-0.00289156  0.000502555  4.75881
-0.00282253  0.000492596  4.71489
-0.00276299  0.000483278  4.68258
-0.0026939  0.000474814  4.62055
-0.00263105  0.000464693  4.58592
-0.00256132  0.000456321  4.51726
-0.00248107  0.00044528  4.44906
-0.00240151  0.000436378  4.35748
-0.00234331  0.000429351  4.29326
-0.00225269  0.000420041  4.17266
-0.00216602  0.000410247  4.06103
-0.0020797  0.00040264  3.92337
-0.00199897  0.000395871  3.78651
-0.00188735  0.000386618  3.58841
-0.00182982  0.000380233  3.49738
-0.00172122  0.000371913  3.28363
-0.00158267  0.000363765  2.97629
-0.00152021  0.000356939  2.85823
-0.00136588  0.000349528  2.47729
-0.00124097  0.000340739  2.17461
-0.0012076  0.000338829  2.08836
-0.00102384  0.000333687  1.56985
-0.000973938  0.000328012  1.44488
-0.000796716  0.000322034  0.921382
-0.00071993  0.000319272  0.688848
-0.000559367  0.00031397  0.189084
-0.00033268  0.000310109  -0.539551
-0.000204127  0.000308206  -0.959984
7.29733e-06  0.000307722  -1.64856
