-0.003971  0.00164852  2.10552
-0.00396038  0.00156942  2.20487
-0.00395112  0.00150502  2.29308
-0.0039407  0.00143745  2.39361
-0.00392821  0.00136354  2.51421
-0.00391695  0.00130343  2.62151
-0.00390354  0.00123989  2.74503
-0.00388786  0.00117678  2.87891
-0.00386966  0.00111861  3.01235
-0.00384791  0.00106763  3.13583
-0.00382446  0.00101852  3.26403
-0.00380094  0.000972574  3.39403
-0.00377545  0.000926593  3.53494
-0.00374943  0.000883064  3.67972
-0.00371946  0.000843409  3.8172
-0.00368767  0.000811218  3.92948
-0.00365684  0.000779074  4.05204
-0.00362935  0.000733618  4.26564
-0.00359988  0.000707553  4.38112
-0.00354948  0.000692722  4.40217
-0.00352114  0.000655399  4.60962
-0.00349166  0.000640995  4.66722
-0.00343766  0.000623572  4.71102
-0.00340084  0.000613049  4.73181
-0.00334433  0.0005989  4.74926
-0.00324433  0.000585063  4.69066
-0.00317776  0.000570264  4.69565
-0.0031004  0.000555471  4.68143
-0.0030219  0.000540842  4.66292
-0.00294261  0.00052703  4.63467
-0.00285279  0.000512349  4.59215
-0.00276437  0.000498918  4.53857
-0.00266726  0.000485713  4.46202
-0.00256409  0.000472804  4.36564
-0.00244907  0.000461162  4.22644
-0.00234581  0.000448334  4.11703
-0.0022372  0.00043626  3.98203
-0.0021182  0.000425205  3.80568
-0.00200186  0.000413785  3.62956
-0.00187828  0.000402775  3.42197
-0.00172393  0.000394376  3.10347
-0.00160013  0.000383729  2.86694
-0.00145144  0.000374572  2.54007
-0.00130199  0.00036581  2.19237
-0.00113912  0.000358314  1.78369
-0.000979514  0.000350593  1.36772
-0.000801516  0.000343995  0.876514
-0.000640638  0.000339004  0.414856
-0.000416813  0.000334438  -0.248737
-0.000180982  0.000332429  -0.959658
