-0.003971  0.00164852  2.10552
-0.00395276  0.00151609  2.27741
-0.00393261  0.00138873  2.47177
-0.00390871  0.00126333  2.69819
-0.00388055  0.00115146  2.93587
-0.00383824  0.00105376  3.16793
-0.00379335  0.000971521  3.38989
-0.00374423  0.000899228  3.6078
-0.00369704  0.000808788  3.95288
-0.00363826  0.00074641  4.20448
-0.00357242  0.000691694  4.44188
-0.00351157  0.00065263  4.61451
-0.0034201  0.000618323  4.72262
-0.00339101  0.000610444  4.73592
-0.00325948  0.00058751  4.69691
-0.00320613  0.000575805  4.69974
-0.00315655  0.000567608  4.68025
-0.00310983  0.000557299  4.68299
-0.00305415  0.000546603  4.67277
-0.00299777  0.00053653  4.65542
-0.00294074  0.000526859  4.63263
-0.00287889  0.000516321  4.60739
-0.00281705  0.000507085  4.56935
-0.00275722  0.000497771  4.53467
-0.00268561  0.00048881  4.47128
-0.00262109  0.000480061  4.41838
-0.00254535  0.000470578  4.34647
-0.00247198  0.000462814  4.26086
-0.00238345  0.00045447  4.14427
-0.00232038  0.000445849  4.08295
-0.00224483  0.000437213  3.9908
-0.00216731  0.000428657  3.88962
-0.00208533  0.000420825  3.76719
-0.00198596  0.000414126  3.58819
-0.00190682  0.000405092  3.47285
-0.00181387  0.00039897  3.29316
-0.00173109  0.000391506  3.14449
-0.00163118  0.000384992  2.93819
-0.00151735  0.000377802  2.69282
-0.00142167  0.000372123  2.47679
-0.00131831  0.000366618  2.23206
-0.00121084  0.000361278  1.96758
-0.00109628  0.000355964  1.67511
-0.000988953  0.000351428  1.39133
-0.000853945  0.000345867  1.02335
-0.00073296  0.000341677  0.681813
-0.000603012  0.000338172  0.304614
-0.000458709  0.000335122  -0.123211
-0.000306755  0.000333172  -0.580016
-0.000133749  0.00033237  -1.10194
