-0.00395533  0.00158399  2.1814
-0.0039191  0.00138039  2.47691
-0.00389727  0.0012799  2.65432
-0.0038345  0.0011026  3.02423
-0.00377094  0.000987239  3.31322
-0.0037117  0.000909612  3.53085
-0.00363693  0.000816403  3.84239
-0.00355579  0.000746586  4.09302
-0.00347592  0.000690955  4.30696
-0.00337782  0.000626657  4.59234
-0.00324908  0.000580166  4.73844
-0.00313056  0.000549217  4.78966
-0.0030686  0.000539788  4.75853
-0.00302375  0.000530112  4.76078
-0.00297766  0.000524056  4.72786
-0.00291947  0.000514299  4.70441
-0.00286773  0.000504937  4.68916
-0.0028026  0.000495037  4.65137
-0.00275336  0.000488936  4.60871
-0.00270417  0.00048029  4.58925
-0.00264743  0.000473065  4.5394
-0.00259522  0.000464842  4.50738
-0.00253337  0.000459116  4.42887
-0.00246776  0.000449236  4.38023
-0.00241455  0.000440636  4.34498
-0.00234896  0.00043413  4.25899
-0.00227998  0.000424758  4.19058
-0.00221969  0.000419701  4.09743
-0.00215913  0.000411958  4.02742
-0.00208487  0.000405076  3.91253
-0.00198719  0.000398691  3.73018
-0.00193371  0.000392016  3.65726
-0.00187116  0.000385485  3.55697
-0.00178142  0.000378616  3.38449
-0.00171655  0.000372777  3.26349
-0.00161348  0.000367143  3.03281
-0.00153027  0.000360911  2.85464
-0.00142545  0.000354563  2.61012
-0.0013496  0.000349184  2.43309
-0.00126391  0.000343743  2.22234
-0.00117046  0.000339473  1.97501
-0.00107424  0.000334907  1.71463
-0.000970085  0.000329505  1.42664
-0.00086938  0.000326157  1.13252
-0.00078232  0.000323088  0.873816
-0.000653942  0.000319489  0.481838
-0.000495676  0.000315456  -0.0137073
-0.00035065  0.000312576  -0.477805
-0.000275757  0.000311849  -0.719077
-6.5148e-05  0.000310414  -1.40088
