-0.003307  0.000813733  3.44954
-0.000743448  0.000376343  0.646879
-0.000743448  0.000376343  0.646879
-0.000743448  0.000376343  0.646879
-0.0028933  0.000682967  3.50428
-0.0028933  0.000682967  3.50428
-0.0028933  0.000682967  3.50428
-0.0028933  0.000682967  3.50428
-0.0028933  0.000682967  3.50428
-0.0028933  0.000682967  3.50428
-0.0028933  0.000682967  3.50428
-0.0028933  0.000682967  3.50428
-0.0028933  0.000682967  3.50428
-0.0028933  0.000682967  3.50428
-0.0028933  0.000682967  3.50428
-0.0028933  0.000682967  3.50428
-0.00309983  0.000744168  3.49361
-0.00309983  0.000744168  3.49361
-0.00309983  0.000744168  3.49361
-0.0028933  0.000682967  3.50428
-0.0028933  0.000682967  3.50428
-0.0028933  0.000682967  3.50428
-0.0028933  0.000682967  3.50428
-0.0028933  0.000682967  3.50428
-0.0028933  0.000682967  3.50428
-0.0028933  0.000682967  3.50428
-0.0028933  0.000682967  3.50428
-0.0028933  0.000682967  3.50428
-0.00220584  0.000537849  3.1716
-0.00220584  0.000537849  3.1716
-0.00220584  0.000537849  3.1716
-0.00220584  0.000537849  3.1716
-0.00220584  0.000537849  3.1716
-0.00220584  0.000537849  3.1716
-0.0019236  0.000504368  2.82254
-0.0019236  0.000504368  2.82254
-0.00191292  0.0005034  2.80675
-0.00188572  0.000478409  2.89653
-0.00181146  0.000463978  2.82656
-0.00181146  0.000463978  2.82656
-0.00181146  0.000463978  2.82656
-0.00125551  0.000364143  2.07477
-0.00125551  0.000364143  2.07477
-0.00106937  0.000354886  1.60438
-0.00103032  0.000353682  1.49941
-0.000912224  0.000353301  1.16678
-0.000912224  0.000353301  1.16678
-0.000497127  0.000336079  -0.00854983
-0.000473666  0.00033554  -0.0784821
-8.83101e-05  0.000332436  -1.2384
