-0.003971  0.00164852  2.10552
-0.0039516  0.0015082  2.28856
-0.00390817  0.00126084  2.70309
-0.00390817  0.00126084  2.70309
-0.00388921  0.00118175  2.86797
-0.00385556  0.00108466  3.09366
-0.00382152  0.00101254  3.2804
-0.00377223  0.000921455  3.55115
-0.00372503  0.000850973  3.78981
-0.00367394  0.00077994  4.06947
-0.00361272  0.000728852  4.27072
-0.00356335  0.000690726  4.43497
-0.00350249  0.000646223  4.64621
-0.00340088  0.0006245  4.64511
-0.00335951  0.000602632  4.74504
-0.00325456  0.000586961  4.69292
-0.0032057  0.00057582  4.69887
-0.00315104  0.000564897  4.69296
-0.00309726  0.00055477  4.6817
-0.00304073  0.000544407  4.66698
-0.00297901  0.000533167  4.6496
-0.00292339  0.000523692  4.62751
-0.00286003  0.000513281  4.59794
-0.0027999  0.000503921  4.564
-0.00273454  0.000494515  4.51865
-0.00266123  0.00048511  4.45513
-0.00258514  0.000475984  4.38069
-0.00250582  0.000468299  4.2832
-0.0024261  0.000457511  4.20996
-0.00233237  0.000447565  4.09407
-0.00228212  0.000442275  4.02944
-0.00220174  0.000432604  3.93372
-0.00212412  0.000424391  3.82694
-0.0020375  0.000416239  3.69379
-0.00194614  0.000408875  3.53686
-0.00185826  0.000401044  3.38682
-0.00174578  0.000393315  3.16738
-0.00165807  0.00038732  2.98996
-0.00155355  0.000380241  2.77075
-0.00146327  0.000374645  2.57115
-0.0013475  0.000368429  2.30032
-0.00120775  0.000361688  1.95679
-0.0011172  0.000356985  1.72892
-0.000997748  0.000351382  1.41654
-0.000874406  0.000346501  1.08053
-0.00076131  0.000342528  0.762885
-0.00061134  0.000338263  0.329151
-0.000460663  0.00033537  -0.117294
-0.000307926  0.000333145  -0.576548
-0.000134528  0.000332371  -1.09959
