-0.003971  0.00164852  2.10552
-0.00395388  0.00152375  2.26669
-0.00393676  0.00141331  2.43171
-0.00391738  0.00130717  2.61434
-0.00388396  0.00117064  2.8907
-0.00385944  0.00110009  3.05379
-0.00381809  0.00101336  3.27433
-0.00377671  0.000948268  3.45547
-0.00372709  0.000873325  3.69518
-0.00367716  0.000806951  3.93723
-0.0035763  0.000717691  4.28638
-0.00352369  0.000675821  4.4741
-0.00349927  0.000658553  4.55434
-0.00335472  0.000600413  4.7546
-0.00333786  0.00059428  4.7753
-0.00317272  0.000553189  4.83147
-0.00311976  0.000550094  4.76239
-0.00301863  0.000544261  4.62762
-0.00290058  0.000516104  4.65134
-0.00290058  0.000516104  4.65134
-0.00279649  0.00050243  4.57076
-0.00278599  0.000499542  4.57617
-0.00277196  0.000497743  4.56451
-0.00257994  0.00048894  4.25397
-0.00255518  0.000462691  4.4418
-0.00255518  0.000462691  4.4418
-0.00248299  0.000453332  4.37425
-0.00235836  0.000442982  4.1951
-0.00227871  0.000431215  4.12488
-0.00227871  0.000431215  4.12488
-0.00220331  0.000423378  4.02315
-0.00211584  0.00041336  3.90903
-0.0020068  0.000404101  3.72876
-0.00194671  0.000393315  3.67825
-0.00190131  0.000388864  3.6036
-0.00185554  0.000385629  3.51514
-0.00175968  0.00037699  3.34141
-0.0016185  0.000366527  3.05162
-0.00157935  0.000363441  2.9698
-0.00151333  0.000358364  2.82766
-0.00134807  0.000350021  2.42292
-0.00122008  0.000343597  2.0957
-0.00114555  0.000339153  1.90342
-0.0010102  0.000331893  1.53725
-0.000864074  0.000328298  1.10897
-0.000766097  0.000323055  0.823688
-0.000610457  0.00031984  0.345352
-0.000491854  0.000316589  -0.0257313
-0.00032676  0.000314872  -0.550193
-0.000160028  0.000312417  -1.0882
