-0.003971  0.00164852  2.10552
-0.00395489  0.00153107  2.25652
-0.00393108  0.00140428  2.44331
-0.00390847  0.00129912  2.62368
-0.00387819  0.0011821  2.85778
-0.00384691  0.00108853  3.07469
-0.00380818  0.00100107  3.30465
-0.00375818  0.000934431  3.4868
-0.0037175  0.000869674  3.69966
-0.00365678  0.000783466  4.02925
-0.00360849  0.000751065  4.13877
-0.00352799  0.00068656  4.41038
-0.00344899  0.000642839  4.58745
-0.00339486  0.00060732  4.76662
-0.00328679  0.000575294  4.84412
-0.00319677  0.000553761  4.86992
-0.00312626  0.000540758  4.85662
-0.00307869  0.000533847  4.8304
-0.00302228  0.000522628  4.82615
-0.00296185  0.000513328  4.79585
-0.00290652  0.000504364  4.77139
-0.00284402  0.000495272  4.73279
-0.0027673  0.000485998  4.66524
-0.0027001  0.00047571  4.62487
-0.00263386  0.000464789  4.59102
-0.00257551  0.000457172  4.53989
-0.00249756  0.000450292  4.43615
-0.00242137  0.000439037  4.37632
-0.00234526  0.000430895  4.2824
-0.00227533  0.000422835  4.19864
-0.00219916  0.000414796  4.09639
-0.0021026  0.000405577  3.95141
-0.00202544  0.000397866  3.83405
-0.00194655  0.000391655  3.69345
-0.0018647  0.000382821  3.56485
-0.001748  0.000376844  3.31172
-0.00166201  0.000368655  3.15202
-0.00157956  0.000361962  2.98253
-0.00146758  0.000355018  2.72543
-0.00135384  0.000348815  2.44783
-0.00123998  0.000341817  2.16483
-0.00113465  0.000337305  1.88152
-0.00101198  0.000332331  1.54057
-0.000904842  0.000327248  1.23711
-0.000761019  0.000321066  0.812977
-0.000637157  0.000317809  0.431571
-0.000506949  0.000314536  0.0220941
-0.000316028  0.000311434  -0.590726
-0.000163549  0.000309392  -1.08746
2.08377e-05  0.000309263  -1.68413
