-0.010865  0.0047755  2.17045
-0.0107779  0.00461211  2.22845
-0.0106924  0.00445649  2.28708
-0.0106011  0.00429657  2.35097
-0.010509  0.00414113  2.41696
-0.010416  0.00399024  2.48506
-0.0103164  0.0038382  2.55755
-0.0102158  0.00369087  2.63239
-0.0101109  0.00354397  2.71189
-0.0100039  0.00340436  2.79169
-0.00989188  0.00326206  2.87912
-0.00977875  0.00312276  2.97133
-0.00966556  0.00298913  3.0663
-0.0095441  0.00285279  3.17027
-0.00942268  0.00272048  3.27982
-0.0092978  0.00259283  3.39312
-0.00917145  0.00246216  3.52189
-0.00904082  0.00233119  3.66372
-0.00890395  0.0022107  3.80149
-0.00876929  0.00209286  3.95118
-0.0086216  0.00197414  4.11398
-0.00847523  0.00186583  4.27437
-0.00832486  0.00175832  4.45019
-0.008166  0.00165351  4.63619
-0.0080002  0.00155045  4.83743
-0.00783214  0.0014547  5.04032
-0.00765513  0.00136617  5.23738
-0.00747542  0.00128293  5.43708
-0.0072797  0.00120681  5.61788
-0.00707968  0.00113809  5.78132
-0.00686793  0.00107542  5.92134
-0.00664219  0.00101731  6.03771
-0.00642595  0.000963441  6.15081
-0.00619277  0.000910561  6.25194
-0.00595567  0.000864304  6.31222
-0.00571531  0.000822907  6.33767
-0.00559875  0.00080527  6.33173
-0.00546111  0.000787518  6.29969
-0.00532994  0.000769827  6.27407
-0.00518628  0.000754719  6.20929
-0.00503238  0.000738538  6.13696
-0.00485108  0.000723673  6.01249
-0.00466247  0.000709977  5.86282
-0.00447092  0.000696337  5.70258
-0.00426791  0.0006847  5.50301
-0.0040287  0.000673427  5.23991
-0.00377249  0.000663591  4.93149
-0.00353695  0.000654744  4.63838
-0.00322472  0.000648018  4.2047
-0.00284289  0.000645199  3.63127
