-0.010865  0.0047755  2.17045
-0.0107794  0.00461456  2.22761
-0.0106931  0.00445813  2.28641
-0.0106025  0.00430043  2.34918
-0.0105109  0.00414693  2.41405
-0.0104166  0.0039936  2.48312
-0.0103195  0.00384411  2.55443
-0.0102192  0.00369445  2.63076
-0.0101152  0.00355048  2.70813
-0.0100073  0.00340835  2.78941
-0.00989525  0.0032689  2.87413
-0.00978258  0.00312786  2.96771
-0.00967072  0.00299229  3.06479
-0.00955046  0.00285414  3.17099
-0.00943022  0.00272253  3.28012
-0.00930971  0.00259347  3.39688
-0.0091832  0.00246471  3.523
-0.00904789  0.00233452  3.66153
-0.00891775  0.00221906  3.79338
-0.00877988  0.00209916  3.94438
-0.00863838  0.00198162  4.10693
-0.00848904  0.0018688  4.27496
-0.00833903  0.0017635  4.44516
-0.00818275  0.00165916  4.6305
-0.00801792  0.00155807  4.82516
-0.00784992  0.00146328  5.02289
-0.00767667  0.00137547  5.21763
-0.00749181  0.00128897  5.42434
-0.00730257  0.00121063  5.61906
-0.00709916  0.00114284  5.77433
-0.00689039  0.00108009  5.91656
-0.00667587  0.00102161  6.04523
-0.00645724  0.000968136  6.15331
-0.00622934  0.000915882  6.25555
-0.0059995  0.000871366  6.31136
-0.00575511  0.000827817  6.34815
-0.0056257  0.000808834  6.33715
-0.00548982  0.000789109  6.32337
-0.00535348  0.000771845  6.28815
-0.0052066  0.000755736  6.22783
-0.00504516  0.000739244  6.14839
-0.00486499  0.000723919  6.02966
-0.00467595  0.000709301  5.88742
-0.00446983  0.000696679  5.69822
-0.00424903  0.000683921  5.48167
-0.00402485  0.000671878  5.24627
-0.00376041  0.000661272  4.93051
-0.00346401  0.000651906  4.54668
-0.00313937  0.000646036  4.08548
-0.00276754  0.000642834  3.52741
