-0.010865  0.0047755  2.17045
-0.0107783  0.00462078  2.22435
-0.0106969  0.00446455  2.28396
-0.0106089  0.00430964  2.34564
-0.0105209  0.00416062  2.40853
-0.0104244  0.00400426  2.47847
-0.0103334  0.00386465  2.54444
-0.0102354  0.00372607  2.61277
-0.010134  0.0035789  2.69189
-0.0100327  0.00344269  2.76898
-0.00991788  0.00330395  2.85049
-0.00981422  0.00316618  2.94179
-0.00969981  0.00303095  3.03529
-0.00958609  0.00290033  3.13278
-0.00947  0.00277037  3.23784
-0.00935033  0.00263778  3.35522
-0.00923716  0.00252324  3.46267
-0.00908754  0.00238747  3.59692
-0.00897076  0.0022718  3.72866
-0.00884384  0.00215428  3.87316
-0.00869701  0.00203262  4.03274
-0.00856256  0.00192745  4.18302
-0.00841171  0.00181527  4.35842
-0.00825711  0.00171593  4.52064
-0.00811218  0.00162268  4.69112
-0.0079464  0.00152342  4.88795
-0.00778691  0.00143868  5.06499
-0.00759267  0.00134947  5.25589
-0.00742276  0.00126525  5.47147
-0.00727133  0.00121027  5.59488
-0.00704225  0.0011369  5.75448
-0.00682811  0.00107388  5.89276
-0.00661161  0.00101419  6.02611
-0.00638493  0.000959122  6.13575
-0.00617017  0.000910481  6.22766
-0.00594226  0.000867122  6.27624
-0.00570957  0.000823027  6.32977
-0.0055818  0.000805496  6.3089
-0.00543625  0.000786713  6.27452
-0.0052555  0.000767122  6.19914
-0.0051075  0.00075219  6.12544
-0.00494117  0.000735491  6.03837
-0.00475825  0.000716302  5.94476
-0.00458721  0.000705997  5.78928
-0.00435267  0.00069059  5.57881
-0.00410981  0.000679632  5.31142
-0.00387726  0.000668427  5.05255
-0.00356354  0.000658734  4.65065
-0.00324773  0.000652548  4.21077
-0.00287753  0.000647674  3.67088
