-0.003971  0.00164852  2.10552
-0.00395316  0.00151885  2.27355
-0.00393777  0.00141942  2.42195
-0.0039177  0.00130723  2.61446
-0.00389608  0.00120839  2.81042
-0.00386853  0.00111551  3.01971
-0.00382432  0.00104406  3.18402
-0.00380003  0.0009707  3.39964
-0.00375772  0.000896358  3.6344
-0.00370047  0.00081309  3.93619
-0.00365765  0.00076732  4.11517
-0.00359478  0.000722265  4.28482
-0.00354267  0.000670986  4.53462
-0.00347443  0.000637806  4.66354
-0.00342158  0.000620205  4.71068
-0.00332892  0.000595842  4.74777
-0.0032521  0.000585895  4.69726
-0.0032038  0.000575449  4.69859
-0.00314432  0.00056393  4.68908
-0.00309087  0.000552951  4.68554
-0.00303121  0.0005425  4.66582
-0.00297074  0.000530969  4.65326
-0.00290286  0.000519712  4.62344
-0.0028436  0.000510657  4.58938
-0.00278407  0.000502689  4.54371
-0.0027155  0.000492501  4.49847
-0.00263214  0.000481578  4.4274
-0.00256012  0.000472383  4.36111
-0.00247907  0.000462834  4.27598
-0.00240532  0.000454887  4.18856
-0.00233451  0.000447194  4.10227
-0.00224364  0.000437619  3.98437
-0.00215847  0.000428978  3.86611
-0.00206002  0.000418257  3.72981
-0.00199165  0.0004135  3.60737
-0.00189231  0.000404243  3.44424
-0.00178405  0.000397031  3.23412
-0.00169802  0.000389671  3.07445
-0.00162823  0.000384424  2.93487
-0.00146494  0.000375614  2.56896
-0.00135753  0.000370376  2.31531
-0.001246  0.000363589  2.05178
-0.00114077  0.000358399  1.78786
-0.00105192  0.000354406  1.55731
-0.00088274  0.000346868  1.10342
-0.000757986  0.000342645  0.752923
-0.000618996  0.000338997  0.351024
-0.000496221  0.000336396  -0.0112349
-0.000393513  0.000334102  -0.318727
-0.000106933  0.000332391  -1.18254
