-0.010865  0.0047755  2.17045
-0.01078  0.00461498  2.22752
-0.010693  0.00445621  2.28737
-0.0106025  0.00429938  2.34976
-0.0105115  0.00414352  2.41619
-0.0104158  0.00398957  2.48543
-0.0103182  0.00383775  2.55833
-0.0102185  0.00369104  2.63299
-0.0101137  0.00354531  2.71167
-0.0100042  0.00340282  2.79305
-0.00989357  0.00326172  2.87995
-0.00978118  0.00312205  2.97278
-0.0096644  0.00298543  3.06971
-0.00954643  0.002848  3.17642
-0.00942503  0.00271411  3.28838
-0.00930215  0.00258603  3.40373
-0.00917688  0.00245966  3.52768
-0.00904524  0.00233257  3.66345
-0.00891038  0.00221088  3.80409
-0.00877055  0.00208846  3.96011
-0.00863021  0.0019752  4.11614
-0.00848055  0.00186266  4.2845
-0.00832705  0.00175584  4.45773
-0.00816215  0.00164626  4.65428
-0.00800622  0.00155082  4.84016
-0.00783234  0.00145479  5.04014
-0.00765955  0.00136561  5.24274
-0.00747534  0.00128211  5.44052
-0.00727025  0.00120069  5.63864
-0.00708016  0.00113414  5.80189
-0.00685979  0.00107309  5.92663
-0.00664098  0.00101426  6.05464
-0.00641687  0.000962524  6.14725
-0.00620268  0.00091137  6.25726
-0.00596049  0.000864379  6.31724
-0.00571706  0.000821813  6.34823
-0.0055947  0.000803209  6.34293
-0.0054715  0.000786393  6.3219
-0.00532849  0.000769084  6.27823
-0.00517726  0.000752196  6.21814
-0.00502659  0.000736524  6.14588
-0.00484553  0.000721977  6.01893
-0.00466076  0.000707426  5.88155
-0.00446924  0.000695156  5.70985
-0.00426042  0.000683182  5.50427
-0.00402452  0.000672245  5.2429
-0.00377221  0.000661894  4.94371
-0.00351991  0.000654151  4.61654
-0.00318294  0.000647591  4.14295
-0.00282994  0.000644161  3.61701
