-0.00335775  0.000608261  4.69823
-0.00325232  0.000585811  4.69831
-0.00321569  0.000577719  4.70071
-0.00315778  0.000566401  4.69239
-0.00310572  0.000556395  4.68323
-0.00310072  0.000555246  4.68391
-0.00303058  0.000542679  4.66312
-0.00300536  0.000537887  4.65779
-0.00296305  0.000530728  4.64088
-0.00291111  0.000521621  4.62234
-0.00287013  0.000515039  4.60184
-0.00283831  0.000510295  4.58226
-0.00278495  0.000503055  4.54214
-0.00274004  0.00049545  4.52121
-0.00266879  0.000486016  4.46237
-0.00264156  0.000482552  4.43798
-0.00258141  0.000475765  4.37487
-0.00251398  0.000466853  4.31395
-0.00245802  0.000460589  4.25113
-0.00241498  0.000456493  4.19497
-0.00235741  0.000450013  4.12746
-0.00231038  0.000444628  4.07166
-0.00224408  0.000437034  3.99072
-0.00216545  0.00043014  3.87188
-0.00212517  0.000424437  3.829
-0.00208918  0.000421033  3.77449
-0.0020142  0.000414539  3.65274
-0.00194729  0.000408783  3.54048
-0.00186902  0.000401907  3.4063
-0.00179569  0.000396161  3.27061
-0.00174575  0.000392506  3.17383
-0.0016616  0.000388593  2.98924
-0.0015936  0.000382664  2.85787
-0.0015034  0.000377399  2.65871
-0.00143818  0.000373051  2.51487
-0.00138298  0.000369964  2.38666
-0.00127704  0.000364505  2.13178
-0.00119753  0.000361734  1.9283
-0.00112013  0.000357698  1.73367
-0.00102207  0.000353439  1.47712
-0.000931157  0.000349832  1.23247
-0.000851392  0.000345792  1.01619
-0.000769969  0.000342949  0.787197
-0.000769969  0.000342949  0.787197
-0.000520217  0.000336226  0.0601286
-0.000446221  0.00033488  -0.160592
-0.000339871  0.000333466  -0.480197
-0.000257629  0.000332769  -0.728346
-9.08982e-05  0.00033242  -1.23068
-8.08059e-05  0.000332371  -1.26122
