-0.010865  0.0047755  2.17045
-0.0107799  0.00461784  2.22612
-0.0106952  0.0044647  2.28352
-0.0106069  0.00430926  2.3454
-0.0105181  0.00416195  2.40707
-0.0104262  0.00401268  2.47371
-0.0103301  0.00386202  2.54532
-0.0102285  0.0037155  2.61835
-0.0101307  0.00357751  2.692
-0.0100269  0.00343895  2.77028
-0.00992268  0.00330185  2.85376
-0.00980972  0.00316354  2.94282
-0.00969979  0.00302985  3.03639
-0.00958475  0.00289802  3.13481
-0.00946283  0.00276657  3.23969
-0.00934526  0.00263771  3.35339
-0.00922598  0.00251305  3.47226
-0.00909697  0.00238569  3.60355
-0.00896828  0.002264  3.74041
-0.00883428  0.00214914  3.87796
-0.00868864  0.00202563  4.04252
-0.00855803  0.00192293  4.1905
-0.00840614  0.00181418  4.35798
-0.00825356  0.00170798  4.5396
-0.00809712  0.00161207  4.71264
-0.00793329  0.00151565  4.90435
-0.00777801  0.00142926  5.09216
-0.0075875  0.00133975  5.29018
-0.0074082  0.00125763  5.49304
-0.00721412  0.00118366  5.67233
-0.00701249  0.00111807  5.82476
-0.00679921  0.00106238  5.92935
-0.00659295  0.000999641  6.09514
-0.00638228  0.000951414  6.18268
-0.0061544  0.000904579  6.25086
-0.00592395  0.000857239  6.32724
-0.00568083  0.000816137  6.34799
-0.00554892  0.000797579  6.3303
-0.00540901  0.000779889  6.29449
-0.0052639  0.000762101  6.25102
-0.00512192  0.000746626  6.19041
-0.0049489  0.000731118  6.08507
-0.00475767  0.000715537  5.95031
-0.00453876  0.000701492  5.75739
-0.00435092  0.00068884  5.59045
-0.00413405  0.000677418  5.36457
-0.00385156  0.000664267  5.04551
-0.00356749  0.000657248  4.66717
-0.00326096  0.000650485  4.24447
-0.00293548  0.000645076  3.7755
