-0.003971  0.00164852  2.10552
-0.00395415  0.0015271  2.2619
-0.00393648  0.00141165  2.43437
-0.00391553  0.00129627  2.63489
-0.00389193  0.00119284  2.84357
-0.00385859  0.00109708  3.0614
-0.00382158  0.00101867  3.26071
-0.00377971  0.000940167  3.48843
-0.00372581  0.000870318  3.70647
-0.00367341  0.000795739  3.988
-0.0036171  0.000740313  4.21051
-0.00355406  0.000699238  4.36769
-0.00348229  0.000657884  4.53315
-0.00341504  0.000625307  4.66176
-0.00333577  0.00059648  4.75417
-0.00325371  0.000574195  4.79578
-0.00319431  0.000558984  4.82
-0.00314013  0.000548246  4.8156
-0.00307598  0.0005378  4.78985
-0.00301797  0.000528338  4.76583
-0.00295424  0.000518076  4.73723
-0.00289608  0.000508044  4.71628
-0.00282215  0.000496854  4.67371
-0.00276456  0.000488653  4.63428
-0.00268757  0.000476833  4.58771
-0.00263441  0.000469147  4.54955
-0.00255031  0.00045877  4.46914
-0.00246732  0.000447635  4.39493
-0.00238581  0.00044028  4.28319
-0.00231486  0.00043141  4.20681
-0.00223431  0.000422881  4.10119
-0.00214779  0.000413761  3.98247
-0.00206373  0.000406672  3.84519
-0.00197228  0.000397416  3.70464
-0.00188646  0.000389764  3.55718
-0.00177115  0.000380365  3.34193
-0.00171677  0.000375758  3.23818
-0.00157681  0.000366829  2.93545
-0.00150303  0.000361261  2.77648
-0.0013853  0.000352294  2.51295
-0.00129467  0.00034692  2.29065
-0.0011618  0.000340726  1.94232
-0.0010446  0.000334801  1.62662
-0.000928837  0.000329178  1.30275
-0.000779314  0.000324015  0.862043
-0.0006498  0.000320659  0.467163
-0.000494479  0.00031599  -0.0174717
-0.000373698  0.000313714  -0.402602
-0.000194719  0.000310782  -0.982298
-1.05307e-05  0.000309939  -1.57925
