-0.003971  0.00164852  2.10552
-0.00395474  0.0015297  2.25845
-0.00393686  0.00141391  2.43074
-0.00391579  0.00129759  2.6324
-0.00389403  0.00120017  2.82795
-0.00386415  0.00110418  3.04674
-0.00382368  0.00101927  3.26084
-0.00377917  0.000940146  3.48794
-0.00372872  0.000861399  3.74822
-0.00368688  0.000808983  3.93937
-0.00362511  0.000736586  4.24269
-0.00357702  0.000687049  4.47861
-0.00351463  0.000648192  4.65084
-0.00342237  0.000618849  4.72227
-0.00334185  0.000586762  4.84328
-0.00324424  0.000563798  4.86742
-0.00307566  0.000542094  4.75131
-0.00307566  0.000542094  4.75131
-0.00303689  0.000533748  4.75298
-0.00295386  0.00052222  4.69891
-0.00290092  0.000506842  4.73702
-0.00290092  0.000506842  4.73702
-0.00278567  0.000491159  4.65363
-0.00280617  0.00049013  4.70522
-0.00267305  0.000472476  4.59929
-0.0026356  0.000468221  4.5611
-0.00253457  0.000455069  4.4709
-0.00251797  0.000451655  4.46795
-0.00237857  0.000441557  4.25443
-0.00230813  0.000429837  4.20653
-0.00220156  0.000422303  4.02925
-0.00214114  0.000415732  3.94759
-0.0020661  0.000403165  3.8845
-0.00197615  0.000398732  3.7021
-0.00193541  0.000391086  3.6703
-0.00183163  0.000382526  3.48115
-0.00174476  0.00037614  3.30929
-0.0016149  0.000367861  3.03078
-0.00157784  0.000364222  2.95931
-0.00143548  0.000354646  2.63778
-0.00132282  0.000347553  2.36746
-0.00123393  0.000345277  2.12563
-0.00110487  0.000337033  1.7947
-0.000977981  0.000331887  1.44019
-0.000856859  0.000326844  1.09183
-0.000713924  0.00032245  0.663433
-0.000616575  0.000319141  0.365277
-0.000409793  0.000315784  -0.285661
-0.000315263  0.000313107  -0.590012
-0.00019816  0.000311952  -0.967585
