-0.003971  0.00164852  2.10552
-0.00395388  0.00152375  2.26669
-0.0039327  0.00139969  2.45247
-0.00390602  0.0012905  2.6393
-0.0038848  0.00119308  2.83703
-0.00384104  0.00108065  3.09169
-0.00380585  0.00101472  3.2579
-0.00375087  0.000934617  3.47829
-0.00369157  0.00085226  3.74483
-0.00363363  0.000792938  3.95192
-0.00357241  0.000730905  4.20357
-0.00350421  0.000670871  4.47808
-0.00342605  0.00063513  4.60701
-0.00335414  0.000603909  4.72611
-0.00326229  0.000572838  4.82211
-0.00316825  0.000550469  4.84724
-0.00310462  0.00054149  4.81009
-0.00304652  0.000531811  4.78838
-0.00298599  0.00052251  4.75777
-0.00292987  0.00051229  4.74316
-0.00286584  0.000501719  4.71546
-0.00280771  0.000493125  4.67978
-0.00273986  0.000483797  4.62975
-0.00269632  0.000475349  4.62043
-0.00261965  0.000465817  4.55039
-0.00254464  0.000455943  4.48442
-0.00249461  0.000449057  4.44177
-0.0024123  0.000439931  4.34681
-0.00234418  0.000431379  4.27508
-0.00226826  0.000422843  4.18184
-0.00219849  0.000414809  4.09462
-0.00211372  0.000406029  3.97439
-0.00202997  0.000399125  3.8333
-0.00194851  0.000391246  3.70231
-0.00185472  0.000384602  3.52239
-0.00176119  0.000376625  3.34865
-0.00167496  0.000370255  3.17338
-0.00158008  0.000362403  2.98033
-0.00149251  0.000356297  2.78562
-0.00139665  0.00035044  2.55865
-0.00128796  0.000343907  2.29121
-0.00117376  0.000337964  1.99359
-0.00105906  0.000332927  1.67923
-0.000952178  0.000328172  1.37787
-0.000838018  0.000324238  1.0425
-0.00070832  0.000320013  0.650974
-0.000583894  0.000315776  0.265674
-0.000442085  0.000312753  -0.185179
-0.000294782  0.000310528  -0.660867
-0.000115754  0.000308908  -1.24389
