-0.003971  0.00164852  2.10552
-0.00395449  0.00153083  2.25661
-0.00393733  0.0014179  2.42424
-0.00391921  0.0013158  2.59858
-0.00389553  0.00120695  2.81332
-0.00386642  0.00111172  3.02812
-0.00382722  0.00103664  3.20961
-0.00377986  0.000948133  3.45928
-0.00374222  0.000882822  3.67256
-0.00370075  0.000820452  3.90121
-0.00364217  0.000759747  4.13581
-0.00356584  0.000698794  4.38733
-0.003525  0.000665054  4.54851
-0.00345463  0.000630596  4.68546
-0.00337371  0.000604204  4.75619
-0.00325257  0.000571226  4.81871
-0.00317085  0.000551764  4.84057
-0.00300742  0.000532063  4.71263
-0.00300742  0.000532063  4.71263
-0.00295559  0.000522742  4.69752
-0.00288146  0.000504506  4.72038
-0.00285702  0.000502079  4.69452
-0.00280176  0.000490087  4.69664
-0.00268522  0.000476557  4.58543
-0.00264169  0.00047643  4.49529
-0.00260531  0.000468099  4.49759
-0.00257677  0.000459048  4.52408
-0.00245126  0.000444273  4.39202
-0.0023373  0.00043981  4.17748
-0.00230663  0.000429479  4.20656
-0.00220111  0.000421413  4.03669
-0.00212392  0.000409607  3.96459
-0.00206608  0.000403338  3.8828
-0.00194737  0.000393133  3.68164
-0.00188533  0.000387673  3.57345
-0.0018228  0.000382695  3.45653
-0.0017306  0.000375062  3.28106
-0.00162  0.00036672  3.05411
-0.00150746  0.000358868  2.80734
-0.00140995  0.000352573  2.58089
-0.00128088  0.00034666  2.25257
-0.00116374  0.000339462  1.95527
-0.00109201  0.00033519  1.76618
-0.000943745  0.000329191  1.34798
-0.000833368  0.000324732  1.0266
-0.00068135  0.000319391  0.567797
-0.000536942  0.000315878  0.116949
-0.000399522  0.000312586  -0.321442
-0.000240837  0.000310485  -0.834705
-5.5434e-05  0.00030916  -1.43798
