-0.003971  0.00164852  2.10552
-0.00395131  0.00152686  2.2604
-0.00393089  0.00140919  2.43465
-0.0039119  0.0013033  2.6179
-0.00388337  0.00119984  2.81985
-0.00385065  0.00110131  3.04241
-0.00381252  0.00100709  3.28921
-0.00376991  0.000934011  3.50093
-0.00372302  0.000859736  3.74885
-0.00366965  0.000791301  4.00562
-0.00361023  0.000732445  4.24637
-0.0035499  0.000682698  4.46743
-0.00347812  0.000638275  4.66589
-0.00340384  0.000603966  4.80795
-0.00332153  0.000581667  4.85076
-0.00323654  0.000561582  4.87291
-0.0031788  0.000551432  4.8579
-0.00312344  0.000541112  4.84823
-0.00306072  0.000530678  4.82537
-0.00300382  0.00052105  4.80533
-0.00294371  0.000511067  4.78159
-0.00287977  0.000500539  4.75442
-0.00281766  0.000491037  4.71994
-0.00274908  0.000481892  4.66718
-0.0026797  0.000471162  4.62623
-0.00262322  0.000463583  4.58002
-0.00254144  0.000453077  4.50572
-0.00247177  0.00044455  4.43542
-0.00240346  0.000436111  4.36463
-0.00232444  0.000427335  4.26934
-0.00224629  0.000418966  4.1681
-0.0021628  0.000409709  4.05849
-0.00208564  0.000402004  3.94433
-0.0019955  0.000394632  3.7896
-0.00191721  0.000387269  3.65951
-0.00181914  0.000378959  3.48096
-0.00172718  0.000372048  3.29845
-0.00163772  0.000365142  3.11583
-0.00153658  0.000358266  2.89332
-0.00143546  0.000352289  2.65539
-0.00131765  0.000345417  2.36715
-0.00120441  0.000338923  2.07837
-0.00110382  0.000333998  1.80785
-0.000977253  0.000328266  1.45386
-0.000874247  0.000324227  1.15428
-0.000714573  0.000320042  0.670451
-0.000586496  0.000316339  0.273429
-0.000442047  0.000312742  -0.185307
-0.00032921  0.000310576  -0.549914
-0.000128006  0.000308632  -1.2053
