-0.003971  0.00164852  2.10552
-0.00394843  0.00148706  2.31896
-0.0039347  0.00140098  2.45164
-0.00391502  0.00129372  2.63968
-0.00389119  0.00118918  2.85171
-0.00385932  0.00109671  3.0631
-0.00382054  0.00101753  3.26334
-0.00377741  0.000943616  3.47325
-0.0037386  0.000866204  3.73884
-0.00368803  0.000799084  3.98961
-0.00363208  0.000752049  4.16473
-0.00357261  0.000711688  4.31736
-0.00352512  0.00066292  4.56333
-0.00345241  0.000625167  4.72259
-0.00337733  0.000605529  4.75176
-0.00330018  0.000592332  4.72739
-0.00322954  0.00058347  4.67812
-0.00319408  0.000571696  4.71244
-0.00313846  0.000561226  4.70124
-0.00308811  0.000549339  4.71132
-0.00301189  0.000539165  4.65885
-0.00297451  0.000528536  4.68181
-0.00289048  0.000519221  4.60397
-0.00283392  0.000509226  4.58326
-0.00276762  0.000497857  4.55476
-0.00270866  0.000489744  4.50982
-0.00263285  0.000480023  4.44322
-0.00256183  0.000470562  4.38164
-0.00248198  0.000461801  4.29185
-0.00241028  0.000453114  4.2159
-0.00232818  0.000444923  4.10897
-0.00224547  0.000436819  3.99587
-0.0021523  0.000428323  3.8576
-0.00207102  0.000419783  3.74246
-0.00199037  0.00041217  3.61591
-0.00186524  0.00040174  3.39832
-0.00181403  0.000397952  3.30199
-0.00168894  0.000390607  3.04383
-0.00159925  0.000383469  2.8666
-0.00149083  0.000376601  2.63099
-0.00138977  0.000370319  2.40271
-0.00126819  0.000364126  2.10967
-0.00114893  0.000358609  1.80957
-0.00102518  0.000353582  1.4853
-0.000904811  0.000348271  1.16234
-0.000787929  0.000343379  0.838516
-0.000647778  0.000339202  0.435664
-0.000514013  0.000336091  0.0416935
-0.000353245  0.000334222  -0.439094
-0.000179127  0.000332456  -0.965162
