-0.010865  0.0047755  2.17045
-0.0107798  0.00461518  2.2274
-0.0106882  0.00444926  2.28987
-0.0106013  0.00430063  2.3488
-0.0105084  0.00414033  2.41731
-0.0104147  0.00399102  2.48424
-0.0103172  0.00384132  2.55569
-0.0102172  0.00369152  2.63229
-0.0101125  0.00354467  2.71183
-0.0100009  0.00340084  2.7937
-0.00989339  0.00326271  2.87901
-0.00977746  0.00311966  2.97387
-0.00966561  0.00298713  3.06837
-0.00954399  0.00285071  3.17254
-0.00942667  0.00271643  3.28617
-0.00929923  0.0025858  3.40291
-0.00917324  0.00245744  3.52938
-0.00904268  0.00233432  3.65961
-0.00890868  0.002208  3.80827
-0.00877343  0.00209277  3.95335
-0.00862597  0.00197326  4.11805
-0.00847851  0.00186252  4.28372
-0.00832147  0.00175319  4.46127
-0.00816806  0.0016509  4.64479
-0.00800431  0.00154981  4.84209
-0.00783291  0.00145239  5.04885
-0.00765445  0.00136401  5.24517
-0.00746831  0.00127792  5.45284
-0.00727762  0.00120346  5.63178
-0.00707123  0.00113256  5.80209
-0.00686291  0.00107312  5.92936
-0.00664472  0.0010123  6.07004
-0.00642454  0.000962154  6.15758
-0.00618888  0.000909685  6.25368
-0.00596499  0.000865198  6.31646
-0.00571352  0.000821092  6.3495
-0.00559711  0.000803644  6.3425
-0.00546408  0.000785864  6.31672
-0.00531729  0.000767357  6.27777
-0.00517321  0.00075298  6.2063
-0.00502591  0.000736817  6.14252
-0.00485413  0.000721523  6.03464
-0.00466545  0.000707048  5.89133
-0.00448017  0.000694071  5.73453
-0.0042608  0.000681667  5.51706
-0.00403095  0.000670701  5.26457
-0.00378466  0.000661841  4.96292
-0.0035272  0.000653968  4.62897
-0.00317357  0.0006476  4.12842
-0.00278133  0.000644836  3.53784
