-0.003971  0.00164852  2.10552
-0.00395388  0.00152375  2.26669
-0.00393603  0.00142275  2.41506
-0.00391856  0.00131488  2.59989
-0.0038918  0.00121349  2.79507
-0.00385633  0.00112229  2.99061
-0.00382436  0.00105336  3.15596
-0.0037789  0.000967053  3.39061
-0.00374089  0.000911008  3.55747
-0.00368864  0.000848077  3.75985
-0.00364117  0.000782418  4.01469
-0.00358469  0.000739905  4.16904
-0.00351873  0.000692746  4.35763
-0.00346611  0.000656607  4.51733
-0.00339437  0.000616264  4.69664
-0.00331517  0.000584007  4.82044
-0.00323887  0.000565969  4.83926
-0.00317197  0.000553137  4.83058
-0.00311072  0.000543596  4.80268
-0.00304834  0.000535197  4.76151
-0.00299262  0.000522052  4.77465
-0.00293082  0.000512493  4.74314
-0.00287394  0.000502869  4.72079
-0.0027998  0.000493617  4.65907
-0.00272708  0.000482427  4.61641
-0.00266675  0.000473103  4.57986
-0.00258196  0.000463698  4.48991
-0.00251021  0.000454887  4.41914
-0.0024301  0.000443189  4.35503
-0.00236864  0.000435307  4.2927
-0.002287  0.000426374  4.19116
-0.00221614  0.000418561  4.1001
-0.00211574  0.000408669  3.95365
-0.00202707  0.000400705  3.81097
-0.00194586  0.000392732  3.68154
-0.00184792  0.000384372  3.50682
-0.00175129  0.000376906  3.3199
-0.00165232  0.000368707  3.12531
-0.00154717  0.000361611  2.89584
-0.00144572  0.000355642  2.65921
-0.0013331  0.000348792  2.38853
-0.00121785  0.000342042  2.09874
-0.00110099  0.000336156  1.78784
-0.000986489  0.000330479  1.47207
-0.000865496  0.000325982  1.12122
-0.000710069  0.00032073  0.654972
-0.000587707  0.000317465  0.276273
-0.000425844  0.000314615  -0.235703
-0.000269367  0.000311418  -0.740589
-8.61539e-05  0.000310421  -1.33318
