-0.010865  0.0047755  2.17045
-0.0107765  0.00461682  2.22588
-0.0106875  0.00445677  2.28585
-0.0106004  0.0043038  2.34685
-0.0105055  0.00414821  2.412
-0.0104118  0.00399294  2.48234
-0.0103128  0.0038425  2.55374
-0.0102128  0.00369324  2.62989
-0.0101075  0.00355188  2.70491
-0.0100012  0.00340542  2.79003
-0.00989163  0.00326502  2.87643
-0.00977495  0.00312655  2.96651
-0.00965864  0.00298717  3.06599
-0.00954274  0.00285538  3.16691
-0.00942396  0.00272056  3.2802
-0.00929936  0.00258849  3.39942
-0.00917573  0.00246274  3.52279
-0.00904701  0.00233898  3.65416
-0.00891276  0.00221304  3.80145
-0.00877267  0.00209354  3.95151
-0.0086299  0.00197745  4.1113
-0.00847739  0.00186347  4.28093
-0.00832774  0.00175543  4.45917
-0.00816912  0.00165145  4.64386
-0.00800001  0.00154789  4.84532
-0.00783614  0.00145685  5.03562
-0.00765525  0.00136565  5.23945
-0.00747021  0.00127983  5.44619
-0.00727662  0.00120637  5.61735
-0.00707286  0.00113667  5.78253
-0.0068691  0.00107482  5.92576
-0.00663922  0.00101476  6.04992
-0.00642377  0.000961984  6.15787
-0.0061931  0.000909876  6.25701
-0.00595534  0.0008629  6.3221
-0.00571849  0.000821255  6.3543
-0.00559997  0.000803327  6.34856
-0.00547999  0.000786767  6.32969
-0.00533764  0.00076969  6.28518
-0.0051614  0.000749804  6.21683
-0.00502366  0.000736339  6.14345
-0.0048423  0.000722579  6.00945
-0.00467036  0.000708472  5.88641
-0.00445488  0.000694691  5.69301
-0.0042558  0.000681718  5.50931
-0.00401663  0.000671207  5.23927
-0.00377488  0.000662365  4.94422
-0.00351957  0.000653186  4.62284
-0.00317326  0.000646403  4.1356
-0.00279424  0.000643769  3.56376
