-0.003971  0.00164852  2.10552
-0.00395422  0.00152612  2.2634
-0.00393537  0.00141568  2.42667
-0.00391336  0.00130399  2.61764
-0.00388744  0.00119509  2.83447
-0.0038546  0.00110525  3.03514
-0.00380956  0.0010078  3.28396
-0.00376846  0.000933995  3.49944
-0.00372466  0.000875523  3.68312
-0.00367703  0.000800925  3.9667
-0.00361813  0.000738756  4.22079
-0.00355757  0.000688493  4.44095
-0.00348781  0.000642605  4.64954
-0.00342059  0.000610448  4.78435
-0.00334221  0.000585737  4.85236
-0.00325859  0.000568109  4.85575
-0.00320293  0.000554684  4.87291
-0.00314135  0.000543484  4.86004
-0.00308602  0.000533442  4.84779
-0.00302442  0.000522969  4.82709
-0.00295611  0.000512667  4.79085
-0.00289436  0.000503163  4.75861
-0.00283833  0.00049388  4.7346
-0.00276718  0.000482853  4.69539
-0.00270068  0.000473627  4.64643
-0.00262955  0.000464013  4.58942
-0.00255876  0.000454577  4.52897
-0.00248193  0.000444831  4.45547
-0.00240904  0.000436465  4.37388
-0.00233023  0.00042733  4.28294
-0.00224757  0.000418782  4.17298
-0.00217092  0.000410091  4.07451
-0.00207553  0.000400903  3.92996
-0.00199164  0.000393752  3.78827
-0.00190735  0.000385753  3.64833
-0.00181359  0.000378102  3.47418
-0.00170443  0.000370519  3.25066
-0.00161415  0.000363667  3.06365
-0.00150678  0.000356712  2.8224
-0.00139986  0.00034952  2.57457
-0.00129537  0.000343673  2.31431
-0.00118073  0.000337824  2.01503
-0.00105235  0.000331846  1.66448
-0.000933299  0.00032575  1.33016
-0.000808313  0.000321692  0.95841
-0.000677388  0.000317047  0.5595
-0.000533697  0.000313568  0.107464
-0.000383756  0.00031006  -0.37491
-0.000220416  0.000308084  -0.907493
-5.60855e-05  0.000306741  -1.44719
