-0.003971  0.00164852  2.10552
-0.00395583  0.00153782  2.24723
-0.00393892  0.00142784  2.40848
-0.0039192  0.0013195  2.59128
-0.00389533  0.00121662  2.79078
-0.00386585  0.00111582  3.01649
-0.00382993  0.00103907  3.20473
-0.003796  0.000977906  3.37047
-0.00374075  0.00090851  3.5671
-0.00370243  0.000846952  3.78113
-0.00364038  0.000789553  3.97741
-0.00359168  0.000739145  4.18278
-0.00350739  0.000681406  4.4135
-0.00345278  0.000647804  4.55814
-0.00339645  0.000619469  4.6757
-0.00329022  0.00058715  4.75215
-0.00321306  0.00056488  4.80289
-0.00312698  0.000543015  4.83776
-0.00307423  0.000533295  4.82703
-0.00300072  0.000523064  4.78091
-0.00293683  0.000512849  4.75156
-0.00288483  0.000504086  4.731
-0.00281793  0.000493594  4.69602
-0.00274932  0.000483994  4.64741
-0.00267833  0.000475075  4.58524
-0.0026111  0.000465518  4.53495
-0.00252901  0.000456319  4.44648
-0.00247544  0.000446691  4.42239
-0.00240095  0.00043758  4.34423
-0.00232234  0.000427921  4.25859
-0.00225  0.000420278  4.16392
-0.00215919  0.000411794  4.02917
-0.00207445  0.000403734  3.89974
-0.00200355  0.000395983  3.79701
-0.00191509  0.000387423  3.65258
-0.00183471  0.000379869  3.51359
-0.00173424  0.000372872  3.31009
-0.00163062  0.000365837  3.0905
-0.00152462  0.00035928  2.85187
-0.00143012  0.000351841  2.64357
-0.00133305  0.000346387  2.40497
-0.00121491  0.000339293  2.10705
-0.00109595  0.000333524  1.78684
-0.000986146  0.00032925  1.47652
-0.000860868  0.000323843  1.11433
-0.000734802  0.000319266  0.735445
-0.000580198  0.000315853  0.253908
-0.000439023  0.000313015  -0.194806
-0.000275505  0.00031058  -0.722826
-7.8521e-05  0.000308637  -1.36562
