-0.010865  0.0047755  2.17045
-0.0107776  0.0046121  2.22839
-0.0106844  0.00444874  2.28928
-0.0105896  0.00428918  2.35233
-0.0104949  0.00412868  2.42086
-0.0103991  0.00396845  2.49446
-0.0103005  0.0038172  2.56746
-0.0101951  0.00366452  2.64568
-0.0100858  0.00351488  2.72721
-0.00997293  0.00337186  2.80941
-0.00986064  0.00322624  2.90141
-0.00974757  0.00308818  2.9945
-0.0096212  0.00294458  3.09763
-0.00949783  0.00280062  3.2128
-0.00937244  0.00266306  3.33167
-0.00924691  0.00253666  3.4482
-0.00910411  0.00239904  3.58649
-0.0089798  0.00227648  3.72496
-0.00883369  0.00214893  3.87807
-0.008684  0.00202896  4.03359
-0.00853676  0.0019146  4.19762
-0.00838431  0.00180355  4.37156
-0.00822226  0.00169616  4.55281
-0.00805014  0.00159028  4.74769
-0.00788522  0.00149179  4.95056
-0.00768992  0.00139481  5.15478
-0.00752712  0.0013097  5.36544
-0.00730968  0.0012282  5.54442
-0.00711403  0.00115254  5.73864
-0.00688694  0.00109031  5.8579
-0.00667111  0.00102827  6.00146
-0.00644448  0.000970747  6.12361
-0.00622141  0.000920577  6.21503
-0.00599586  0.000875749  6.27561
-0.00572416  0.000826603  6.32003
-0.00560224  0.000808283  6.31243
-0.00549051  0.000792265  6.29903
-0.00534624  0.000775499  6.24918
-0.00522276  0.000760747  6.20806
-0.00508971  0.000745554  6.15611
-0.00492278  0.000731369  6.04726
-0.00473972  0.000716947  5.91357
-0.00459014  0.000705389  5.79841
-0.00435471  0.000691252  5.57641
-0.00417319  0.000679908  5.40247
-0.00393826  0.00066931  5.13702
-0.00371378  0.000661756  4.85644
-0.00345316  0.000652338  4.52704
-0.0031601  0.000646714  4.11325
-0.00280698  0.000643815  3.5833
