-0.003971  0.00164852  2.10552
-0.00395429  0.0015267  2.26259
-0.00393509  0.00140598  2.4432
-0.0039141  0.00129127  2.64399
-0.00389185  0.00119376  2.84132
-0.00386005  0.00109676  3.06361
-0.0038161  0.00101763  3.25865
-0.00377145  0.000942697  3.47031
-0.00372746  0.000868705  3.71526
-0.00366972  0.000802593  3.94936
-0.00361681  0.000746077  4.1776
-0.00355235  0.000693969  4.39839
-0.00348462  0.000651578  4.5806
-0.00341356  0.000617629  4.71733
-0.00333492  0.000591392  4.79363
-0.00325536  0.000568081  4.85029
-0.00319721  0.000557693  4.83637
-0.00313369  0.000546387  4.82019
-0.00308644  0.00053619  4.82373
-0.00301717  0.000524606  4.7982
-0.00295574  0.000514453  4.7735
-0.00288511  0.000505979  4.71385
-0.0028252  0.00049552  4.69246
-0.0027515  0.000484195  4.64998
-0.00268621  0.000476054  4.59236
-0.00262281  0.000466322  4.55225
-0.00255003  0.000456801  4.48781
-0.00247749  0.000447289  4.42107
-0.00240015  0.000438338  4.33491
-0.00231535  0.000427936  4.24211
-0.00224267  0.000420297  4.14629
-0.00215905  0.000412167  4.0252
-0.00207447  0.000403415  3.90284
-0.00198527  0.000395393  3.75643
-0.00189971  0.000387218  3.61479
-0.00180751  0.00037938  3.44642
-0.00172657  0.000372575  3.29213
-0.00161832  0.000364835  3.06528
-0.001499  0.00035719  2.79682
-0.00138505  0.00035135  2.519
-0.00128516  0.000344685  2.27791
-0.00119439  0.000339126  2.04759
-0.00104986  0.000332584  1.65328
-0.000929646  0.000327534  1.31176
-0.000803076  0.000322037  0.94112
-0.000655281  0.000319139  0.486563
-0.000534563  0.000314599  0.109864
-0.000386753  0.000311887  -0.363102
-0.000203434  0.000309127  -0.959365
-2.61146e-05  0.000308315  -1.53702
