-0.00348666  0.000638696  4.67619
-0.00348655  0.000638601  4.67671
-0.00347002  0.000632369  4.69665
-0.00347002  0.000632369  4.69665
-0.00347002  0.000632369  4.69665
-0.00347002  0.000632369  4.69665
-0.00347002  0.000632369  4.69665
-0.00346237  0.00062911  4.70882
-0.00345887  0.0006284  4.70858
-0.00345887  0.0006284  4.70858
-0.00345887  0.0006284  4.70858
-0.00345887  0.0006284  4.70858
-0.00339702  0.000615823  4.70431
-0.00339702  0.000615823  4.70431
-0.00339702  0.000615823  4.70431
-0.00339702  0.000615823  4.70431
-0.00338648  0.000612273  4.71437
-0.00338648  0.000612273  4.71437
-0.00338499  0.000609376  4.73433
-0.00338465  0.000609232  4.7349
-0.00337452  0.000606993  4.73567
-0.00337074  0.000605626  4.74012
-0.0033635  0.000603921  4.74151
-0.00335599  0.000602366  4.74129
-0.00334963  0.000600124  4.74841
-0.00320941  0.000576999  4.69568
-0.00316509  0.000571827  4.66065
-0.00310973  0.000556939  4.68583
-0.00302663  0.000541905  4.66249
-0.00293236  0.000527164  4.61406
-0.00286336  0.000514031  4.5977
-0.00277698  0.000500524  4.5492
-0.00269145  0.000489912  4.47315
-0.00257814  0.000474501  4.37962
-0.00247491  0.000463403  4.26177
-0.00234256  0.000448432  4.1089
-0.00225429  0.000438609  3.99967
-0.00214068  0.000426735  3.84472
-0.00199899  0.000416361  3.60022
-0.00180115  0.000399006  3.26097
-0.00175568  0.00039489  3.17982
-0.00165985  0.000386815  2.99846
-0.0015169  0.000378162  2.68905
-0.00132268  0.000367449  2.23891
-0.00118092  0.000360854  1.88698
-0.0010335  0.000353025  1.51122
-0.000861093  0.000346156  1.04315
-0.000861093  0.000346156  1.04315
-0.000496379  0.000336283  -0.0107682
-0.00026178  0.000332954  -0.715474
