-0.00343043  0.000649464  4.51207
-0.00307849  0.000537281  4.79914
-0.00304133  0.000529863  4.79619
-0.0030054  0.000523175  4.78884
-0.00296162  0.000515787  4.77256
-0.00292528  0.000509568  4.75949
-0.00288356  0.000503102  4.73772
-0.00284079  0.000495803  4.72122
-0.00279879  0.000489983  4.69158
-0.00275243  0.00048366  4.65704
-0.00271406  0.000476908  4.64253
-0.00266731  0.000470657  4.60487
-0.00261877  0.000463621  4.57004
-0.00257287  0.000457673  4.52915
-0.00253208  0.000451661  4.49912
-0.00247958  0.000445278  4.44571
-0.00242624  0.000439332  4.38449
-0.00238245  0.000433447  4.34298
-0.00233037  0.000427854  4.27802
-0.00227639  0.000421171  4.21774
-0.00222154  0.000416113  4.13719
-0.0021667  0.000410358  4.06159
-0.00211407  0.000404774  3.98757
-0.0020647  0.000399747  3.91423
-0.00200091  0.000394064  3.80881
-0.00194384  0.000388286  3.71849
-0.00188063  0.000383093  3.60391
-0.00182211  0.00037842  3.49377
-0.00175567  0.000372981  3.36659
-0.00169447  0.000368687  3.2398
-0.0016304  0.000363837  3.10688
-0.00155743  0.000358762  2.94745
-0.00149086  0.000354768  2.793
-0.00142536  0.000350605  2.63933
-0.00134915  0.00034608  2.45361
-0.00127188  0.000342167  2.25585
-0.00119929  0.000337785  2.07021
-0.00112079  0.0003345  1.85588
-0.001042  0.000330333  1.64077
-0.000963403  0.000327052  1.41691
-0.000876388  0.000323636  1.163
-0.00078771  0.000320762  0.896959
-0.000696514  0.000317898  0.618167
-0.000602259  0.000315048  0.324582
-0.000505706  0.000313183  0.0182186
-0.000404332  0.000310969  -0.307646
-0.00031033  0.000309472  -0.612881
-0.000202843  0.00030822  -0.964107
-7.00307e-05  0.000307525  -1.39816
-7.00307e-05  0.000307525  -1.39816
