-0.003971  0.00164852  2.10552
-0.00395344  0.00152076  2.27086
-0.00393469  0.00140095  2.45168
-0.00391502  0.00129375  2.63963
-0.00388424  0.00116391  2.90764
-0.0038569  0.00108831  3.0845
-0.003812  0.000993807  3.33265
-0.0037589  0.000898218  3.62818
-0.00371128  0.000827864  3.879
-0.00367216  0.000786271  4.03443
-0.00361275  0.000740078  4.20597
-0.00355667  0.000713877  4.28179
-0.00349434  0.000642592  4.65978
-0.00349434  0.000642592  4.65978
-0.00333759  0.00059759  4.74838
-0.00328165  0.000591115  4.70577
-0.00313957  0.000578105  4.56591
-0.00310809  0.000565249  4.61406
-0.00310585  0.000556701  4.68088
-0.00300314  0.0005377  4.65527
-0.00299077  0.00053569  4.64966
-0.00293792  0.000526378  4.6315
-0.00286576  0.000514652  4.59682
-0.00281366  0.000506017  4.5723
-0.00275154  0.000497379  4.5268
-0.0026393  0.000487834  4.38531
-0.00259289  0.000477605  4.38205
-0.00252456  0.000468575  4.32068
-0.00245021  0.000460405  4.23586
-0.00237063  0.000451296  4.14501
-0.00229011  0.000442423  4.04615
-0.00220597  0.000433526  3.93509
-0.00212987  0.000426091  3.82518
-0.00201446  0.000414184  3.65649
-0.00196777  0.000410291  3.57738
-0.00187065  0.000402475  3.40556
-0.00177391  0.000395925  3.21756
-0.00172606  0.000391225  3.1339
-0.00156816  0.000383022  2.78878
-0.0014446  0.000377126  2.50475
-0.00138671  0.00037075  2.39167
-0.00127171  0.000364525  2.11702
-0.00115729  0.000359023  1.83076
-0.00101198  0.000353716  1.44742
-0.000909864  0.00034856  1.17588
-0.000791101  0.000343523  0.847398
-0.000642769  0.000339513  0.420511
-0.000635678  0.000339107  0.400104
-0.000635678  0.000339107  0.400104
-0.00018515  0.000332446  -0.947071
