-0.003971  0.00164852  2.10552
-0.00395489  0.00153107  2.25652
-0.00393729  0.00142486  2.41238
-0.00391564  0.00132132  2.58503
-0.00389217  0.00121612  2.78934
-0.00386539  0.00112545  2.99025
-0.00382447  0.00104329  3.18652
-0.00378088  0.00096905  3.38566
-0.00373017  0.000891833  3.62195
-0.00368642  0.000820199  3.88494
-0.00364649  0.000772376  4.07378
-0.00358143  0.000713757  4.3172
-0.0035173  0.000678361  4.44793
-0.00344438  0.000628991  4.68111
-0.00337769  0.000601465  4.78447
-0.0032988  0.000579869  4.8266
-0.00321807  0.000559097  4.86154
-0.00316197  0.000549703  4.84256
-0.00311627  0.000539793  4.8468
-0.00304391  0.000528269  4.81555
-0.0029672  0.000517114  4.77111
-0.00291494  0.000507366  4.75977
-0.00284304  0.000498358  4.70153
-0.00277347  0.000488503  4.65395
-0.00271073  0.000477663  4.62821
-0.00264728  0.000470184  4.5669
-0.00256489  0.000459596  4.49284
-0.00249342  0.000449363  4.4361
-0.00241139  0.000440611  4.33805
-0.00234092  0.000431872  4.26266
-0.00225392  0.000422676  4.14955
-0.00217414  0.000414103  4.0428
-0.00210264  0.000406195  3.9455
-0.00200272  0.000396785  3.78724
-0.0019289  0.000390106  3.66285
-0.00182729  0.00038188  3.47566
-0.00172087  0.000374574  3.25936
-0.00163149  0.000366899  3.08392
-0.00153663  0.000359741  2.88159
-0.00139158  0.000350957  2.54043
-0.00130285  0.000345601  2.32306
-0.00120454  0.000341396  2.06371
-0.00107999  0.000334224  1.73532
-0.000947765  0.000330087  1.35651
-0.000805182  0.000325337  0.938047
-0.000694106  0.000320887  0.604905
-0.000544523  0.000317391  0.140277
-0.000379682  0.000313434  -0.38387
-0.000212539  0.000310984  -0.92436
-2.54665e-05  0.000310681  -1.5274
