-0.003971  0.00164852  2.10552
-0.00395408  0.00152517  2.26473
-0.00393686  0.00141392  2.43073
-0.00391655  0.0013042  2.61964
-0.00389107  0.00119091  2.84745
-0.00386138  0.00109754  3.06266
-0.00382006  0.00102032  3.25395
-0.00377135  0.000930472  3.5158
-0.00373093  0.000871566  3.70705
-0.00368232  0.000802074  3.96762
-0.0036268  0.000752535  4.15502
-0.00354673  0.00070349  4.33088
-0.00346754  0.000670966  4.42279
-0.0033895  0.000625935  4.6163
-0.00331478  0.000608283  4.62742
-0.003228  0.000576898  4.72875
-0.00314189  0.000559877  4.71869
-0.00306478  0.000541015  4.74068
-0.00299983  0.000530587  4.71144
-0.00294173  0.000522649  4.67184
-0.00287954  0.000512334  4.64451
-0.0028091  0.000500447  4.61407
-0.00276959  0.000493442  4.59951
-0.00269539  0.000484903  4.52749
-0.00263228  0.000476003  4.47955
-0.00256665  0.000466851  4.42679
-0.00248644  0.000457942  4.33776
-0.00242292  0.00044855  4.28696
-0.00234288  0.000440716  4.18156
-0.00227613  0.000432976  4.10214
-0.00218557  0.000423375  3.98126
-0.00211676  0.000416385  3.88286
-0.00204846  0.000408362  3.7919
-0.00195239  0.000399693  3.63376
-0.0018826  0.0003938  3.51092
-0.00177646  0.00038493  3.31607
-0.00166974  0.000376498  3.10689
-0.00161367  0.000371465  2.99806
-0.00148439  0.000362301  2.71706
-0.00140452  0.000358746  2.52132
-0.00131138  0.000350298  2.31627
-0.00121183  0.000345635  2.05949
-0.00105519  0.000338376  1.64076
-0.000973086  0.000335087  1.41183
-0.000819534  0.000329224  0.970566
-0.000775761  0.00032729  0.842559
-0.00054452  0.00032013  0.139068
-0.000428594  0.000318668  -0.224075
-0.000274595  0.000317271  -0.710449
-0.00010657  0.000315308  -1.24776
