-0.00349196  0.000652189  4.58757
-0.00348722  0.000645061  4.63091
-0.00348672  0.000644597  4.63346
-0.00348078  0.0006371  4.67866
-0.00348078  0.0006371  4.67866
-0.00348006  0.000636009  4.68557
-0.00346965  0.000631772  4.70051
-0.00345954  0.000629725  4.69973
-0.00345954  0.000629725  4.69973
-0.00344518  0.000623692  4.72217
-0.00344389  0.000623631  4.72057
-0.00343951  0.000623352  4.71564
-0.00343951  0.000623352  4.71564
-0.00340567  0.000617285  4.70719
-0.00340539  0.000616531  4.71248
-0.00340085  0.000613496  4.7284
-0.00339887  0.000612285  4.73451
-0.00339082  0.00061052  4.73502
-0.00338276  0.000608885  4.73449
-0.00338111  0.000609085  4.73022
-0.00335926  0.000605855  4.71938
-0.0033545  0.000601405  4.74639
-0.00335256  0.000600868  4.7474
-0.00333915  0.000598348  4.74499
-0.00333408  0.000596803  4.74877
-0.00324153  0.000583211  4.70076
-0.00316578  0.000567764  4.69523
-0.00309139  0.000553565  4.68128
-0.00301236  0.000539717  4.65494
-0.00292571  0.000524204  4.62742
-0.0028228  0.000507603  4.57602
-0.00274707  0.000497026  4.52103
-0.00264704  0.000483528  4.44036
-0.00255231  0.000471457  4.35313
-0.00242331  0.000460171  4.17955
-0.00233668  0.000447783  4.10172
-0.00223069  0.000435543  3.97365
-0.00211666  0.000423675  3.8158
-0.00198735  0.000413222  3.59941
-0.00185856  0.000402363  3.37647
-0.00172782  0.000392505  3.12816
-0.00159023  0.000384422  2.83603
-0.00142815  0.000374037  2.48145
-0.00129185  0.000365177  2.16841
-0.00113189  0.000357739  1.76635
-0.000969731  0.000350387  1.34061
-0.000843088  0.000345389  0.993336
-0.000603661  0.000338503  0.306235
-0.000457228  0.00033522  -0.127595
-0.000163383  0.000332454  -1.01252
