-0.003971  0.00164852  2.10552
-0.00395334  0.00152004  2.27188
-0.00393574  0.00140722  2.44151
-0.00391549  0.00129606  2.63529
-0.00389022  0.00118551  2.85971
-0.00385778  0.00109091  3.07797
-0.00381766  0.00100609  3.29759
-0.00377679  0.000929034  3.5271
-0.00372611  0.000863002  3.73824
-0.00367352  0.00079665  3.98358
-0.0036143  0.000752578  4.13817
-0.00354856  0.000713487  4.27276
-0.00350063  0.000644944  4.65255
-0.00343094  0.000619542  4.73082
-0.00339741  0.000611938  4.73482
-0.00327603  0.000590846  4.6984
-0.0032245  0.000579752  4.69942
-0.00316882  0.000568371  4.69556
-0.00311628  0.000558215  4.68688
-0.00305811  0.000547736  4.67034
-0.00300134  0.000537457  4.65403
-0.0029425  0.000526879  4.63579
-0.00287988  0.000516842  4.60465
-0.00281782  0.00050666  4.5747
-0.00274769  0.000496638  4.52582
-0.00268119  0.000487574  4.47355
-0.00260872  0.000478358  4.40825
-0.00252925  0.000469621  4.32104
-0.0024448  0.000461607  4.21311
-0.0023567  0.000454004  4.08962
-0.00226427  0.000446216  3.95384
-0.00221092  0.000433361  3.94801
-0.00213938  0.000426591  3.84299
-0.0020409  0.000416593  3.69881
-0.00196383  0.000409777  3.57226
-0.00187637  0.000402509  3.41948
-0.00175633  0.000396491  3.16861
-0.00166791  0.000387309  3.01546
-0.00157493  0.00038142  2.81823
-0.00145641  0.000375058  2.55003
-0.00134949  0.000368153  2.30744
-0.00124341  0.000362919  2.04841
-0.00111679  0.000357078  1.72733
-0.000993501  0.00035305  1.39782
-0.000886488  0.000346906  1.1141
-0.000763086  0.000342628  0.767846
-0.000636389  0.000338914  0.402429
-0.000451921  0.000337031  -0.142655
-0.000326368  0.00033332  -0.520917
-0.000136386  0.000332693  -1.09294
