-0.003971  0.00164852  2.10552
-0.00395428  0.0015265  2.26288
-0.00393532  0.00140468  2.44562
-0.00391456  0.00129145  2.64398
-0.00388998  0.00118462  2.86166
-0.00385754  0.00108883  3.08362
-0.00381733  0.00100417  3.30355
-0.00377589  0.000927135  3.53335
-0.00372853  0.00085526  3.77491
-0.0036764  0.000792437  4.0084
-0.00362299  0.000731103  4.27162
-0.0035642  0.000680478  4.50302
-0.00350096  0.000645082  4.65206
-0.00342475  0.000618669  4.72749
-0.00334354  0.00059981  4.74074
-0.00326741  0.000589892  4.69138
-0.00321851  0.000578713  4.69752
-0.0031663  0.000568155  4.69292
-0.00311175  0.000557327  4.68621
-0.00305163  0.00054622  4.67143
-0.00299469  0.000536476  4.65016
-0.00293517  0.00052635  4.62651
-0.00287582  0.000515835  4.60578
-0.00280974  0.000505776  4.56673
-0.00274538  0.00049625  4.52469
-0.00267884  0.000487286  4.47138
-0.00260775  0.000478149  4.40814
-0.00252505  0.000468681  4.32074
-0.0024493  0.000459758  4.23984
-0.00237051  0.000450968  4.14776
-0.00228704  0.000442333  4.04003
-0.00221341  0.00043363  3.95131
-0.00213763  0.000425594  3.84788
-0.00203434  0.00041663  3.68273
-0.00195956  0.000409417  3.56496
-0.0018785  0.000402715  3.42303
-0.00176426  0.000394366  3.20579
-0.00167439  0.000387906  3.0275
-0.00156254  0.000380795  2.79032
-0.00144272  0.000375046  2.5136
-0.00135891  0.000368632  2.33
-0.00123784  0.00036282  2.03362
-0.00112231  0.000357339  1.74151
-0.000996518  0.000351441  1.4128
-0.000889074  0.000347321  1.12022
-0.000792785  0.000343768  0.851696
-0.00060906  0.000338232  0.322443
-0.000460844  0.000335127  -0.11684
-0.000452427  0.000334983  -0.142017
-0.000142243  0.000332374  -1.07637
