-0.003971  0.00164852  2.10552
-0.00395491  0.0015338  2.25252
-0.00393646  0.00142747  2.40738
-0.0039168  0.00132068  2.58716
-0.00389444  0.00121692  2.78938
-0.00386744  0.0011268  2.9885
-0.00383065  0.00105746  3.14967
-0.00378594  0.000977711  3.36085
-0.0037407  0.000908107  3.56863
-0.00369968  0.000827569  3.86636
-0.00364826  0.000768004  4.09928
-0.00359752  0.000728764  4.25038
-0.00354318  0.000682519  4.45876
-0.00347012  0.000645982  4.59784
-0.00339862  0.00060848  4.76371
-0.0033255  0.000585328  4.8272
-0.00325248  0.000564484  4.87611
-0.0031906  0.000553602  4.86017
-0.00312889  0.000543423  4.83766
-0.00306006  0.000532151  4.81078
-0.00300939  0.000522073  4.80658
-0.0029439  0.000511955  4.77365
-0.00287583  0.000500293  4.74888
-0.00280351  0.000490505  4.69621
-0.00273091  0.00048175  4.63085
-0.00267536  0.000473289  4.59626
-0.00259658  0.000462593  4.53223
-0.00251353  0.000452389  4.45088
-0.00242961  0.000442012  4.36551
-0.00235145  0.000433184  4.27405
-0.00228588  0.000424968  4.20239
-0.00218545  0.000415425  4.05716
-0.00211368  0.0004083  3.95219
-0.00204494  0.00040042  3.8583
-0.00191211  0.000389022  3.62989
-0.00183971  0.000383818  3.49049
-0.00177212  0.000376029  3.38303
-0.00165493  0.000367256  3.14476
-0.0015254  0.00035964  2.85117
-0.00143401  0.000353083  2.64529
-0.00133303  0.000346482  2.40425
-0.00119991  0.000340084  2.05804
-0.00114943  0.000337478  1.92436
-0.000975432  0.00032892  1.44543
-0.000854378  0.000323891  1.09413
-0.000737395  0.000320709  0.740218
-0.000582631  0.00031723  0.260476
-0.000468348  0.000313498  -0.100965
-0.000187254  0.000311107  -1.00527
3.58442e-06  0.000309332  -1.62797
