-0.003971  0.00164852  2.10552
-0.0039524  0.00151419  2.28004
-0.00393319  0.00139216  2.46609
-0.00391098  0.00128092  2.66291
-0.00388412  0.00116523  2.90425
-0.00384912  0.001085  3.08674
-0.00379856  0.000986811  3.34265
-0.00375216  0.000923106  3.52306
-0.00369984  0.000834962  3.83232
-0.00363449  0.00078494  3.99329
-0.0035861  0.000714809  4.31737
-0.00351421  0.000671855  4.4864
-0.00346813  0.000641155  4.62934
-0.00336802  0.000602146  4.76299
-0.00328522  0.000576578  4.8306
-0.00322368  0.00056687  4.80477
-0.00317162  0.00055608  4.80438
-0.00310563  0.000545716  4.7747
-0.00305027  0.00053268  4.78762
-0.00299069  0.000525407  4.7405
-0.00291692  0.000511686  4.72344
-0.0028696  0.000503552  4.70576
-0.00281017  0.000494404  4.67265
-0.00275297  0.000484138  4.65357
-0.00267404  0.000474545  4.58132
-0.00259692  0.000465833  4.50145
-0.00254378  0.000456866  4.47348
-0.00246629  0.000447291  4.396
-0.00238206  0.000439225  4.28496
-0.0022997  0.000429242  4.19274
-0.00223668  0.000422358  4.11186
-0.00212219  0.00040992  3.95733
-0.00206864  0.000405138  3.87186
-0.00197018  0.000394869  3.7232
-0.00188671  0.000386446  3.58837
-0.00177699  0.000377909  3.3791
-0.00168772  0.000372334  3.18993
-0.00157557  0.000366434  2.93524
-0.00151211  0.000359988  2.8115
-0.00136617  0.000350579  2.47069
-0.00128561  0.000346327  2.2684
-0.00120477  0.000339813  2.07398
-0.00107804  0.000335367  1.72361
-0.000976665  0.00033019  1.44361
-0.0008088  0.00032291  0.956302
-0.000660325  0.000319729  0.501441
-0.000511576  0.000316638  0.0365575
-0.000408786  0.000312306  -0.292067
-0.000226365  0.000309424  -0.884338
-5.74348e-05  0.000308704  -1.43362
