-0.003971  0.00164852  2.10552
-0.00395422  0.00152612  2.2634
-0.00393828  0.00142357  2.41526
-0.00391669  0.00131448  2.59927
-0.00389288  0.00121251  2.79824
-0.00386737  0.00112176  3.00187
-0.00382674  0.00105935  3.14036
-0.00378607  0.000970414  3.38626
-0.00374905  0.000905599  3.58774
-0.00370792  0.000839723  3.82021
-0.00365042  0.000778113  4.04879
-0.00359828  0.000726268  4.26602
-0.00354258  0.000679187  4.47974
-0.00347362  0.000642005  4.63178
-0.00342862  0.000613103  4.77672
-0.00334027  0.000589679  4.81665
-0.00325878  0.000565576  4.87782
-0.00319074  0.000555412  4.84459
-0.00313345  0.000545448  4.82805
-0.00306956  0.000531437  4.83512
-0.00300553  0.000523539  4.78576
-0.00294565  0.00051111  4.78497
-0.00287856  0.000501961  4.73854
-0.00281419  0.000492281  4.70095
-0.00274034  0.000481585  4.65201
-0.00266379  0.000469162  4.61203
-0.00260139  0.000461647  4.55193
-0.00253224  0.000454082  4.47548
-0.00244977  0.000441427  4.41696
-0.00237497  0.000434142  4.3188
-0.00229231  0.000423849  4.22866
-0.00220956  0.000414525  4.12415
-0.00213487  0.000407721  4.00978
-0.00204045  0.000397904  3.8714
-0.00195564  0.000391256  3.72042
-0.00184085  0.000381623  3.51356
-0.00175611  0.000374159  3.35717
-0.00166605  0.000367559  3.17242
-0.00154043  0.000358115  2.90529
-0.00144938  0.000352602  2.6925
-0.00132889  0.000346134  2.39472
-0.00122233  0.000340581  2.12089
-0.00107479  0.000334182  1.72
-0.000998552  0.000328399  1.51813
-0.000873789  0.000323163  1.15666
-0.000746154  0.000318985  0.771677
-0.00056943  0.000314864  0.220508
-0.000441528  0.00031187  -0.187489
-0.000262808  0.00030915  -0.76724
-6.15319e-05  0.000307187  -1.42736
