-0.003971  0.00164852  2.10552
-0.00395488  0.00153369  2.25265
-0.00393733  0.0014179  2.42424
-0.00391674  0.00130323  2.62175
-0.00389557  0.00120757  2.81189
-0.00386642  0.00111172  3.02812
-0.0038266  0.00103422  3.21654
-0.00378665  0.000951367  3.45466
-0.00374222  0.000882822  3.67256
-0.00369259  0.000820642  3.89035
-0.0036323  0.000756788  4.13894
-0.00357222  0.000697317  4.40577
-0.00351125  0.000660086  4.56191
-0.00344653  0.000624354  4.71932
-0.0033741  0.000596766  4.81613
-0.00329306  0.00058153  4.80296
-0.00320041  0.000555869  4.858
-0.00314587  0.00054603  4.84565
-0.00307721  0.000534446  4.82221
-0.00301798  0.000524463  4.80107
-0.00296009  0.000515752  4.76992
-0.00289478  0.000506013  4.73264
-0.00281935  0.0004956  4.67989
-0.00274976  0.000484644  4.64208
-0.00269073  0.000475492  4.6073
-0.00262189  0.000465976  4.55365
-0.00255144  0.000456596  4.4929
-0.00247825  0.000447768  4.41802
-0.00240599  0.000438321  4.3484
-0.00233178  0.000428854  4.27134
-0.00224461  0.000419485  4.15895
-0.00216354  0.00041092  4.04832
-0.00207748  0.000403383  3.91064
-0.00200502  0.00039579  3.80257
-0.00191225  0.00038757  3.64385
-0.00182322  0.000380083  3.4814
-0.00172192  0.00037255  3.27989
-0.00161494  0.000365481  3.05061
-0.00152637  0.00035793  2.86752
-0.0014212  0.000352404  2.61405
-0.00130312  0.000345447  2.32487
-0.00121307  0.00033992  2.09776
-0.00108034  0.00033355  1.73988
-0.000951805  0.000327293  1.38043
-0.000856893  0.000323751  1.10237
-0.000691379  0.000319527  0.598946
-0.000562756  0.00031547  0.198928
-0.000417488  0.000311854  -0.264584
-0.000244851  0.000309504  -0.82438
-6.31353e-05  0.00030813  -1.41779
