-0.003971  0.00164852  2.10552
-0.00395418  0.00152581  2.26383
-0.00393675  0.00141679  2.42572
-0.00391341  0.00130777  2.6101
-0.00388675  0.00119881  2.82509
-0.00385223  0.00110586  3.03133
-0.00381407  0.00102567  3.23113
-0.0037757  0.000945364  3.46501
-0.00372788  0.000871838  3.70238
-0.00367748  0.000800506  3.96934
-0.00362749  0.000744229  4.20232
-0.00357148  0.000693845  4.42675
-0.00350395  0.000648656  4.63103
-0.00343139  0.000612604  4.78513
-0.0033628  0.000589197  4.85881
-0.00327549  0.000568441  4.88264
-0.00321534  0.000557854  4.86748
-0.00315772  0.000546828  4.86025
-0.00309702  0.00053566  4.84827
-0.0030363  0.00052588  4.82297
-0.0029742  0.000515743  4.79735
-0.00291116  0.00050555  4.76937
-0.00284741  0.000495382  4.73858
-0.0027792  0.000485534  4.6942
-0.00270694  0.00047629  4.63361
-0.00264003  0.000466617  4.58626
-0.00256671  0.000456925  4.52307
-0.00249037  0.000447833  4.44445
-0.00241417  0.000438211  4.36815
-0.00233709  0.000429118  4.28109
-0.00225253  0.000420531  4.16742
-0.00217165  0.000411898  4.05842
-0.00209066  0.000402866  3.94836
-0.00200124  0.000394476  3.80565
-0.00190668  0.000386532  3.63924
-0.00182116  0.000379282  3.48331
-0.00171674  0.000371284  3.27711
-0.00162477  0.00036498  3.08174
-0.00151399  0.000357249  2.83833
-0.00140731  0.000350799  2.58641
-0.0012963  0.000344262  2.31306
-0.00118283  0.000338037  2.01997
-0.0010659  0.000332255  1.70321
-0.000936117  0.000326952  1.33389
-0.000813407  0.000322121  0.972949
-0.000677199  0.00031766  0.557826
-0.000534338  0.00031388  0.109398
-0.000408899  0.000310549  -0.293356
-0.000227535  0.000308058  -0.884458
-4.72195e-05  0.000307057  -1.47458
