-0.010865  0.0047755  2.17045
-0.0107383  0.00453815  2.25606
-0.0105582  0.00429076  2.34416
-0.0103867  0.00416126  2.3759
-0.0102721  0.00387043  2.52481
-0.0101564  0.00370846  2.60389
-0.0100052  0.0034949  2.71973
-0.00984583  0.00330117  2.83107
-0.0096814  0.00309979  2.96195
-0.00950313  0.00290939  3.0945
-0.00934357  0.00271783  3.25391
-0.00915301  0.0025357  3.41248
-0.00898253  0.00235693  3.59897
-0.00878429  0.00217955  3.80092
-0.0085769  0.00200975  4.01887
-0.00835475  0.00184575  4.25559
-0.00815246  0.0017125  4.46859
-0.00790913  0.0015771  4.69794
-0.00762831  0.00143862  4.95496
-0.00734258  0.0013327  5.13439
-0.00704922  0.00124252  5.27092
-0.00674671  0.00116085  5.38117
-0.00643541  0.00107644  5.51391
-0.00611124  0.000997951  5.62276
-0.00575564  0.00092453  5.68466
-0.00572021  0.000919308  5.67841
-0.00557205  0.00090561  5.6007
-0.00559153  0.000901732  5.64639
-0.00553793  0.00089174  5.64955
-0.00546692  0.000881587  5.63407
-0.00539394  0.000871846  5.61331
-0.00530321  0.000859443  5.58875
-0.00528819  0.000856383  5.59117
-0.00521326  0.000848622  5.55402
-0.00514233  0.000840954  5.52031
-0.00507182  0.000832257  5.49328
-0.0049898  0.000823014  5.45532
-0.00492955  0.000815118  5.43424
-0.00482803  0.000807463  5.36003
-0.00474446  0.000799706  5.30752
-0.00464493  0.000794414  5.21759
-0.00463157  0.000790869  5.22409
-0.00444736  0.000778467  5.07068
-0.00434697  0.000775305  4.96188
-0.00427791  0.000770279  4.9046
-0.00413127  0.000766887  4.73508
-0.00400842  0.00076236  4.60205
-0.00382016  0.000761717  4.35878
-0.00368683  0.000758495  4.20152
-0.00354046  0.000756017  4.02168
