-0.003971  0.00164852  2.10552
-0.00395354  0.00152142  2.26994
-0.00393618  0.00141065  2.43589
-0.00391468  0.00129205  2.64284
-0.00388932  0.00118217  2.86704
-0.00385364  0.00108352  3.09515
-0.00381133  0.000993382  3.33339
-0.00377247  0.000923957  3.5418
-0.00372711  0.000854925  3.77473
-0.00366345  0.00077101  4.103
-0.00361301  0.000719815  4.32473
-0.00354687  0.000674382  4.51802
-0.00347376  0.000636281  4.67366
-0.00341207  0.000608394  4.78648
-0.00336021  0.000596786  4.79268
-0.00323782  0.000563096  4.86208
-0.00317578  0.000554486  4.8257
-0.00312393  0.000541019  4.84997
-0.0030629  0.000533202  4.80661
-0.00298968  0.000523033  4.76007
-0.00292966  0.000509578  4.76799
-0.00285561  0.000499566  4.71531
-0.00281918  0.000493687  4.69768
-0.00274057  0.00048217  4.64684
-0.00264666  0.000473336  4.53516
-0.00259741  0.000465877  4.50207
-0.00252783  0.000454511  4.46157
-0.00243249  0.000444777  4.34486
-0.00235367  0.000433268  4.27834
-0.0023277  0.000430761  4.24296
-0.00222367  0.000420244  4.1016
-0.00212866  0.000414206  3.93202
-0.00202954  0.000401814  3.8066
-0.00196344  0.000398764  3.66994
-0.00191796  0.00039193  3.6179
-0.00177673  0.000384264  3.32253
-0.00167575  0.000373585  3.14721
-0.00158308  0.000366351  2.9564
-0.00149705  0.000360893  2.76272
-0.00135606  0.000351508  2.4354
-0.00125293  0.000348017  2.16349
-0.00119464  0.000345577  2.01008
-0.00101666  0.000336152  1.53699
-0.000891524  0.000330548  1.18447
-0.000767316  0.000326117  0.819693
-0.000696237  0.000322334  0.6088
-0.000509462  0.000318503  0.0297068
-0.000344956  0.000315156  -0.491959
-0.000212415  0.000313768  -0.916555
8.35377e-06  0.000312879  -1.62476
