-0.00389434  0.00120143  2.82525
-0.00387363  0.00112992  2.98573
-0.00387363  0.00112992  2.98573
-0.00385831  0.00109052  3.07955
-0.00384327  0.00106045  3.15269
-0.00381751  0.00104155  3.18517
-0.00379549  0.000963391  3.42071
-0.0037758  0.000926998  3.53377
-0.00376052  0.000901246  3.61779
-0.00376052  0.000901246  3.61779
-0.00372623  0.000852882  3.78273
-0.00372623  0.000852882  3.78273
-0.00369434  0.000815017  3.91936
-0.00365677  0.000809544  3.89945
-0.00363541  0.000763332  4.10754
-0.0036168  0.000740216  4.21066
-0.00359578  0.000730772  4.23631
-0.00356541  0.000718051  4.26907
-0.00351604  0.000703236  4.2888
-0.00348752  0.000684208  4.36639
-0.00348151  0.00064212  4.64323
-0.00344865  0.000624947  4.71823
-0.00344865  0.000624947  4.71823
-0.00336817  0.000612723  4.68102
-0.00333739  0.000597442  4.74923
-0.00323363  0.00058378  4.68265
-0.00311017  0.000558435  4.67408
-0.00307786  0.000552107  4.66912
-0.00300111  0.000537164  4.65613
-0.00293616  0.000526469  4.62736
-0.00284956  0.00051161  4.59248
-0.00275769  0.000497734  4.53593
-0.00266857  0.000487088  4.45211
-0.00254844  0.000471313  4.34624
-0.00245881  0.000460952  4.2495
-0.00234034  0.000448099  4.107
-0.00222023  0.000437624  3.93083
-0.00212588  0.000425518  3.82095
-0.00200376  0.000413956  3.63266
-0.00183478  0.000399212  3.34355
-0.00171967  0.000393605  3.09871
-0.00158208  0.000382064  2.83218
-0.00146119  0.000376085  2.55577
-0.00131836  0.00036649  2.23297
-0.00110907  0.000356955  1.7063
-0.000969104  0.000350163  1.33967
-0.000884141  0.000346952  1.10719
-0.000619051  0.00033975  0.350407
-0.000525537  0.000336646  0.0758567
-0.000181909  0.000332438  -0.956843
