-0.010865  0.0047755  2.17045
-0.0107811  0.00462058  2.22507
-0.010696  0.00446565  2.2832
-0.0106093  0.00431267  2.34409
-0.0105162  0.00416275  2.40614
-0.0104234  0.00400361  2.47862
-0.0103284  0.00386901  2.54029
-0.0102293  0.00371403  2.6196
-0.0101281  0.00357412  2.69384
-0.0100264  0.00343976  2.76948
-0.0099127  0.00329382  2.85768
-0.00980979  0.00316402  2.94239
-0.00969913  0.00302858  3.03744
-0.00958876  0.00289829  3.1359
-0.00946706  0.00276874  3.23868
-0.00935227  0.00263979  3.3534
-0.00922748  0.00251357  3.47214
-0.00910138  0.0023905  3.59814
-0.00897106  0.00226705  3.7366
-0.0088401  0.00215028  3.87861
-0.00869529  0.00203193  4.03327
-0.00856157  0.00192403  4.18994
-0.00841228  0.00181508  4.35918
-0.00826927  0.00171832  4.52144
-0.00810938  0.00161449  4.71318
-0.00794288  0.00151892  4.90012
-0.00777588  0.00142621  5.10156
-0.00760056  0.00134378  5.28403
-0.00741489  0.00126531  5.46497
-0.00725344  0.00119341  5.65893
-0.00704133  0.00112213  5.82938
-0.00683436  0.00106466  5.94965
-0.00661981  0.00101082  6.05433
-0.00639346  0.000955668  6.16685
-0.00617638  0.000910036  6.23754
-0.00593065  0.000864032  6.28524
-0.00569985  0.000820019  6.34113
-0.00555989  0.00080062  6.31997
-0.00541862  0.000780923  6.29847
-0.00526397  0.000763971  6.2358
-0.00510279  0.000745162  6.1769
-0.0049029  0.000730126  6.03033
-0.00473253  0.000714248  5.92585
-0.00452375  0.000698667  5.75918
-0.00429817  0.000684773  5.5466
-0.004106  0.000675932  5.33485
-0.00378027  0.000662744  4.94952
-0.00349859  0.000653491  4.58858
-0.0032469  0.000647876  4.23985
-0.00280097  0.000642953  3.57875
