-0.003971  0.00164852  2.10552
-0.00395347  0.00152151  2.26976
-0.0039338  0.00141294  2.43026
-0.00391135  0.00128347  2.6579
-0.00389088  0.00119167  2.84548
-0.00386164  0.00110232  3.0496
-0.00381195  0.00100437  3.29753
-0.00377166  0.000938257  3.48696
-0.00371252  0.000872837  3.68055
-0.00366571  0.000797265  3.97072
-0.00360048  0.000748721  4.14103
-0.00354399  0.000680068  4.47601
-0.0034747  0.000641453  4.63743
-0.00341024  0.000611672  4.75783
-0.00332233  0.000587674  4.80255
-0.0032356  0.000561709  4.87014
-0.0031802  0.000551739  4.85773
-0.00311959  0.000540953  4.84255
-0.0030629  0.000530721  4.82909
-0.00299421  0.000521953  4.77861
-0.00293126  0.0005107  4.76065
-0.00287113  0.000499637  4.7457
-0.0027995  0.000491363  4.67984
-0.00273615  0.000479884  4.65978
-0.00267946  0.000472157  4.61596
-0.00261226  0.000462626  4.56581
-0.00252665  0.00045273  4.47651
-0.00246043  0.000444683  4.4086
-0.00238985  0.000434946  4.34502
-0.00231095  0.000426406  4.247
-0.00223178  0.000418786  4.13525
-0.00215999  0.0004091  4.05766
-0.00206915  0.000400247  3.92046
-0.00198675  0.000393059  3.7825
-0.00189395  0.000384835  3.62219
-0.00179753  0.000377807  3.43438
-0.00169976  0.000370633  3.23706
-0.00160081  0.000363583  3.02768
-0.00150568  0.000356553  2.82057
-0.00139556  0.000349837  2.55994
-0.00128782  0.000344304  2.28814
-0.00118655  0.000338512  2.02815
-0.00105857  0.000332694  1.67895
-0.000947684  0.000326305  1.37198
-0.000817679  0.000321956  0.986716
-0.000694255  0.000317624  0.611587
-0.00056263  0.000313733  0.199629
-0.00041482  0.000310312  -0.274497
-0.000284701  0.000308435  -0.698035
-7.36775e-05  0.000307102  -1.38821
