-0.003971  0.00164852  2.10552
-0.00395238  0.00151677  2.27614
-0.00393394  0.00141027  2.43496
-0.00391234  0.0013009  2.62306
-0.00388283  0.00120319  2.81156
-0.00385507  0.00110725  3.03008
-0.00380902  0.00102281  3.23523
-0.00377314  0.000945745  3.46091
-0.00371558  0.000873197  3.68254
-0.00366693  0.000806214  3.92815
-0.00361297  0.000748833  4.15709
-0.00354566  0.000694898  4.38289
-0.00348242  0.00064905  4.59505
-0.00341693  0.000613294  4.75617
-0.00333102  0.000585144  4.83816
-0.00324734  0.00056545  4.85867
-0.00319043  0.000554668  4.85052
-0.00312763  0.000543172  4.83756
-0.00307543  0.000533799  4.82472
-0.00301584  0.000523952  4.80166
-0.00295801  0.000513139  4.79014
-0.00288645  0.0005034  4.74066
-0.0028282  0.000493164  4.72094
-0.00276266  0.000483817  4.67668
-0.00269437  0.000473437  4.63498
-0.00262823  0.000465003  4.57681
-0.00255035  0.0004557  4.49935
-0.00248529  0.000446054  4.45079
-0.0024055  0.000435941  4.37099
-0.00233487  0.000428291  4.28416
-0.00225466  0.000419336  4.18437
-0.00216787  0.000410954  4.05853
-0.00208539  0.000401771  3.94601
-0.00199887  0.000394791  3.79662
-0.00191008  0.000387242  3.64133
-0.00181012  0.000379304  3.454
-0.00172222  0.000371047  3.29398
-0.00162688  0.000364901  3.08818
-0.00152054  0.000357659  2.8534
-0.00141211  0.000351156  2.59746
-0.00131629  0.000345004  2.36603
-0.00120443  0.000338416  2.08156
-0.00108074  0.000332646  1.74582
-0.000974553  0.000327648  1.44836
-0.000837087  0.000322709  1.04456
-0.000728429  0.000318604  0.71697
-0.0005678  0.000314178  0.215802
-0.000433814  0.000311583  -0.212419
-0.000258036  0.000308703  -0.783807
-8.89007e-05  0.000307868  -1.33531
