-0.003971  0.00164852  2.10552
-0.00395238  0.00151677  2.27614
-0.00393394  0.00141027  2.43496
-0.00391234  0.0013009  2.62306
-0.00388283  0.00120319  2.81156
-0.00385507  0.00110725  3.03008
-0.0038073  0.00101532  3.25741
-0.0037632  0.000938177  3.47823
-0.00371372  0.000862452  3.72625
-0.00365709  0.000799445  3.9491
-0.00361297  0.000748833  4.15709
-0.00354417  0.000692283  4.3973
-0.00349486  0.000655865  4.56627
-0.00341693  0.000613294  4.75617
-0.00332992  0.000585261  4.83531
-0.00324734  0.00056545  4.85867
-0.00319032  0.000554675  4.85026
-0.00312127  0.000542697  4.83007
-0.00307543  0.000533799  4.82472
-0.00301584  0.000523952  4.80166
-0.00295085  0.000512979  4.77768
-0.00288542  0.000502024  4.7516
-0.00283253  0.000494026  4.72147
-0.00275535  0.000484241  4.65749
-0.00269437  0.000473437  4.63498
-0.00261929  0.000464761  4.55994
-0.00254712  0.000454194  4.50714
-0.00247646  0.000445235  4.43915
-0.0024055  0.000435941  4.37099
-0.00233232  0.000428458  4.27655
-0.00223859  0.000418659  4.15276
-0.00215937  0.000410679  4.04055
-0.00208539  0.000401771  3.94601
-0.00199044  0.000393455  3.78807
-0.0018935  0.000387606  3.59514
-0.00180945  0.000379343  3.45188
-0.00171051  0.00037024  3.26952
-0.00161206  0.000365094  3.04596
-0.00151239  0.00035709  2.83511
-0.00140732  0.000349789  2.59392
-0.00129969  0.000343601  2.32738
-0.00119498  0.000338458  2.05338
-0.0010611  0.000331424  1.69299
-0.000952852  0.000327226  1.38391
-0.000832856  0.000322039  1.03359
-0.000747316  0.000319433  0.774234
-0.000558935  0.00031429  0.187519
-0.000433457  0.000311956  -0.213309
-0.000258036  0.000308703  -0.783807
-8.89007e-05  0.000307868  -1.33531
