-0.003971  0.00164852  2.10552
-0.0039538  0.00152323  2.26742
-0.00393667  0.00141279  2.43254
-0.00391418  0.00128956  2.64754
-0.00389049  0.00120014  2.82509
-0.00385986  0.00110465  3.04157
-0.00381966  0.00101862  3.25899
-0.00377261  0.000942491  3.4723
-0.00373309  0.000870382  3.71456
-0.00368405  0.000807914  3.94108
-0.00362338  0.000729678  4.28049
-0.00356859  0.000688116  4.45941
-0.00350563  0.00065342  4.59984
-0.00343876  0.000616456  4.76719
-0.00335807  0.000595564  4.79893
-0.00327152  0.000570649  4.85679
-0.00321707  0.00055964  4.85503
-0.0031563  0.000549233  4.83638
-0.00309796  0.000538727  4.8224
-0.00303466  0.00052744  4.80559
-0.00297137  0.000518313  4.7681
-0.0029121  0.000508506  4.7435
-0.00284764  0.00049794  4.7147
-0.00277217  0.000486967  4.66596
-0.00271347  0.000477458  4.63594
-0.00264549  0.000468047  4.58393
-0.00257306  0.000458987  4.5166
-0.00250007  0.000449597  4.44859
-0.00242221  0.00044034  4.36529
-0.00234027  0.000430055  4.27915
-0.00226829  0.000422501  4.1853
-0.00217952  0.000414114  4.05569
-0.00210487  0.000405616  3.95662
-0.0020105  0.000397714  3.79795
-0.00191568  0.00038939  3.63563
-0.00182444  0.000380758  3.47842
-0.00173157  0.000374197  3.29124
-0.00163  0.000366755  3.08108
-0.00152477  0.000359217  2.85279
-0.0014421  0.000353543  2.66474
-0.00131812  0.000346166  2.36337
-0.00120396  0.000340437  2.06782
-0.00108825  0.000334606  1.75803
-0.000963398  0.000328832  1.40923
-0.000845114  0.000324197  1.06452
-0.000708819  0.000319531  0.653518
-0.000574625  0.000315846  0.23627
-0.000462666  0.000313261  -0.119177
-0.000261908  0.00031005  -0.767917
-8.24803e-05  0.0003093  -1.34989
