-0.010865  0.0047755  2.17045
-0.0107789  0.00461543  2.22707
-0.0106913  0.00445714  2.2865
-0.0106014  0.0042991  2.34965
-0.0105088  0.00414288  2.41591
-0.0104126  0.00399066  2.48394
-0.0103125  0.00384017  2.55523
-0.0102131  0.0036925  2.6305
-0.0101092  0.00354715  2.70899
-0.0100012  0.00340513  2.79025
-0.00988744  0.00326314  2.87681
-0.00977121  0.00311961  2.97191
-0.00965622  0.00298814  3.06418
-0.00953943  0.00285246  3.16899
-0.00942338  0.00271926  3.28155
-0.00929643  0.0025837  3.40459
-0.00916934  0.00245759  3.52757
-0.00903643  0.00232665  3.66897
-0.00890286  0.00220558  3.80983
-0.008762  0.0020877  3.95746
-0.00862646  0.00197278  4.11929
-0.00847016  0.00186352  4.27694
-0.00832047  0.00175296  4.4613
-0.00816354  0.00164826  4.64947
-0.00799629  0.00154767  4.84358
-0.00783181  0.00145375  5.04338
-0.00764972  0.00136269  5.24678
-0.00747328  0.00128613  5.4219
-0.00726349  0.0012026  5.62404
-0.0070574  0.00113071  5.79938
-0.00684577  0.00107242  5.91726
-0.00662811  0.00101089  6.06212
-0.00640708  0.000956391  6.17643
-0.00618683  0.000908121  6.26219
-0.00596148  0.00086448  6.31765
-0.00569985  0.000820019  6.34113
-0.00557133  0.00080234  6.32068
-0.00545223  0.000785183  6.30711
-0.00529485  0.000767077  6.2508
-0.00514593  0.000752724  6.17216
-0.00500703  0.000736703  6.11784
-0.00481288  0.000720545  5.98557
-0.00464684  0.00070648  5.86972
-0.00445349  0.000693414  5.70149
-0.00425372  0.000682272  5.50179
-0.00401317  0.000669663  5.24617
-0.00375782  0.000659866  4.9371
-0.00349386  0.00065203  4.5916
-0.00319653  0.000646486  4.17106
-0.00280097  0.000642953  3.57875
