-0.003971  0.00164852  2.10552
-0.00395314  0.00151872  2.27373
-0.00393591  0.00140824  2.43986
-0.00391456  0.00129146  2.64395
-0.00388974  0.00118372  2.86364
-0.00385665  0.00108785  3.08558
-0.00381802  0.00100684  3.29549
-0.00376958  0.000926037  3.53072
-0.00372414  0.000861349  3.74313
-0.00367043  0.000799302  3.9665
-0.0036156  0.000730335  4.26599
-0.00355957  0.000680422  4.49657
-0.00349325  0.000641507  4.66596
-0.00344518  0.000624103  4.71906
-0.00333525  0.000602195  4.7082
-0.00326335  0.000588458  4.69592
-0.00321868  0.000578732  4.69765
-0.00315464  0.00056639  4.68695
-0.00310486  0.000556752  4.67868
-0.00304689  0.000545539  4.66858
-0.00298302  0.000535382  4.63785
-0.00293007  0.000525186  4.62706
-0.00287279  0.000515333  4.60438
-0.00280581  0.000505552  4.56098
-0.00274164  0.000495504  4.52395
-0.00267063  0.000486823  4.45877
-0.00260685  0.000478052  4.40716
-0.00252571  0.000469102  4.31827
-0.0024272  0.000462471  4.16717
-0.00237387  0.000451346  4.15174
-0.00229347  0.000442789  4.0504
-0.00221135  0.0004334  3.94866
-0.00213134  0.000426243  3.82725
-0.00208025  0.000420744  3.75585
-0.00195948  0.000409798  3.56145
-0.00185723  0.00040111  3.38367
-0.00180958  0.000397218  3.29687
-0.00165611  0.000390447  2.96099
-0.00158815  0.000382867  2.84212
-0.00147554  0.000375408  2.5986
-0.00136086  0.000369778  2.32805
-0.00126081  0.000363639  2.09222
-0.00114226  0.000358258  1.79273
-0.00102679  0.000353573  1.48989
-0.000917202  0.0003481  1.19851
-0.000780111  0.000343158  0.816273
-0.000657999  0.000339604  0.465244
-0.00051054  0.000336202  0.0313516
-0.000419127  0.000334618  -0.241686
-0.000181909  0.000332438  -0.956843
