-0.003971  0.00164852  2.10552
-0.00395501  0.00153243  2.2546
-0.00393778  0.00141993  2.42109
-0.0039168  0.00130442  2.61939
-0.00389519  0.00120527  2.81695
-0.00386555  0.00110866  3.0357
-0.0038246  0.00102179  3.2537
-0.00378654  0.000949971  3.45962
-0.00373636  0.000878751  3.68291
-0.00368901  0.000806179  3.95571
-0.00363047  0.000753394  4.15516
-0.00356535  0.000696362  4.40194
-0.0034998  0.000663148  4.52357
-0.00342111  0.000626739  4.66081
-0.00335369  0.000598876  4.76509
-0.00326491  0.000572798  4.82703
-0.00317939  0.000554417  4.8328
-0.00311869  0.000542385  4.82811
-0.00306256  0.00053215  4.81549
-0.00300163  0.000521184  4.79989
-0.00294255  0.000511301  4.77713
-0.00288117  0.000500994  4.75289
-0.00281077  0.000490581  4.71027
-0.00275651  0.00048236  4.67807
-0.00268371  0.00047291  4.6176
-0.00261661  0.000463027  4.57123
-0.0025453  0.00045402  4.50487
-0.00247676  0.000445005  4.44212
-0.00240018  0.000435585  4.36237
-0.0023226  0.000427253  4.26585
-0.00224269  0.000418455  4.16459
-0.00215887  0.000409708  4.04892
-0.00208231  0.000402244  3.9337
-0.00198945  0.000394112  3.77924
-0.00189304  0.000386199  3.60706
-0.00179646  0.000379576  3.41555
-0.0017097  0.000371537  3.25593
-0.00161287  0.000364307  3.05475
-0.00152702  0.000358793  2.86242
-0.00139807  0.000351215  2.55704
-0.00129526  0.000344486  2.30854
-0.00118106  0.000340045  2.00284
-0.00106548  0.000334017  1.69297
-0.000938599  0.000328292  1.336
-0.000818484  0.000323845  0.983447
-0.000687507  0.000319088  0.587634
-0.000545985  0.000315475  0.145765
-0.000448664  0.000313151  -0.163935
-0.000273948  0.000310153  -0.728841
-6.38753e-05  0.000308288  -1.41467
