-0.00394836  0.00162515  2.12187
-0.00393002  0.00149405  2.29579
-0.00390429  0.00139949  2.43252
-0.00388151  0.00127498  2.6522
-0.00385089  0.00118179  2.83543
-0.0038114  0.00106943  3.09642
-0.00377553  0.00100205  3.26882
-0.00372515  0.000932381  3.45904
-0.00368202  0.000870666  3.6547
-0.0036208  0.000804676  3.87832
-0.00358082  0.000741127  4.15694
-0.0035174  0.000681325  4.42873
-0.00345492  0.000637047  4.63846
-0.00337445  0.00060728  4.73333
-0.00329967  0.000580711  4.8211
-0.00323346  0.000564011  4.84646
-0.00318439  0.000553549  4.84941
-0.00312637  0.000542868  4.83795
-0.00306804  0.000532137  4.82591
-0.00300407  0.000521204  4.80439
-0.0029427  0.000511803  4.77273
-0.00288291  0.000500952  4.75677
-0.00281988  0.000491763  4.71747
-0.00275576  0.000482248  4.67758
-0.00268775  0.000472032  4.63475
-0.00261995  0.000462496  4.5837
-0.0025498  0.000453284  4.52211
-0.00247383  0.000443606  4.4495
-0.00240067  0.000435522  4.36412
-0.00231973  0.000427113  4.26054
-0.00223951  0.000417055  4.17093
-0.0021539  0.000408706  4.04668
-0.00207542  0.000401035  3.92838
-0.00198412  0.000393482  3.77175
-0.00189921  0.000384793  3.63626
-0.0018065  0.000377765  3.45851
-0.0017021  0.000370179  3.24735
-0.00160337  0.000362681  3.04227
-0.00150271  0.000356126  2.8156
-0.00140381  0.000349898  2.58307
-0.00129976  0.000343877  2.32573
-0.00118053  0.00033755  2.01608
-0.00105294  0.000332242  1.66426
-0.000931943  0.000326754  1.32192
-0.000827658  0.000322368  1.01641
-0.000705729  0.00031789  0.64717
-0.000539435  0.000314082  0.125557
-0.000383622  0.000310992  -0.374215
-0.00023851  0.000308792  -0.846817
-4.91919e-05  0.000307975  -1.46378
