-0.003971  0.00164852  2.10552
-0.00396007  0.00156724  2.20775
-0.00395144  0.00150715  2.29004
-0.0039408  0.00143811  2.39258
-0.00392792  0.00136193  2.51697
-0.00391685  0.00130293  2.62244
-0.00390352  0.0012398  2.74522
-0.0038881  0.00117765  2.877
-0.00387028  0.00112075  3.00716
-0.00384833  0.00107034  3.12827
-0.00382575  0.00102201  3.25413
-0.00380256  0.000976304  3.38272
-0.00377561  0.000932875  3.51131
-0.00375211  0.00088854  3.66006
-0.0037245  0.000845516  3.81365
-0.00369465  0.000807613  3.95567
-0.00366481  0.000771402  4.10268
-0.00362918  0.000746145  4.19379
-0.00359322  0.000723434  4.27574
-0.00356578  0.000681461  4.49883
-0.00352607  0.000658128  4.59799
-0.00349552  0.000642845  4.65978
-0.00344434  0.000623308  4.72372
-0.00340517  0.000614102  4.73076
-0.0033518  0.000600777  4.74684
-0.003257  0.000587306  4.69432
-0.00318401  0.00057168  4.69495
-0.00310457  0.000555978  4.68467
-0.003022  0.000540961  4.66207
-0.00293805  0.000526346  4.63202
-0.00284685  0.000512167  4.58221
-0.0027627  0.000498391  4.54
-0.00266774  0.000485975  4.46059
-0.0025528  0.000473101  4.33903
-0.00244855  0.000459461  4.24095
-0.00233894  0.000448  4.10477
-0.00223402  0.000435976  3.97734
-0.00210409  0.000424615  3.77774
-0.00198575  0.000412214  3.60431
-0.00187702  0.000402767  3.41891
-0.00171801  0.000392005  3.10714
-0.00157835  0.000381778  2.82455
-0.00143628  0.000374041  2.50314
-0.00126756  0.000364662  2.10485
-0.00108919  0.000356059  1.65476
-0.000930596  0.000348548  1.2354
-0.000749046  0.000342228  0.727721
-0.000560476  0.000337077  0.179412
-0.000352946  0.000333602  -0.440806
-8.42758e-05  0.000332374  -1.25077
