-0.010865  0.0047755  2.17045
-0.0107785  0.00461404  2.22765
-0.0106927  0.00445648  2.28716
-0.0106035  0.00430129  2.34895
-0.0105111  0.00414593  2.41468
-0.0104176  0.00399315  2.48366
-0.0103192  0.00384208  2.5557
-0.0102204  0.00369539  2.63042
-0.0101161  0.00355086  2.70811
-0.0100079  0.0034092  2.78889
-0.00989671  0.00326951  2.87404
-0.00978653  0.00313353  2.9636
-0.00967149  0.00299688  3.06035
-0.00955287  0.00285943  3.16597
-0.00943184  0.00272468  3.27812
-0.00930795  0.00259597  3.39293
-0.00918122  0.00246915  3.51588
-0.00905059  0.00234141  3.6519
-0.00891662  0.00222226  3.78742
-0.00878027  0.00210204  3.93915
-0.00863827  0.00198891  4.09183
-0.00849359  0.00187487  4.26355
-0.0083398  0.00176635  4.43842
-0.00818284  0.00166577  4.6122
-0.00802112  0.00156404  4.80877
-0.00785602  0.00146945  5.00596
-0.00767721  0.00137747  5.21042
-0.00749794  0.0012929  5.41259
-0.00730695  0.00121606  5.59754
-0.00711197  0.00114698  5.76468
-0.00689559  0.00108257  5.90779
-0.00667868  0.00102362  6.03609
-0.00646282  0.000970208  6.14592
-0.00623223  0.000918857  6.23843
-0.00600191  0.000874576  6.29094
-0.00576319  0.000830925  6.33413
-0.00564435  0.000812438  6.33199
-0.00550903  0.000793559  6.3121
-0.00537342  0.000775176  6.28686
-0.0052179  0.000758502  6.22002
-0.00505099  0.000741428  6.13814
-0.0048896  0.000726472  6.04235
-0.00469299  0.00071133  5.89458
-0.00448821  0.000697268  5.71977
-0.00428638  0.000685073  5.52697
-0.00405656  0.000673782  5.2785
-0.00382119  0.000663154  5.00817
-0.00353574  0.000654573  4.63773
-0.00317032  0.000647662  4.12302
-0.00280011  0.000644345  3.56969
