-0.010865  0.0047755  2.17045
-0.0107799  0.00461644  2.22681
-0.010692  0.00445615  2.28718
-0.010604  0.00430147  2.34898
-0.0105101  0.00414509  2.41492
-0.0104148  0.00399476  2.48194
-0.0103206  0.00384253  2.55576
-0.0102241  0.0037015  2.62707
-0.0101125  0.00354795  2.70932
-0.0100104  0.00341281  2.78667
-0.00990549  0.00328399  2.86404
-0.00979238  0.00313864  2.96064
-0.00967202  0.0029955  3.06193
-0.00956612  0.0028747  3.15376
-0.00944683  0.00274175  3.26318
-0.0093174  0.00260349  3.38676
-0.0091779  0.00248017  3.49891
-0.0090551  0.00234329  3.65089
-0.00895035  0.00224736  3.76012
-0.00880574  0.00212942  3.90046
-0.00864032  0.00199309  4.08428
-0.008513  0.00189626  4.22568
-0.00835294  0.00178687  4.39481
-0.00819509  0.00168709  4.56117
-0.00804451  0.00158779  4.75158
-0.00786129  0.00148686  4.95088
-0.0076947  0.00140674  5.11444
-0.00752055  0.00131997  5.31871
-0.0073206  0.0012449  5.47885
-0.0071178  0.00118175  5.6
-0.00695708  0.0011101  5.81669
-0.00673311  0.00104802  5.94752
-0.00649779  0.000994489  6.03103
-0.00629362  0.000937924  6.17707
-0.00611134  0.00089828  6.24676
-0.00581443  0.000843574  6.29989
-0.00562497  0.000822409  6.23166
-0.00554185  0.000802775  6.28053
-0.00533468  0.000784518  6.16261
-0.00522653  0.000764805  6.18005
-0.00510922  0.000749886  6.14655
-0.00489018  0.000731622  6.00061
-0.00468274  0.000712592  5.86975
-0.00450755  0.000700619  5.72001
-0.00427066  0.000687832  5.48194
-0.00400838  0.000676116  5.18901
-0.00375261  0.000665948  4.88418
-0.00349845  0.000656025  4.57064
-0.00314951  0.000648822  4.08356
-0.00275173  0.000644424  3.49417
