-0.00338797  0.000622052  4.64266
-0.00307832  0.000537512  4.79677
-0.00303651  0.000529299  4.79222
-0.0030049  0.000523711  4.78299
-0.00295858  0.00051656  4.75953
-0.00291463  0.000509904  4.73546
-0.00288356  0.000503102  4.73772
-0.00283669  0.000495595  4.71493
-0.00279384  0.000490292  4.67852
-0.00274937  0.000483845  4.64896
-0.00270748  0.000477764  4.62045
-0.0026649  0.000471083  4.59558
-0.00261268  0.000463777  4.55538
-0.00256699  0.000457254  4.52045
-0.00252361  0.000451522  4.48174
-0.00248266  0.000446252  4.44291
-0.00242053  0.000439659  4.36823
-0.00237959  0.000434188  4.32897
-0.00232724  0.000427587  4.27339
-0.00227542  0.000422085  4.20631
-0.00222721  0.000416446  4.1475
-0.0021667  0.000410358  4.06159
-0.0021109  0.000404627  3.9812
-0.00206381  0.00039996  3.90992
-0.00200091  0.000394064  3.80881
-0.00194255  0.000388656  3.71165
-0.00188234  0.000384195  3.59801
-0.00181556  0.000378614  3.47468
-0.00175347  0.000373134  3.3593
-0.00169447  0.000368878  3.23812
-0.00162464  0.000364039  3.08935
-0.00155619  0.000359543  2.93759
-0.00149086  0.000354768  2.793
-0.00141538  0.000350478  2.6118
-0.00134915  0.00034608  2.45361
-0.00127188  0.000342167  2.25585
-0.00119585  0.00033788  2.05945
-0.00112179  0.000334753  1.85745
-0.00104519  0.000330892  1.64765
-0.000960061  0.000327157  1.40624
-0.000875044  0.000323884  1.15796
-0.000786953  0.000320791  0.894517
-0.000696514  0.000317898  0.618167
-0.000608727  0.000315645  0.344461
-0.000505706  0.000313183  0.0182186
-0.000417698  0.000311173  -0.264489
-0.000298888  0.000309477  -0.649845
-0.000203278  0.000308311  -0.96241
-7.0435e-05  0.000307623  -1.3964
-7.0435e-05  0.000307623  -1.3964
