-0.003971  0.00164852  2.10552
-0.00395394  0.00152517  2.26463
-0.0039354  0.00140583  2.44369
-0.00391406  0.00128906  2.64849
-0.00388924  0.00118352  2.86369
-0.0038525  0.00108514  3.08947
-0.00380857  0.00100436  3.29421
-0.00376632  0.00091717  3.5613
-0.00371081  0.000836491  3.83843
-0.00365904  0.000772752  4.08804
-0.00360708  0.000720119  4.31468
-0.0035298  0.000662502  4.57326
-0.00346834  0.000630879  4.70509
-0.00337142  0.000594214  4.83229
-0.00328326  0.000572493  4.86165
-0.00319259  0.00055202  4.8777
-0.00313645  0.000541903  4.86517
-0.00307978  0.000532489  4.84476
-0.00302022  0.000522776  4.82084
-0.0029538  0.000512019  4.7924
-0.00289556  0.000502647  4.7659
-0.00282708  0.000492252  4.72743
-0.00276813  0.00048402  4.68604
-0.00270785  0.000474561  4.65242
-0.00263732  0.000464947  4.59692
-0.00256704  0.000455677  4.53621
-0.00249861  0.000447877  4.4624
-0.0024221  0.000438357  4.38477
-0.00235871  0.000430618  4.31637
-0.00228867  0.000422318  4.23535
-0.00220785  0.000413302  4.13221
-0.00212873  0.000405439  4.01719
-0.00204289  0.000397308  3.88335
-0.00195027  0.000390114  3.71755
-0.0018688  0.000382166  3.58168
-0.0017766  0.000374694  3.40704
-0.00169213  0.000368315  3.2367
-0.00158239  0.000361363  2.9953
-0.00149511  0.00035528  2.80091
-0.0013905  0.000348148  2.55783
-0.00128515  0.000342408  2.29303
-0.0011816  0.000336546  2.02529
-0.00105062  0.000330194  1.66755
-0.000959647  0.00032647  1.40793
-0.000827249  0.000321575  1.01764
-0.000700601  0.000317148  0.632514
-0.000561461  0.000313695  0.195924
-0.000417695  0.000310624  -0.264968
-0.000263821  0.000308254  -0.766185
-9.43379e-05  0.000306881  -1.32189
