-0.003971  0.00164852  2.10552
-0.00395485  0.00153073  2.257
-0.00393694  0.00142184  2.41725
-0.00391465  0.00130313  2.62034
-0.0038926  0.00120721  2.81027
-0.0038639  0.00111791  3.00909
-0.00382183  0.00103237  3.21768
-0.00378468  0.000964448  3.40576
-0.0037394  0.000888425  3.64623
-0.00369024  0.000817031  3.90467
-0.00364392  0.000763013  4.1204
-0.00358083  0.000712164  4.32602
-0.0035174  0.000669565  4.5065
-0.00345681  0.00062786  4.70934
-0.0033766  0.000608783  4.72517
-0.00330886  0.000577706  4.86208
-0.00322111  0.000557382  4.88195
-0.003159  0.000547127  4.85993
-0.00309666  0.000535052  4.8531
-0.0030424  0.000525612  4.83702
-0.00297141  0.000514701  4.80165
-0.00290531  0.000505427  4.75896
-0.00284443  0.00049517  4.73461
-0.00278234  0.000485159  4.70431
-0.00270302  0.000474532  4.64252
-0.00264834  0.000466034  4.60984
-0.00257538  0.000455921  4.55206
-0.0024977  0.000446683  4.47231
-0.00240697  0.000437143  4.36235
-0.0023425  0.000427434  4.3106
-0.00227113  0.000421775  4.19924
-0.00218618  0.000410861  4.10401
-0.00209468  0.000404565  3.9417
-0.00202497  0.0003956  3.85483
-0.00192622  0.000387116  3.68422
-0.00181836  0.000379328  3.47552
-0.00173175  0.000371455  3.31602
-0.00164707  0.000365184  3.14107
-0.00155619  0.000358886  2.94295
-0.00140703  0.000352491  2.57321
-0.00129282  0.000344572  2.30088
-0.00122377  0.000338874  2.13581
-0.00108082  0.000332075  1.74907
-0.000948046  0.00032628  1.37319
-0.000845311  0.000322423  1.07099
-0.000698102  0.00031827  0.622436
-0.000597926  0.000314791  0.311082
-0.000405542  0.000312241  -0.302515
-0.000258682  0.000308606  -0.781962
-7.12575e-05  0.000307159  -1.39583
