-0.00387199  0.00112515  2.99692
-0.00380523  0.000980531  3.37086
-0.00371074  0.000828716  3.87436
-0.00359357  0.000735821  4.20425
-0.0034783  0.000682803  4.36188
-0.00331069  0.000591188  4.75431
-0.00312169  0.000548928  4.77602
-0.00308557  0.000542152  4.76908
-0.0030136  0.000533312  4.7132
-0.00297291  0.000527848  4.68489
-0.00291628  0.000517165  4.67218
-0.00286725  0.000512855  4.61582
-0.00281554  0.000506408  4.57248
-0.00277666  0.000496521  4.58523
-0.00272639  0.000492197  4.52337
-0.00271436  0.00048346  4.58023
-0.00261222  0.000474814  4.44851
-0.00256152  0.000472672  4.36142
-0.00249805  0.000458857  4.35441
-0.00247588  0.0004566  4.32737
-0.00243412  0.00045101  4.28842
-0.00236009  0.000443266  4.19632
-0.00233342  0.000434396  4.22062
-0.00220959  0.000429812  3.97753
-0.00215717  0.000417115  3.97294
-0.00215717  0.000417115  3.97294
-0.00203593  0.000407955  3.76495
-0.00198582  0.000404432  3.67385
-0.0019003  0.000399894  3.50167
-0.00183006  0.000394192  3.37413
-0.00180325  0.000386995  3.36763
-0.00173551  0.000381  3.2428
-0.00166451  0.000376303  3.09461
-0.0016113  0.000369781  3.00528
-0.00147902  0.00036458  2.68534
-0.00142293  0.000358618  2.57358
-0.00133486  0.00035347  2.3619
-0.00123252  0.000349007  2.09888
-0.00116873  0.000344593  1.94065
-0.00111961  0.000341173  1.81611
-0.000975479  0.000337462  1.40898
-0.000924861  0.000331741  1.2807
-0.00083231  0.000330893  1.00428
-0.00075919  0.000326205  0.794562
-0.000624343  0.000323891  0.383904
-0.000483609  0.000320087  -0.0512077
-0.000380689  0.000318136  -0.375033
-0.000363775  0.000317616  -0.428899
-0.000363775  0.000317616  -0.428899
5.47867e-05  0.000316899  -1.75067
