-0.003971  0.00164852  2.10552
-0.00395538  0.00153493  2.25117
-0.00393618  0.00141065  2.43589
-0.00391677  0.00130317  2.62189
-0.00389373  0.00121183  2.8005
-0.00386651  0.00111187  3.02778
-0.00383206  0.0010385  3.20855
-0.00379144  0.000960546  3.42664
-0.00374211  0.000882837  3.67237
-0.00370155  0.000828779  3.86297
-0.00364534  0.000763495  4.11966
-0.00358994  0.000707705  4.36615
-0.00353148  0.000664549  4.56171
-0.0034567  0.000629008  4.70058
-0.00338111  0.000601172  4.79249
-0.00330145  0.000580524  4.82572
-0.00322191  0.000559029  4.869
-0.00315869  0.000548847  4.84414
-0.00310385  0.000537586  4.84359
-0.00304289  0.000526819  4.82688
-0.00297313  0.000514493  4.80693
-0.00292358  0.000506852  4.78163
-0.002852  0.000496471  4.73744
-0.00277963  0.000486961  4.68135
-0.00271579  0.000477654  4.63889
-0.00265061  0.000468252  4.59284
-0.00256306  0.000458207  4.50246
-0.00249713  0.00044853  4.4526
-0.0024203  0.000439678  4.36752
-0.00233794  0.000429769  4.27657
-0.00226775  0.000422516  4.18386
-0.00218079  0.00041373  4.06254
-0.00210565  0.000405827  3.95649
-0.00198867  0.000396306  3.75638
-0.00191368  0.000390181  3.62313
-0.00181179  0.000381019  3.44284
-0.0017205  0.000374478  3.25919
-0.00161251  0.000365966  3.03993
-0.00150764  0.000358241  2.81274
-0.00140735  0.000351734  2.57964
-0.00129127  0.000346304  2.2849
-0.00116847  0.000338704  1.97362
-0.00106051  0.000334067  1.67783
-0.000938749  0.000329019  1.33351
-0.000816321  0.000324208  0.975672
-0.000678594  0.000319838  0.558388
-0.000550175  0.000316069  0.158748
-0.000356277  0.000313193  -0.458897
-0.000246161  0.000310924  -0.816403
1.70893e-06  0.000310557  -1.61551
