-0.003971  0.00164852  2.10552
-0.00395341  0.00152053  2.27118
-0.00393357  0.00139488  2.46155
-0.00390982  0.00127102  2.68273
-0.00388554  0.00118514  2.85667
-0.003854  0.00110554  3.03382
-0.00380894  0.00102674  3.22276
-0.00376054  0.000954879  3.41462
-0.00371173  0.000881501  3.64348
-0.00366008  0.000828854  3.8126
-0.00360985  0.000767989  4.04934
-0.00355648  0.000702471  4.35105
-0.00350297  0.000667231  4.50064
-0.00341418  0.000628138  4.6394
-0.00334673  0.000591604  4.81189
-0.00326562  0.000568196  4.86736
-0.00318855  0.000557459  4.82287
-0.00314184  0.000545998  4.83856
-0.00307162  0.000535902  4.79868
-0.00302306  0.000526486  4.79226
-0.00293314  0.000518319  4.69428
-0.00286474  0.000508239  4.65281
-0.00281943  0.000497923  4.6582
-0.00274471  0.000486979  4.60946
-0.0026868  0.000479508  4.5605
-0.00260831  0.000468863  4.49665
-0.00253704  0.000459213  4.43594
-0.00247488  0.000450432  4.38442
-0.0023989  0.000440801  4.30783
-0.00229487  0.000431121  4.16326
-0.00220371  0.000422986  4.02783
-0.0021578  0.000415652  3.98844
-0.00205835  0.000405369  3.84428
-0.00198138  0.00039969  3.70631
-0.00187349  0.000389659  3.52486
-0.00176555  0.000383667  3.29855
-0.00167757  0.000375887  3.13277
-0.00161261  0.000369603  3.01027
-0.00154031  0.000364038  2.85769
-0.00137635  0.00035623  2.46007
-0.0013004  0.000349009  2.29334
-0.00115814  0.000341908  1.9249
-0.00108812  0.000336734  1.74655
-0.000964558  0.000331287  1.40228
-0.000799333  0.000326082  0.917967
-0.000660294  0.000320517  0.50011
-0.000523009  0.000317788  0.0724037
-0.000464512  0.000314464  -0.112851
-0.000225196  0.00031131  -0.882735
-6.9345e-05  0.000310429  -1.38729
