-0.003971  0.00164852  2.10552
-0.00395388  0.00152375  2.26669
-0.00393223  0.00140521  2.4425
-0.00391329  0.00129156  2.64276
-0.00388396  0.00117064  2.8907
-0.00384573  0.00107915  3.10034
-0.00379955  0.00100013  3.29913
-0.0037459  0.000916816  3.5404
-0.00369857  0.000833038  3.83965
-0.00363712  0.000766345  4.09361
-0.0035763  0.000717691  4.28638
-0.00350319  0.000668249  4.49411
-0.00342521  0.000620298  4.71581
-0.00335448  0.000599647  4.76028
-0.00324221  0.000573774  4.77925
-0.00314782  0.000547974  4.83203
-0.00309023  0.000538291  4.81196
-0.00303082  0.000529079  4.78344
-0.00297454  0.000519445  4.76382
-0.00292677  0.000510828  4.75065
-0.00284885  0.000500113  4.69663
-0.00280728  0.000492127  4.68837
-0.00273381  0.000483407  4.62098
-0.00267345  0.000474369  4.58177
-0.0026021  0.000464284  4.52761
-0.00253657  0.000455281  4.47322
-0.00248013  0.000447942  4.42052
-0.0024101  0.000439313  4.34793
-0.00232976  0.000429957  4.25568
-0.00226233  0.000423063  4.16566
-0.00219406  0.000414228  4.08968
-0.00210257  0.00040655  3.94188
-0.00203326  0.000399164  3.84117
-0.00194878  0.000391463  3.70093
-0.00187309  0.000384446  3.5716
-0.00178129  0.000377464  3.39446
-0.0016938  0.000370429  3.22275
-0.00159485  0.000364215  3.00607
-0.00149986  0.000357661  2.79556
-0.0014104  0.00035105  2.59336
-0.00129699  0.000345912  2.30402
-0.00121161  0.000340427  2.09035
-0.0010825  0.000335133  1.7381
-0.000976059  0.000330349  1.44108
-0.000848496  0.000325723  1.06991
-0.000722443  0.000321172  0.692596
-0.000593297  0.000318164  0.293236
-0.000461009  0.000315208  -0.123699
-0.000320473  0.00031318  -0.573238
-0.000130467  0.000312226  -1.18354
