-0.00397097  0.00164851  2.10552
-0.0039523  0.00152984  2.25663
-0.00393112  0.00141523  2.42442
-0.00390911  0.0013246  2.57369
-0.00388375  0.00122128  2.77066
-0.0038519  0.00112719  2.97368
-0.00381374  0.00104315  3.17665
-0.00377581  0.000968989  3.38065
-0.00372244  0.000904304  3.56345
-0.00368177  0.00082715  3.84667
-0.00362664  0.000757554  4.12728
-0.00357648  0.000708569  4.34182
-0.00350156  0.000660913  4.54154
-0.00343531  0.000634268  4.62788
-0.00336116  0.000609378  4.69521
-0.00327811  0.000580906  4.78238
-0.00319193  0.000556514  4.83712
-0.00312019  0.000544265  4.81418
-0.00306418  0.000535964  4.78424
-0.0030024  0.000525711  4.76003
-0.00294093  0.000515251  4.73735
-0.0028811  0.000504543  4.71932
-0.00282607  0.000496678  4.68325
-0.00274774  0.000486596  4.61932
-0.00268795  0.000478386  4.57361
-0.00261687  0.00046753  4.52777
-0.00254554  0.000458462  4.46174
-0.00247479  0.000449739  4.39097
-0.00240066  0.000440122  4.31849
-0.00232389  0.000430875  4.23299
-0.0022492  0.000422836  4.13683
-0.00216829  0.000413435  4.0352
-0.0020867  0.000405561  3.91236
-0.00199667  0.000397683  3.76349
-0.00192944  0.000389166  3.67309
-0.00183007  0.000380849  3.49237
-0.0017425  0.00037381  3.32389
-0.00162775  0.000365338  3.08687
-0.00152681  0.00035803  2.86795
-0.00143102  0.000352174  2.64364
-0.0013261  0.000345843  2.38865
-0.00122333  0.0003404  2.12493
-0.00109033  0.000335313  1.76055
-0.000985  0.000329338  1.47265
-0.00085916  0.000324927  1.10536
-0.000720473  0.000320274  0.688387
-0.000572786  0.000316055  0.230295
-0.000425578  0.000313183  -0.237629
-0.00028738  0.000311131  -0.683378
-8.69653e-05  0.000310221  -1.33142
