-0.010865  0.0047755  2.17045
-0.01078  0.00462014  2.22504
-0.0106981  0.00446754  2.28272
-0.0106098  0.00431349  2.34376
-0.0105204  0.00416163  2.4078
-0.0104245  0.00400705  2.47676
-0.0103311  0.00386178  2.54574
-0.0102364  0.00372233  2.61568
-0.0101339  0.00357692  2.69334
-0.0100253  0.00343426  2.7736
-0.0099166  0.00329672  2.85636
-0.00981023  0.00316496  2.94166
-0.00970268  0.00303812  3.02907
-0.00958458  0.00290278  3.12962
-0.00946981  0.0027807  3.22574
-0.00935321  0.00264813  3.3432
-0.00923394  0.00252591  3.45773
-0.00910969  0.00240093  3.58598
-0.00897697  0.00227766  3.72179
-0.00884102  0.00216647  3.85005
-0.00870839  0.00204942  4.00523
-0.00856902  0.00193701  4.16572
-0.00842105  0.00182628  4.33727
-0.00826837  0.00172231  4.51045
-0.00812007  0.00162501  4.68924
-0.00795269  0.00153003  4.87093
-0.00779915  0.00144193  5.06206
-0.00761738  0.00135567  5.25007
-0.00743688  0.00127856  5.42556
-0.007238  0.00119656  5.63116
-0.00704617  0.00113094  5.78826
-0.00684729  0.00107446  5.90741
-0.00662425  0.00101563  6.03
-0.00641535  0.000965671  6.12563
-0.00619765  0.000915309  6.22484
-0.00597047  0.000869181  6.29383
-0.00573585  0.000826687  6.33354
-0.00559412  0.000807117  6.3115
-0.00545679  0.000787148  6.29715
-0.00531977  0.000769815  6.26095
-0.00516818  0.000752581  6.2029
-0.00497998  0.000734909  6.09596
-0.00479858  0.000719719  5.97258
-0.00459887  0.000705418  5.81056
-0.00435979  0.000692325  5.57511
-0.00411294  0.00067929  5.3187
-0.00387039  0.000668171  5.04421
-0.00359692  0.000658008  4.70651
-0.00330888  0.000651288  4.31281
-0.00289545  0.000647108  3.70177
