-0.003971  0.00164852  2.10552
-0.0039545  0.00152805  2.26072
-0.00393686  0.00141391  2.43074
-0.0039163  0.00130014  2.62763
-0.00389403  0.00120017  2.82795
-0.00385575  0.00108747  3.08582
-0.00381759  0.00100656  3.29596
-0.00378191  0.000942062  3.48376
-0.0037374  0.00086746  3.73204
-0.00369284  0.000805825  3.9622
-0.00363084  0.000746989  4.19128
-0.00357702  0.000687049  4.47861
-0.00348897  0.00064871  4.60756
-0.00343537  0.000612769  4.79035
-0.00333859  0.000592388  4.79177
-0.00325679  0.000567354  4.85902
-0.00320647  0.000559563  4.83675
-0.00311528  0.000544441  4.80361
-0.00307703  0.000535527  4.81214
-0.00303325  0.000528135  4.79659
-0.00297373  0.000516325  4.79103
-0.00290649  0.00050769  4.74009
-0.00286592  0.000501039  4.72203
-0.00275546  0.000483969  4.66035
-0.00267746  0.000477304  4.562
-0.00262492  0.000468193  4.53856
-0.00256774  0.000459498  4.49999
-0.00248195  0.000450473  4.39972
-0.00238648  0.000438737  4.29979
-0.0023419  0.000432585  4.25789
-0.00228195  0.000424464  4.19813
-0.00218445  0.000414745  4.06142
-0.00210266  0.000408537  3.92291
-0.00198823  0.000398233  3.73708
-0.00189037  0.000391261  3.55356
-0.00183202  0.000383771  3.47087
-0.00171132  0.000375596  3.22505
-0.00165485  0.000370063  3.12068
-0.00153582  0.00036221  2.85972
-0.00142611  0.000355979  2.6016
-0.00131369  0.00034868  2.33364
-0.00120996  0.000343697  2.06564
-0.00108636  0.000337645  1.73661
-0.000978843  0.000332728  1.43914
-0.000843843  0.000328217  1.04761
-0.000700459  0.000322737  0.621121
-0.000549207  0.000318898  0.154302
-0.000409793  0.000315784  -0.285661
-0.000299133  0.000314075  -0.639552
-6.00601e-05  0.000313126  -1.40499
