-0.00374794  0.000882112  3.682
-0.00370804  0.000826967  3.87928
-0.00370804  0.000826967  3.87928
-0.00370804  0.000826967  3.87928
-0.00369297  0.000809663  3.94358
-0.00368922  0.000799544  3.9888
-0.00367372  0.000781006  4.06363
-0.00366157  0.000767641  4.11855
-0.00365621  0.000760681  4.14919
-0.00364082  0.000743904  4.22207
-0.00361701  0.000728207  4.28039
-0.0036067  0.000724484  4.28816
-0.00357985  0.000713539  4.3163
-0.00356823  0.000692856  4.42838
-0.00355977  0.000688739  4.44257
-0.00353311  0.000676414  4.4841
-0.00353274  0.000676278  4.48445
-0.003478  0.00065037  4.57894
-0.003478  0.00065037  4.57894
-0.00346229  0.000630199  4.70056
-0.00344815  0.000624493  4.72088
-0.00344815  0.000624493  4.72088
-0.00337497  0.000620393  4.63411
-0.00336135  0.000603771  4.73912
-0.00334041  0.000598052  4.74943
-0.00323826  0.000583368  4.69388
-0.00317067  0.000568793  4.69533
-0.00308436  0.000555023  4.65631
-0.00300363  0.000540042  4.63598
-0.00292048  0.000523328  4.62517
-0.00284026  0.000510261  4.5864
-0.00275023  0.000497719  4.52108
-0.00264624  0.000484228  4.43229
-0.00253742  0.000470382  4.33142
-0.00242866  0.000459036  4.20156
-0.00233031  0.000446718  4.09724
-0.00219884  0.000432054  3.93201
-0.00209952  0.000423189  3.77968
-0.00196369  0.000410225  3.56803
-0.00185465  0.000401043  3.37782
-0.00171111  0.000390165  3.10409
-0.00157009  0.000381823  2.80257
-0.00141301  0.000371605  2.45692
-0.00125965  0.000363573  2.0894
-0.00108743  0.000355966  1.65024
-0.000923191  0.000348399  1.21467
-0.000750048  0.000342164  0.730783
-0.000543282  0.000336755  0.128525
-0.000355448  0.000333876  -0.432951
-6.42681e-05  0.000332695  -1.30971
