-0.003971  0.00164852  2.10552
-0.00395322  0.00152031  2.2714
-0.00393499  0.00140695  2.44145
-0.00391  0.00129211  2.6391
-0.00388308  0.00118641  2.85154
-0.00385053  0.00109595  3.05718
-0.00381243  0.00101761  3.25511
-0.00376731  0.000937534  3.485
-0.0037218  0.000867921  3.71208
-0.00366282  0.000796975  3.96853
-0.00360425  0.000742814  4.17904
-0.00354516  0.000694359  4.38557
-0.0034747  0.000652256  4.56064
-0.00339474  0.000612824  4.7236
-0.00331636  0.000585482  4.81033
-0.00323119  0.00056307  4.85054
-0.00317411  0.000552596  4.83918
-0.00311599  0.000541417  4.83175
-0.00305458  0.000532065  4.80125
-0.00299821  0.000521458  4.79081
-0.00293775  0.000511413  4.7667
-0.0028687  0.000500652  4.73123
-0.00280705  0.000491806  4.69097
-0.00272972  0.000480436  4.64103
-0.00267706  0.000471867  4.61372
-0.00260036  0.000462183  4.54443
-0.00252905  0.000452237  4.48669
-0.00245294  0.00044295  4.40895
-0.00238986  0.000434901  4.34548
-0.00229569  0.000426332  4.21195
-0.00222205  0.000417883  4.12089
-0.00213378  0.000408215  4.00226
-0.00205335  0.000399963  3.88373
-0.00196519  0.000392374  3.73416
-0.00187961  0.000384639  3.58678
-0.00178967  0.000377162  3.41941
-0.00168012  0.000369499  3.19382
-0.00158987  0.00036258  3.00588
-0.00147936  0.000355838  2.75227
-0.00138466  0.000348937  2.5353
-0.00126586  0.000342149  2.23838
-0.00116348  0.000337102  1.96818
-0.0010368  0.000330943  1.62204
-0.000914584  0.000326315  1.2705
-0.000785626  0.000321087  0.88956
-0.000663207  0.000317265  0.514421
-0.000506188  0.000313661  0.0197275
-0.000351308  0.000310292  -0.4792
-0.000179858  0.000308463  -1.03786
7.14844e-06  0.000307613  -1.64866
