-0.003971  0.00164852  2.10552
-0.00395324  0.0015341  2.25099
-0.00393491  0.00142708  2.40695
-0.00391256  0.00130874  2.60752
-0.00388773  0.00121476  2.7888
-0.00386256  0.00112152  2.99823
-0.00382154  0.00103933  3.19585
-0.00377781  0.000970397  3.3778
-0.00373083  0.000890395  3.62853
-0.00367926  0.000817705  3.88802
-0.00363831  0.000764392  4.10563
-0.00357562  0.000708254  4.34254
-0.00350738  0.000662782  4.53751
-0.00343939  0.000625082  4.70241
-0.00336225  0.000597019  4.79423
-0.00328258  0.000573388  4.85288
-0.00319814  0.000558463  4.83137
-0.00312575  0.000543728  4.82916
-0.00306392  0.000532407  4.81572
-0.00300956  0.00052327  4.79591
-0.00294969  0.000513574  4.76989
-0.0028879  0.000503156  4.74585
-0.00281932  0.000493649  4.69831
-0.00276353  0.000484132  4.67544
-0.00268941  0.000474856  4.61069
-0.00262313  0.000465389  4.56206
-0.00254993  0.000455001  4.50534
-0.0024761  0.000445679  4.4339
-0.00240388  0.000436572  4.36098
-0.0023258  0.000428813  4.2578
-0.00225082  0.000419563  4.17297
-0.0021795  0.000411717  4.07927
-0.00208461  0.000403323  3.92888
-0.00200852  0.000395459  3.81461
-0.00190705  0.00038676  3.63805
-0.00182207  0.000379989  3.47923
-0.00172595  0.000372148  3.29426
-0.0016292  0.000365229  3.09175
-0.0015349  0.000358604  2.88592
-0.00142533  0.000351399  2.63326
-0.00131889  0.000345212  2.37213
-0.0012069  0.000339497  2.08219
-0.00108116  0.00033354  1.74239
-0.000955653  0.000327381  1.39181
-0.000839427  0.000323187  1.05025
-0.000705997  0.000318948  0.645864
-0.000570457  0.000315091  0.223608
-0.000422454  0.000311529  -0.248922
-0.00027849  0.000309502  -0.715699
-7.95599e-05  0.000308032  -1.36493
