-0.00384052  0.00105916  3.15392
-0.00378486  0.00094662  3.4701
-0.00373192  0.000857492  3.76903
-0.00365584  0.000770951  4.09343
-0.00355414  0.000710608  4.29792
-0.00345323  0.000655959  4.50215
-0.00334575  0.000610024  4.66498
-0.00327672  0.000591513  4.69427
-0.00323357  0.000581836  4.69818
-0.00319139  0.000572969  4.69727
-0.00315225  0.000565113  4.69331
-0.00309547  0.000554394  4.68163
-0.00304648  0.00054747  4.65136
-0.00300449  0.000537724  4.65757
-0.00295775  0.000529854  4.63855
-0.00291126  0.000521647  4.6224
-0.00285612  0.000513413  4.58912
-0.00281435  0.000506182  4.57216
-0.0027534  0.000497125  4.53286
-0.00268945  0.000489811  4.47
-0.00264477  0.000483463  4.43626
-0.00258279  0.00047523  4.3827
-0.00250189  0.000467083  4.28593
-0.00245748  0.00046039  4.25179
-0.002386  0.000453587  4.15797
-0.00232595  0.000447556  4.07983
-0.00227106  0.000440126  4.02399
-0.00219292  0.000433191  3.90801
-0.00210112  0.000425089  3.76656
-0.00206527  0.000420639  3.72117
-0.00198668  0.000412105  3.60752
-0.00194856  0.000408489  3.54614
-0.00182494  0.000398416  3.32551
-0.00176798  0.000395137  3.20897
-0.00168841  0.000390607  3.04246
-0.00165084  0.000386431  2.97813
-0.00150521  0.000377039  2.66607
-0.00139834  0.000370789  2.42277
-0.00137974  0.000369776  2.37911
-0.00122701  0.000362514  2.00547
-0.00121939  0.000362122  1.9866
-0.00105521  0.000355154  1.56329
-0.00100362  0.000352487  1.42878
-0.000883859  0.000346993  1.10624
-0.000767323  0.000345821  0.773011
-0.00065811  0.000339719  0.465413
-0.000566214  0.000337486  0.196198
-0.000566214  0.000337486  0.196198
-0.000342356  0.000333507  -0.472686
-0.000169619  0.000332426  -0.993849
