-0.003971  0.00164852  2.10552
-0.00395323  0.00152518  2.26415
-0.00393472  0.00141348  2.42997
-0.00390917  0.0012962  2.63012
-0.00388029  0.00118513  2.85225
-0.00384837  0.00109393  3.06088
-0.00380491  0.00101161  3.26698
-0.00376056  0.000932383  3.49701
-0.00371532  0.000860424  3.7369
-0.00365544  0.000783961  4.025
-0.00361348  0.00073749  4.22173
-0.00354377  0.000680569  4.47239
-0.00346655  0.000639403  4.63957
-0.00340026  0.000602388  4.8146
-0.003309  0.0005788  4.85314
-0.00322205  0.000557573  4.88197
-0.00315542  0.000547112  4.85353
-0.00310694  0.000538279  4.8431
-0.00304138  0.000527257  4.82001
-0.00297381  0.000515909  4.79506
-0.00291642  0.000507697  4.75958
-0.00285265  0.000498258  4.72175
-0.0028036  0.000489163  4.70927
-0.00272234  0.000478755  4.64192
-0.00264997  0.000468845  4.58566
-0.00258374  0.000462091  4.50936
-0.00252767  0.000451735  4.48863
-0.00245037  0.000444429  4.38849
-0.00239183  0.000434444  4.35459
-0.00229198  0.000424833  4.21808
-0.00224316  0.000417881  4.17142
-0.00213996  0.000408274  4.01682
-0.00206905  0.00040199  3.9032
-0.00199237  0.000394124  3.78654
-0.00188442  0.000384888  3.59694
-0.00181824  0.000380293  3.46639
-0.00170054  0.00037173  3.22959
-0.00161824  0.000365385  3.06046
-0.00148593  0.000356487  2.76567
-0.00143528  0.000352611  2.65245
-0.00132057  0.000345298  2.37643
-0.00120454  0.000340162  2.07117
-0.00108236  0.000334198  1.74257
-0.000982024  0.000328353  1.468
-0.000856697  0.000323485  1.10267
-0.000724286  0.000318907  0.703296
-0.000627766  0.000316685  0.403448
-0.000461079  0.000312241  -0.12465
-0.00031419  0.00030998  -0.599425
-0.000145822  0.000308044  -1.14977
