-0.010865  0.0047755  2.17045
-0.0107787  0.00461596  2.22677
-0.0106898  0.00445881  2.28531
-0.0106034  0.00430181  2.34865
-0.0105088  0.00414227  2.41627
-0.0104144  0.00399469  2.4819
-0.0103157  0.00383614  2.55874
-0.0102175  0.00369057  2.63306
-0.0101123  0.00354591  2.71081
-0.0100038  0.00340376  2.79215
-0.00989272  0.00326468  2.87707
-0.00978208  0.00312549  2.9698
-0.0096654  0.00298886  3.06652
-0.00954811  0.00285267  3.17181
-0.00942847  0.00272122  3.28105
-0.0092987  0.00258389  3.40522
-0.00917188  0.00245615  3.53068
-0.00904153  0.00233144  3.66362
-0.00890354  0.002206  3.8094
-0.00877237  0.00209322  3.95198
-0.00863364  0.00197921  4.10953
-0.00847818  0.00186557  4.27654
-0.0083222  0.00175617  4.45413
-0.00817205  0.001654  4.63847
-0.00800657  0.00155382  4.83104
-0.00783853  0.001456  5.04019
-0.00765375  0.00136273  5.24959
-0.00748126  0.00128255  5.44327
-0.00728274  0.00120334  5.63662
-0.00707786  0.0011328  5.80673
-0.00687119  0.00107528  5.92517
-0.00666242  0.00101774  6.05503
-0.00642189  0.000960042  6.16836
-0.00621017  0.000911708  6.26316
-0.00595774  0.000864459  6.31347
-0.00571636  0.000821405  6.35054
-0.005579  0.000802001  6.33291
-0.00545814  0.000786407  6.3048
-0.00532672  0.000769216  6.27486
-0.0051855  0.00075212  6.22973
-0.00503506  0.000736856  6.15461
-0.00484655  0.000722315  6.01753
-0.00470091  0.000709333  5.92234
-0.00449318  0.000695028  5.74535
-0.00425893  0.000681918  5.51229
-0.00407083  0.000672765  5.30769
-0.00380979  0.000662806  4.99361
-0.00355897  0.000654301  4.67516
-0.0032191  0.000647502  4.19937
-0.00283466  0.000643705  3.62691
