-0.010865  0.0047755  2.17045
-0.0107812  0.00461735  2.22665
-0.0106973  0.00446437  2.28414
-0.0106106  0.00431149  2.34504
-0.010522  0.00416152  2.40827
-0.0104286  0.00401138  2.47511
-0.0103365  0.00386757  2.54334
-0.0102418  0.00372596  2.61458
-0.0101412  0.00358695  2.68786
-0.0100323  0.00344201  2.76941
-0.00991836  0.00330142  2.85282
-0.00981318  0.00316624  2.9414
-0.00971246  0.00304393  3.02651
-0.00959354  0.00290625  3.12896
-0.00947242  0.00276938  3.23987
-0.00936097  0.00265115  3.34231
-0.00924788  0.00253597  3.44952
-0.00911427  0.00240653  3.57954
-0.00899074  0.00228439  3.71685
-0.00882469  0.00213679  3.89588
-0.00872506  0.00205531  4.00186
-0.00858512  0.00194429  4.15839
-0.00844252  0.00183741  4.32267
-0.00829325  0.00173614  4.48882
-0.00812568  0.00162797  4.68418
-0.00798076  0.00154114  4.85404
-0.00781326  0.00145001  5.04359
-0.00764289  0.00136746  5.22346
-0.00744661  0.0012837  5.41139
-0.00728695  0.00120765  5.61998
-0.00710083  0.00114589  5.76042
-0.00685188  0.00107312  5.9191
-0.0067051  0.00102861  6.03249
-0.00645982  0.000971345  6.13563
-0.00623744  0.000932258  6.15435
-0.00598914  0.000870544  6.30541
-0.00571458  0.000822154  6.34259
-0.00548277  0.000790658  6.30206
-0.00548277  0.000790658  6.30206
-0.005209  0.000761617  6.1829
-0.00518916  0.000755413  6.20741
-0.00492692  0.000730353  6.06134
-0.00480649  0.000722235  5.96272
-0.00463857  0.000706862  5.85485
-0.00437689  0.000690398  5.61544
-0.0041298  0.00067764  5.35653
-0.00384227  0.000666199  5.01693
-0.00352915  0.000654927  4.62518
-0.00326322  0.00064796  4.26449
-0.00286618  0.000644136  3.67342
