-0.003971  0.00164852  2.10552
-0.00395429  0.0015267  2.26259
-0.00393612  0.00141336  2.43117
-0.00391297  0.00129413  2.63728
-0.00388688  0.00119448  2.83544
-0.00385434  0.0010942  3.06557
-0.00381126  0.0010196  3.24762
-0.00377049  0.000929828  3.5173
-0.00372128  0.000853756  3.77307
-0.003666  0.000796813  3.97333
-0.00360705  0.000737853  4.21093
-0.00355635  0.000695523  4.39432
-0.00347292  0.000647243  4.5932
-0.00339416  0.000615848  4.69947
-0.00332747  0.000585387  4.83008
-0.00323581  0.000563454  4.85543
-0.00316532  0.000551823  4.83003
-0.00312017  0.000543367  4.8221
-0.0030697  0.000532765  4.82333
-0.00299367  0.000521037  4.78597
-0.00294671  0.000512439  4.77464
-0.00287556  0.000503713  4.7161
-0.00280724  0.000491964  4.68985
-0.00273972  0.000483516  4.63216
-0.00268047  0.000473563  4.6044
-0.00260356  0.000463146  4.54188
-0.0025313  0.000455183  4.46259
-0.00246606  0.000445595  4.4122
-0.00238682  0.000435686  4.33069
-0.00232983  0.000428616  4.26916
-0.00223511  0.00041966  4.13457
-0.00214388  0.000411929  3.99069
-0.00208119  0.000402609  3.92735
-0.00197668  0.000392715  3.76018
-0.00188557  0.000387184  3.57857
-0.00179581  0.000378384  3.42458
-0.0016941  0.000372413  3.2064
-0.00160126  0.000363643  3.02843
-0.0015029  0.000356789  2.81091
-0.00139418  0.000349879  2.55568
-0.00128758  0.000344814  2.28407
-0.00120065  0.000339077  2.06636
-0.00106732  0.000333553  1.70084
-0.000970535  0.000328151  1.4339
-0.00084914  0.000323011  1.08089
-0.000683705  0.000318608  0.576586
-0.000566504  0.000315112  0.21105
-0.000415637  0.000311097  -0.271179
-0.000263355  0.000309325  -0.765035
-8.33313e-05  0.000308138  -1.35221
