-0.010865  0.0047755  2.17045
-0.0107785  0.00461377  2.22779
-0.0106918  0.00445732  2.28653
-0.0106016  0.00430152  2.34837
-0.0105094  0.00414392  2.41544
-0.0104143  0.00399341  2.48267
-0.0103157  0.00384108  2.55546
-0.010216  0.00369602  2.62877
-0.0101118  0.00354824  2.70889
-0.0100053  0.00340787  2.78923
-0.00989339  0.00326544  2.87661
-0.0097801  0.00312702  2.96772
-0.00966325  0.00298883  3.06583
-0.00954382  0.0028521  3.17093
-0.00942627  0.00272241  3.27881
-0.00930134  0.00258935  3.39906
-0.00917396  0.00246061  3.52513
-0.00904671  0.0023384  3.65495
-0.00891098  0.00221595  3.79565
-0.00877245  0.00209622  3.94637
-0.00862785  0.00197847  4.10815
-0.00848381  0.00186965  4.27022
-0.00833077  0.00176135  4.44589
-0.00816706  0.00165721  4.62649
-0.00800386  0.00156145  4.80571
-0.00783027  0.00146645  4.99866
-0.00765973  0.00137404  5.21072
-0.00747292  0.00128741  5.41622
-0.00730387  0.00121731  5.58928
-0.00708413  0.00114403  5.75522
-0.00686562  0.00107948  5.89694
-0.00664624  0.00102214  6.01313
-0.00642214  0.000966255  6.12896
-0.00619841  0.000915917  6.22153
-0.00596289  0.000870034  6.27894
-0.00573583  0.000828071  6.32293
-0.00559892  0.000807553  6.31403
-0.00547361  0.00079025  6.29372
-0.00533417  0.000771811  6.26341
-0.00518058  0.000756148  6.19003
-0.0050141  0.000739275  6.10611
-0.00485543  0.000725651  6.0021
-0.00466082  0.000709953  5.86069
-0.00446402  0.000696493  5.6914
-0.00424798  0.000683249  5.48553
-0.00400292  0.000671075  5.21985
-0.00377001  0.000662344  4.93702
-0.00347087  0.000653313  4.54739
-0.0031601  0.000646714  4.11325
-0.0027812  0.000643665  3.54408
