-0.003971  0.00164852  2.10552
-0.00395135  0.00150652  2.29094
-0.00392947  0.00137235  2.49899
-0.00389852  0.00121863  2.78881
-0.00387574  0.00113625  2.97096
-0.00382141  0.00102661  3.23532
-0.00375761  0.000925066  3.52149
-0.00372947  0.000887976  3.63689
-0.00372947  0.000887976  3.63689
-0.00358784  0.000702595  4.3949
-0.00357894  0.000722645  4.26065
-0.00352849  0.000678574  4.46301
-0.00343599  0.000634779  4.62522
-0.00332681  0.000585917  4.82459
-0.0032355  0.000581881  4.70113
-0.00313326  0.000557375  4.72439
-0.00313326  0.000557375  4.72439
-0.003097  0.000552968  4.69647
-0.0029497  0.000540393  4.53317
-0.0029497  0.000540393  4.53317
-0.0028038  0.000498822  4.61848
-0.0028038  0.000498822  4.61848
-0.0028038  0.000498822  4.61848
-0.00268227  0.000487015  4.48091
-0.00267276  0.00047616  4.56308
-0.00263694  0.000474004  4.50828
-0.00255855  0.000464649  4.43033
-0.00252665  0.000460769  4.39842
-0.00240705  0.000452464  4.21482
-0.00237126  0.000438769  4.2648
-0.00229593  0.000434037  4.13772
-0.00217864  0.000420256  3.99433
-0.00214589  0.000414528  3.97051
-0.00204618  0.000410136  3.76992
-0.00198334  0.000400882  3.7002
-0.00191193  0.000397337  3.55349
-0.00177948  0.000380737  3.36052
-0.00175718  0.000382037  3.29073
-0.00168051  0.000373237  3.16289
-0.00159752  0.000366605  2.99375
-0.00148333  0.000360676  2.72636
-0.00137764  0.000353903  2.47989
-0.00121471  0.000347891  2.05441
-0.00113381  0.000343417  1.84558
-0.0010953  0.000338687  1.75767
-0.000968486  0.000334566  1.40028
-0.000824693  0.000329821  0.984451
-0.000606567  0.000323491  0.32943
-0.000606567  0.000323491  0.32943
-0.000364451  0.000321295  -0.421882
