-0.010865  0.0047755  2.17045
-0.0107788  0.00461486  2.22732
-0.0106896  0.00445352  2.28799
-0.0106004  0.00429911  2.34942
-0.010508  0.00414324  2.4155
-0.0104119  0.00398886  2.4849
-0.0103131  0.00383522  2.55867
-0.0102128  0.0036885  2.63327
-0.0101108  0.00354746  2.7092
-0.00999308  0.00339628  2.79514
-0.00988515  0.00326004  2.87884
-0.00977019  0.00312255  2.96878
-0.009654  0.00298451  3.06717
-0.00953661  0.00284908  3.17177
-0.00941385  0.00271534  3.28277
-0.0092907  0.00258299  3.40331
-0.00916217  0.00245689  3.52567
-0.00902904  0.0023288  3.66242
-0.00889097  0.00220425  3.80671
-0.00875499  0.00208747  3.95454
-0.00860924  0.00197242  4.11131
-0.00846107  0.00185964  4.28098
-0.00830621  0.00174935  4.46234
-0.00814591  0.00164423  4.65014
-0.00798169  0.00154866  4.83106
-0.00780918  0.00144727  5.05031
-0.00763305  0.00136129  5.23991
-0.00743779  0.00127873  5.42555
-0.00724553  0.00119833  5.62912
-0.00703958  0.00112966  5.78898
-0.00682559  0.00106966  5.91365
-0.00661226  0.00101027  6.0501
-0.00638096  0.00095707  6.14475
-0.00615614  0.000905401  6.24711
-0.00591552  0.000863888  6.26878
-0.00567179  0.000816939  6.3307
-0.00554993  0.000798651  6.32307
-0.00542329  0.000781349  6.30101
-0.00528313  0.00076533  6.24977
-0.00513566  0.000749756  6.1829
-0.00497164  0.000735324  6.08118
-0.00479874  0.000721179  5.96071
-0.00461227  0.00070684  5.81782
-0.00442788  0.000695069  5.65106
-0.0042087  0.000683383  5.42698
-0.00399136  0.00067105  5.20284
-0.00375442  0.000662724  4.91068
-0.00348499  0.000653364  4.56864
-0.00318694  0.000646616  4.15539
-0.00282682  0.000643416  3.61635
