-0.003971  0.00164852  2.10552
-0.00395312  0.00151852  2.274
-0.00393355  0.00139776  2.45647
-0.00391191  0.00128137  2.66271
-0.00388382  0.00118336  2.85952
-0.00384677  0.0010675  3.13515
-0.00380687  0.000996676  3.3179
-0.00375815  0.000912795  3.56942
-0.00371813  0.000849779  3.78702
-0.00365297  0.000769264  4.09868
-0.00360481  0.000717914  4.32477
-0.00353194  0.000676452  4.48211
-0.00347216  0.00063291  4.69603
-0.00338587  0.000604921  4.77065
-0.00330847  0.000581101  4.83302
-0.0032423  0.000570714  4.80504
-0.00317948  0.000561994  4.76781
-0.00313494  0.000548503  4.80389
-0.00308914  0.000541408  4.78224
-0.00304425  0.000532258  4.78011
-0.00294409  0.000520364  4.69689
-0.00287871  0.000509999  4.66414
-0.00281086  0.000501774  4.60537
-0.00275618  0.000494024  4.56693
-0.00267931  0.000484452  4.49851
-0.00258995  0.000475764  4.39283
-0.00249535  0.000464547  4.29526
-0.00245997  0.000458376  4.27591
-0.00235872  0.000448649  4.14293
-0.00230513  0.00043974  4.105
-0.00219231  0.000431364  3.92316
-0.0021336  0.000424765  3.84589
-0.00205575  0.000416025  3.73955
-0.00198378  0.000408377  3.63336
-0.00188893  0.000399327  3.47818
-0.00176902  0.000393933  3.22141
-0.00172911  0.000386977  3.17619
-0.00161052  0.000377644  2.94066
-0.00154705  0.000369898  2.83066
-0.00142178  0.000364402  2.52957
-0.0013311  0.000356488  2.33137
-0.00127157  0.000352882  2.18649
-0.0011007  0.00034859  1.72324
-0.00100718  0.000337955  1.50073
-0.000901787  0.000333233  1.20572
-0.000826376  0.000331148  0.985591
-0.000603795  0.000325681  0.3187
-0.000546783  0.000323406  0.144656
-0.000437661  0.000320709  -0.194379
-0.000160482  0.000319562  -1.06245
