-0.003971  0.00164852  2.10552
-0.00395447  0.00152781  2.26105
-0.00393545  0.00140549  2.44431
-0.00391418  0.00128956  2.64754
-0.0038863  0.00119344  2.83743
-0.00385483  0.00108892  3.08088
-0.0038131  0.00100931  3.28255
-0.00377353  0.000928189  3.52679
-0.00372651  0.000851042  3.79124
-0.00367735  0.000783657  4.05451
-0.00361945  0.000731398  4.26505
-0.00355798  0.000680898  4.4911
-0.00348126  0.000638609  4.66837
-0.00340759  0.000606249  4.79603
-0.00333361  0.00058533  4.84104
-0.00324008  0.000564017  4.85815
-0.00318234  0.000553772  4.84377
-0.00312628  0.000543192  4.8349
-0.00306441  0.000531216  4.82743
-0.00300907  0.000522494  4.8021
-0.00293928  0.000511249  4.77122
-0.00287719  0.000502671  4.72912
-0.00281528  0.000492869  4.69755
-0.00275068  0.000481991  4.66953
-0.00268272  0.000473822  4.60661
-0.00260444  0.000464345  4.53206
-0.0025313  0.000455097  4.46343
-0.00246387  0.000445599  4.40726
-0.00239145  0.00043646  4.33361
-0.0023153  0.000426473  4.25654
-0.00223366  0.00041855  4.14206
-0.00215026  0.000409636  4.0286
-0.00208609  0.000401777  3.94769
-0.00198439  0.00039373  3.77007
-0.0018755  0.000384244  3.57974
-0.00180957  0.000377517  3.4689
-0.00171634  0.000372045  3.26932
-0.00161617  0.00036351  3.07054
-0.00149892  0.000355616  2.80899
-0.00139953  0.000349659  2.57259
-0.00127005  0.000342784  2.24645
-0.00118575  0.000337934  2.02923
-0.00104978  0.000331247  1.65974
-0.000932951  0.000326539  1.32588
-0.000802928  0.0003224  0.939602
-0.000672165  0.000317763  0.541803
-0.000543023  0.000314198  0.136928
-0.00036866  0.000312381  -0.420447
-0.000234598  0.000310522  -0.854698
-2.09096e-05  0.000309099  -1.54996
