-0.010865  0.0047755  2.17045
-0.0107794  0.00461557  2.22712
-0.0106925  0.00445745  2.28663
-0.0106015  0.00429907  2.3497
-0.0105116  0.00414522  2.41522
-0.0104176  0.00399314  2.48366
-0.0103233  0.00384649  2.55383
-0.0102117  0.00369719  2.62678
-0.0101044  0.00354118  2.71221
-0.0100014  0.00340543  2.79006
-0.00989198  0.00326111  2.88
-0.00978948  0.00313542  2.96275
-0.00966106  0.00298889  3.06504
-0.00955539  0.00286141  3.16466
-0.00943006  0.00272237  3.28025
-0.00930546  0.002592  3.39716
-0.00918017  0.00246581  3.52021
-0.00905478  0.00234302  3.65118
-0.00891508  0.00221726  3.79526
-0.00878396  0.00210296  3.93918
-0.00864034  0.00198508  4.10077
-0.00848755  0.00187445  4.26126
-0.00833216  0.00176793  4.43013
-0.00817621  0.00166427  4.61235
-0.00801714  0.00156701  4.79714
-0.00785442  0.00147715  4.97879
-0.00768345  0.00138152  5.19966
-0.00747478  0.00129868  5.37065
-0.00729003  0.00121553  5.58606
-0.00709582  0.00115207  5.72518
-0.006872  0.00107845  5.9085
-0.00670288  0.00103731  5.97977
-0.00650384  0.000981592  6.11643
-0.00623528  0.000921041  6.22696
-0.00600801  0.000878541  6.2695
-0.00576769  0.000831217  6.33733
-0.00561488  0.000812882  6.29228
-0.00548398  0.000791259  6.2988
-0.00537241  0.000777772  6.26458
-0.00522407  0.000758276  6.23001
-0.00504928  0.000742603  6.12613
-0.00486198  0.000723556  6.02853
-0.00467027  0.000710384  5.87045
-0.00449103  0.000697049  5.72561
-0.00425411  0.000683269  5.49433
-0.00408195  0.000675295  5.30428
-0.00377015  0.000661475  4.94372
-0.00357731  0.000656308  4.68882
-0.00326221  0.000650539  4.24603
-0.00284185  0.000644276  3.63486
