-0.003971  0.00164852  2.10552
-0.00395283  0.0015168  2.27639
-0.00393336  0.0013931  2.46455
-0.00391096  0.00127449  2.67635
-0.00388233  0.00116239  2.90979
-0.00384214  0.00107252  3.11617
-0.00379638  0.000991547  3.32449
-0.00374623  0.000916554  3.54178
-0.00369519  0.000832671  3.83728
-0.00363888  0.000770976  4.07131
-0.00359287  0.00071424  4.33029
-0.00353171  0.000667958  4.53878
-0.00343773  0.000629109  4.66967
-0.00335363  0.000594612  4.79914
-0.00326506  0.000573105  4.8247
-0.00319666  0.000561764  4.80035
-0.00313327  0.000549604  4.79121
-0.00308477  0.000542227  4.76696
-0.00302675  0.000530518  4.76281
-0.00298998  0.000522488  4.76562
-0.00291135  0.00051201  4.70958
-0.00284987  0.000502093  4.68015
-0.00278847  0.000491637  4.6548
-0.00271297  0.000481414  4.59681
-0.00264629  0.00047343  4.5335
-0.00258109  0.000463884  4.48622
-0.00252426  0.000455822  4.4409
-0.00243666  0.000446388  4.33851
-0.00235909  0.000437809  4.24635
-0.00229863  0.000427183  4.21044
-0.00220239  0.00041949  4.05825
-0.00212875  0.000409427  3.97813
-0.00203652  0.000402824  3.81437
-0.00195864  0.000396477  3.67901
-0.00187875  0.000386466  3.56759
-0.00178585  0.000378377  3.39833
-0.00169096  0.000371389  3.20678
-0.00163249  0.000367455  3.08199
-0.00148253  0.00035737  2.74934
-0.00140662  0.000352604  2.5712
-0.00132001  0.000347389  2.36051
-0.00121315  0.000342961  2.0794
-0.00107784  0.00033536  1.72304
-0.000977543  0.000329991  1.44714
-0.00081829  0.000324888  0.979691
-0.00071886  0.000321368  0.681028
-0.000549988  0.000316642  0.15787
-0.00045002  0.000315098  -0.158617
-0.000305943  0.000312469  -0.621043
-0.000102392  0.000310504  -1.28052
