-0.010865  0.0047755  2.17045
-0.0107787  0.00461656  2.22648
-0.0106902  0.00445602  2.28683
-0.0106035  0.00430029  2.34949
-0.0105135  0.00414727  2.41449
-0.0104163  0.00399098  2.48468
-0.0103163  0.0038389  2.55706
-0.0102192  0.00369564  2.6299
-0.0101103  0.00354196  2.71326
-0.0100084  0.00340903  2.78918
-0.00989201  0.00326273  2.87857
-0.00977413  0.00312233  2.97026
-0.00966488  0.0029843  3.07104
-0.00954824  0.00285158  3.17306
-0.00942393  0.0027251  3.27472
-0.00929535  0.0025811  3.40759
-0.00918314  0.00246724  3.51937
-0.00905182  0.00233843  3.65707
-0.00891703  0.00221678  3.79696
-0.00877809  0.00209506  3.95125
-0.00862846  0.00197631  4.11294
-0.00848946  0.00186869  4.27544
-0.00833685  0.00176275  4.4458
-0.0081877  0.00166392  4.62024
-0.00800559  0.00155174  4.8369
-0.00784241  0.00146205  5.022
-0.00767714  0.00137812  5.20794
-0.00749328  0.00129286  5.40917
-0.00729611  0.00120851  5.62356
-0.00708188  0.00113682  5.78972
-0.00688005  0.00107662  5.926
-0.00667356  0.00102215  6.03976
-0.00643808  0.00096597  6.14727
-0.00621944  0.000914622  6.25334
-0.005993  0.000871751  6.30111
-0.00573959  0.000825022  6.35085
-0.00561912  0.000807138  6.34231
-0.0054789  0.000787705  6.32077
-0.00533197  0.000768738  6.28559
-0.00521441  0.000755393  6.241
-0.00505944  0.000740411  6.15798
-0.00488257  0.000724589  6.04836
-0.00469424  0.000711449  5.89535
-0.00447215  0.000695818  5.7086
-0.00424758  0.000684067  5.47839
-0.00402603  0.000673022  5.2391
-0.00378058  0.000663644  4.94329
-0.0035094  0.00065431  4.59936
-0.00323529  0.000648353  4.21884
-0.00284495  0.000643743  3.64268
