-0.003971  0.00164852  2.10552
-0.00395131  0.00152686  2.2604
-0.00392694  0.00141085  2.42899
-0.00390347  0.00130653  2.60496
-0.00388114  0.00120454  2.80699
-0.00385024  0.00110127  3.04216
-0.00381146  0.00102039  3.24529
-0.00376458  0.000928062  3.51763
-0.0037197  0.000860328  3.74241
-0.00366799  0.000791961  4.00019
-0.00361081  0.000734251  4.23671
-0.00355788  0.000692748  4.41414
-0.00347975  0.000642127  4.64044
-0.00340486  0.000607218  4.78389
-0.00332372  0.000581964  4.85206
-0.00323917  0.000562449  4.87008
-0.00318124  0.000552251  4.85512
-0.00312354  0.000542113  4.83947
-0.00307524  0.00053229  4.83804
-0.00300399  0.000521973  4.79715
-0.00293926  0.000512123  4.76303
-0.00287428  0.000502044  4.72922
-0.00281693  0.000492495  4.70447
-0.00274744  0.000483314  4.65007
-0.00267572  0.000473764  4.5924
-0.00260415  0.000465223  4.52287
-0.00253342  0.000456125  4.45803
-0.00246739  0.000445128  4.41983
-0.00238484  0.000437472  4.30848
-0.00231006  0.000427665  4.23242
-0.00225053  0.000420439  4.16358
-0.00215288  0.000413328  3.99895
-0.00207789  0.000404701  3.89892
-0.00199409  0.000396854  3.76482
-0.00189727  0.000388845  3.59339
-0.00179863  0.000381093  3.40764
-0.00170797  0.000374328  3.22704
-0.00161351  0.000366925  3.03472
-0.00150942  0.000359893  2.80479
-0.00141427  0.000353854  2.58375
-0.00129927  0.000347154  2.30235
-0.00119452  0.000341961  2.03098
-0.0010772  0.000336233  1.71667
-0.000953648  0.000329685  1.376
-0.000832888  0.000325366  1.02312
-0.000720624  0.000321761  0.685675
-0.00060989  0.000318438  0.345091
-0.000420959  0.000313596  -0.252047
-0.000293041  0.000312105  -0.663108
-0.000101998  0.000310646  -1.28121
