-0.003971  0.00164852  2.10552
-0.0039545  0.00152804  2.26075
-0.00393529  0.00140453  2.44587
-0.00391481  0.00129269  2.64163
-0.00388944  0.00118262  2.86605
-0.00385697  0.0010876  3.08657
-0.00381158  0.00101364  3.26701
-0.00377465  0.000924787  3.54098
-0.00372782  0.000854857  3.77585
-0.00367962  0.000787187  4.03922
-0.00362173  0.000730719  4.27214
-0.00355313  0.000696066  4.38627
-0.00349663  0.000643117  4.65954
-0.00344057  0.000623478  4.7164
-0.00334035  0.00059804  4.74943
-0.0032607  0.000589151  4.68589
-0.00320328  0.000578497  4.67294
-0.00316019  0.000566943  4.69216
-0.00310666  0.000556254  4.68609
-0.00305061  0.000544969  4.68028
-0.00299291  0.000534719  4.66209
-0.00293353  0.000523713  4.64669
-0.00287116  0.00051411  4.61216
-0.00280793  0.000504659  4.57324
-0.00272822  0.00049523  4.49937
-0.00266479  0.000485344  4.46033
-0.00258626  0.000476342  4.37975
-0.0025189  0.000466571  4.3271
-0.0024341  0.000457941  4.22346
-0.00235299  0.000449891  4.11876
-0.00227432  0.000440469  4.02824
-0.00219663  0.000431795  3.92924
-0.00211254  0.000423185  3.81049
-0.00201661  0.000415849  3.64701
-0.00193469  0.000407314  3.52233
-0.00184159  0.000399784  3.3558
-0.00175147  0.000392498  3.18848
-0.00163765  0.00038566  2.94987
-0.00153328  0.000379042  2.72603
-0.00142441  0.00037238  2.48244
-0.00131271  0.000366205  2.21928
-0.0011979  0.000360827  1.93417
-0.00107523  0.00035547  1.61823
-0.000961659  0.000349909  1.31937
-0.000825475  0.000344829  0.943876
-0.000690223  0.000340389  0.558841
-0.000546834  0.00033689  0.139019
-0.000409777  0.000333635  -0.270425
-0.000232779  0.000332055  -0.804749
-3.89491e-05  0.000332035  -1.38856
