-0.010865  0.0047755  2.17045
-0.0107818  0.00462117  2.22494
-0.010696  0.00446433  2.28388
-0.0106101  0.0043132  2.34399
-0.0105196  0.00416099  2.40799
-0.0104226  0.0040089  2.47515
-0.0103278  0.00385763  2.54762
-0.0102339  0.00371954  2.61697
-0.0101366  0.00358257  2.68985
-0.0100303  0.00344194  2.76886
-0.00992189  0.00330151  2.85381
-0.00980833  0.00315888  2.94672
-0.00969789  0.00304067  3.02496
-0.00958641  0.00289624  3.13731
-0.00945992  0.00276866  3.23619
-0.00935094  0.00264824  3.34219
-0.00922209  0.00250683  3.47932
-0.00910189  0.00239327  3.59421
-0.00897705  0.00228003  3.71795
-0.0088581  0.00216792  3.85536
-0.00870244  0.00203924  4.02231
-0.00857261  0.00193594  4.16986
-0.00843117  0.00183119  4.33117
-0.00826959  0.00172327  4.50864
-0.0081217  0.00162658  4.68571
-0.00797336  0.0015371  4.862
-0.00778999  0.00143915  5.06549
-0.00762049  0.0013486  5.2799
-0.00741989  0.00127016  5.44806
-0.00725406  0.00119756  5.63986
-0.00704452  0.00113045  5.78931
-0.00683749  0.00106812  5.93332
-0.00664904  0.00102052  6.02541
-0.00642354  0.000965176  6.13726
-0.00620113  0.000919511  6.20018
-0.0060694  0.000885527  6.28936
-0.0057369  0.000824934  6.34826
-0.00557513  0.000807696  6.28347
-0.0054503  0.000784894  6.30697
-0.00529454  0.000768781  6.23654
-0.00513393  0.000750215  6.1768
-0.00490977  0.00073094  6.03301
-0.00475102  0.000720011  5.90411
-0.0045582  0.00070473  5.75851
-0.00437985  0.000690986  5.61494
-0.00405272  0.000673906  5.27184
-0.00383874  0.000665352  5.01801
-0.00356511  0.000657153  4.66422
-0.00325508  0.000648412  4.24897
-0.00282092  0.000643677  3.60572
