-0.003971  0.00164852  2.10552
-0.00395353  0.00152966  2.25771
-0.00393441  0.00141361  2.42954
-0.00391002  0.00130099  2.62111
-0.00388237  0.00119604  2.82798
-0.00385146  0.00109917  3.04908
-0.00381082  0.00101133  3.27373
-0.00376699  0.00093438  3.49642
-0.00371343  0.000852544  3.76922
-0.00366231  0.00078229  4.04237
-0.00360621  0.000729236  4.25954
-0.00354253  0.00067587  4.50165
-0.00347068  0.000636334  4.66843
-0.00339617  0.000606497  4.77525
-0.00330802  0.000581822  4.82625
-0.00322061  0.000561508  4.84519
-0.00315826  0.000549279  4.83954
-0.00310474  0.000538961  4.83289
-0.00304893  0.000529268  4.81596
-0.00298201  0.0005183  4.78875
-0.00291893  0.000509158  4.75084
-0.00286561  0.0005003  4.72838
-0.00279576  0.000489494  4.69006
-0.00272802  0.000480775  4.63422
-0.00266798  0.00047107  4.60225
-0.00259576  0.000461412  4.54207
-0.0025183  0.000452231  4.463
-0.00245115  0.000443357  4.40086
-0.00237386  0.000433622  4.32142
-0.00230179  0.000425687  4.23265
-0.00221209  0.000417327  4.10252
-0.0021344  0.000408982  3.99627
-0.00204941  0.000400957  3.86427
-0.00196457  0.000392941  3.72721
-0.00187314  0.00038495  3.56706
-0.00178228  0.000377381  3.39785
-0.00169437  0.000370199  3.22629
-0.00158772  0.000362901  2.9973
-0.00150288  0.000356664  2.81182
-0.00139788  0.000350307  2.56311
-0.00128677  0.000344419  2.28433
-0.00116161  0.000337643  1.95951
-0.00103329  0.000332255  1.60506
-0.000936222  0.000328066  1.32968
-0.000785656  0.000323248  0.883707
-0.000647581  0.000318879  0.462813
-0.000528562  0.000315153  0.0906294
-0.000386395  0.000312565  -0.36346
-0.000197471  0.000310368  -0.974742
-2.0144e-05  0.000309209  -1.55188
