-0.00388282  0.00115907  2.91857
-0.00384725  0.00106919  3.13062
-0.00380676  0.000983626  3.36181
-0.00375913  0.000898682  3.62656
-0.00371136  0.000834363  3.84888
-0.00365708  0.000769587  4.1023
-0.00358221  0.000721011  4.27485
-0.00350853  0.000649183  4.63433
-0.00347152  0.000632753  4.69618
-0.00333431  0.000603346  4.69766
-0.00326729  0.000589584  4.69363
-0.00322718  0.000580679  4.69654
-0.00318254  0.000571103  4.69712
-0.00313495  0.00056182  4.69002
-0.00308484  0.000552343  4.67977
-0.00303681  0.000543519  4.66738
-0.00298577  0.000534392  4.65158
-0.00293279  0.000525663  4.62805
-0.00286883  0.000517867  4.5742
-0.00281499  0.000509454  4.54405
-0.00276979  0.000499867  4.54079
-0.00271688  0.00049216  4.50438
-0.00263866  0.000483848  4.42011
-0.00258161  0.000475335  4.37925
-0.00251755  0.000467271  4.31772
-0.0024489  0.000460245  4.23447
-0.00238557  0.000452527  4.16675
-0.00231219  0.00044486  4.07363
-0.00224599  0.000437448  3.99131
-0.00216807  0.000429079  3.88756
-0.00210778  0.000422672  3.80386
-0.0020251  0.000415694  3.66882
-0.00195036  0.000408957  3.5465
-0.00187348  0.00040262  3.41134
-0.00178747  0.000396187  3.24966
-0.00170417  0.000389693  3.09004
-0.00160303  0.000383757  2.8743
-0.00152883  0.000378861  2.7156
-0.00142089  0.00037358  2.46504
-0.00132509  0.000368248  2.24059
-0.00125366  0.000363726  2.07204
-0.0011368  0.000357982  1.77885
-0.00103707  0.000353165  1.52073
-0.000926177  0.000349179  1.22051
-0.00080917  0.000345172  0.895696
-0.000701687  0.000340701  0.591977
-0.000585628  0.000337651  0.2536
-0.000457772  0.000335102  -0.126015
-0.000336604  0.000333443  -0.490026
-0.000169416  0.000332402  -0.994531
