-0.003971  0.00164852  2.10552
-0.00395136  0.00152822  2.25843
-0.00393087  0.00141585  2.42319
-0.00390939  0.00130876  2.60506
-0.00388589  0.00119885  2.82429
-0.00385201  0.00110462  3.03454
-0.00379629  0.0010361  3.18143
-0.00374819  0.000931709  3.48627
-0.00369676  0.000878242  3.63995
-0.00366509  0.00080566  3.92857
-0.00359122  0.000732128  4.22224
-0.00352212  0.000686563  4.40181
-0.00345437  0.000645953  4.57367
-0.00337371  0.000612245  4.69373
-0.00330393  0.000582205  4.81605
-0.00320832  0.000558989  4.84502
-0.00312221  0.000549692  4.77032
-0.00308404  0.000538609  4.79761
-0.00301631  0.000525271  4.79051
-0.00296215  0.00051845  4.74905
-0.00291602  0.000511524  4.72318
-0.00286137  0.000500161  4.72122
-0.00277675  0.000490066  4.6458
-0.00270701  0.000480324  4.59483
-0.00267419  0.000472721  4.59931
-0.00258826  0.000460918  4.53066
-0.00250995  0.000452963  4.43734
-0.00243086  0.000442868  4.35991
-0.00238549  0.00043675  4.31708
-0.00228966  0.000426027  4.20082
-0.00221194  0.00041863  4.0894
-0.00216319  0.000411771  4.03912
-0.00203143  0.000400672  3.82214
-0.00195354  0.000394183  3.68748
-0.0018911  0.000385952  3.60434
-0.00178797  0.000378587  3.40206
-0.00169258  0.00037101  3.21441
-0.00162577  0.000366374  3.07274
-0.00150407  0.000356846  2.81373
-0.0013862  0.000351141  2.52377
-0.00129189  0.000344352  2.29965
-0.00119219  0.000338047  2.04762
-0.00107421  0.000332079  1.72912
-0.000982054  0.000328283  1.46841
-0.000860879  0.000323096  1.11694
-0.000731834  0.000318558  0.72776
-0.000592683  0.000314649  0.294559
-0.000460922  0.000311631  -0.125399
-0.000287522  0.000308664  -0.688379
-0.000114047  0.00030765  -1.25452
