-0.003971  0.00164852  2.10552
-0.00395208  0.00151149  2.28389
-0.00393689  0.00141408  2.43047
-0.00391664  0.00130184  2.62448
-0.00388945  0.00118264  2.86601
-0.00385839  0.00109068  3.07916
-0.00381938  0.00100946  3.28828
-0.00377486  0.000941111  3.47978
-0.00372574  0.000863451  3.73587
-0.00367535  0.000806965  3.93493
-0.00362641  0.000730175  4.28173
-0.00356867  0.000683393  4.49034
-0.0035029  0.000646125  4.64755
-0.00343269  0.000619993  4.73019
-0.00342512  0.000619126  4.72459
-0.00328154  0.000591211  4.70482
-0.00322644  0.000580345  4.69795
-0.00317396  0.000569374  4.69631
-0.0031171  0.000558649  4.6847
-0.00305457  0.000548156  4.66029
-0.00300309  0.00053739  4.65786
-0.00294093  0.000527085  4.631
-0.00287659  0.000516723  4.59935
-0.00281824  0.000506844  4.57387
-0.00275006  0.000496927  4.52794
-0.00267875  0.000487583  4.46847
-0.00260236  0.000478183  4.39657
-0.00252891  0.000468635  4.3294
-0.00245267  0.000460031  4.24465
-0.00237448  0.00045135  4.15305
-0.00229127  0.000442423  4.04877
-0.00221039  0.000433524  3.94532
-0.00213068  0.000425655  3.83098
-0.00204062  0.000416506  3.69892
-0.00195125  0.000408785  3.55014
-0.00186031  0.000401213  3.39049
-0.00176603  0.000394005  3.21323
-0.00165845  0.000387247  2.9915
-0.0015606  0.00038078  2.78535
-0.00144683  0.00037371  2.53361
-0.00133607  0.000368057  2.27158
-0.00121689  0.000361988  1.98041
-0.00110618  0.000357336  1.6964
-0.000986233  0.000350979  1.38536
-0.000856087  0.000345872  1.02953
-0.000722345  0.000341405  0.651266
-0.00057861  0.000337914  0.232634
-0.000458916  0.000335439  -0.122478
-0.000275349  0.000332894  -0.674842
-8.42758e-05  0.000332374  -1.25077
