-0.003971  0.00164852  2.10552
-0.00395538  0.00153493  2.25117
-0.00393794  0.00142048  2.42026
-0.00391677  0.00130317  2.62189
-0.00389448  0.00120205  2.82391
-0.00386868  0.00111786  3.0135
-0.00383032  0.00103261  3.22514
-0.00379137  0.00096041  3.42704
-0.00374689  0.00088499  3.66885
-0.00369943  0.000821157  3.89625
-0.00364384  0.000762599  4.12253
-0.00358994  0.000707705  4.36615
-0.00352798  0.000662082  4.57343
-0.00345681  0.000626954  4.71616
-0.00338374  0.000598953  4.81463
-0.00331717  0.000580104  4.85631
-0.00322191  0.000559029  4.869
-0.00316097  0.000548487  4.85148
-0.00310385  0.000537586  4.84359
-0.00304664  0.000527485  4.82789
-0.00297638  0.000515845  4.80063
-0.00292358  0.000506852  4.78163
-0.00285737  0.000496804  4.74507
-0.00279129  0.000487226  4.70273
-0.0027163  0.000477421  4.64223
-0.0026451  0.000466666  4.59664
-0.00257061  0.000457916  4.52182
-0.00250917  0.000448941  4.47536
-0.00242581  0.000440093  4.37592
-0.0023485  0.000431006  4.28881
-0.00226201  0.00042125  4.18282
-0.00218291  0.000413711  4.06784
-0.00209184  0.000404152  3.93871
-0.00200625  0.000396569  3.79821
-0.00191914  0.00038919  3.64638
-0.00181905  0.000380722  3.46461
-0.00172586  0.000372966  3.28678
-0.00164387  0.000366302  3.12274
-0.0015211  0.00035889  2.84517
-0.00140735  0.000351734  2.57964
-0.00130052  0.000345125  2.31952
-0.00119116  0.000339633  2.03501
-0.0010736  0.000333575  1.71956
-0.000957379  0.000328274  1.39329
-0.000814723  0.000322698  0.975288
-0.000689759  0.000318734  0.595351
-0.000544988  0.000315491  0.142597
-0.000373901  0.000311971  -0.404202
-0.000200047  0.00031021  -0.966935
6.09508e-06  0.000309741  -1.63393
