-0.003971  0.00164852  2.10552
-0.00395394  0.00152517  2.26463
-0.00393599  0.00140891  2.43876
-0.00391406  0.00128906  2.64849
-0.00388924  0.00118352  2.86369
-0.0038539  0.00109079  3.07474
-0.00381176  0.00100495  3.29546
-0.00376817  0.000921749  3.54562
-0.00372282  0.00085088  3.78763
-0.00366739  0.000787327  4.02297
-0.00360708  0.000720119  4.31468
-0.0035392  0.000673011  4.51582
-0.00346834  0.000630879  4.70509
-0.00339177  0.000599805  4.82118
-0.00330826  0.000578278  4.85625
-0.00321711  0.000557184  4.8765
-0.00316244  0.000546443  4.87231
-0.00310609  0.000536508  4.8575
-0.00304619  0.000526319  4.83773
-0.00298444  0.000516949  4.80596
-0.00292463  0.000507151  4.78089
-0.00286115  0.000497329  4.74767
-0.00279839  0.000487699  4.71273
-0.00273107  0.000477702  4.67043
-0.00265945  0.000468458  4.6097
-0.00259233  0.000460159  4.54697
-0.0025239  0.000449946  4.4981
-0.00245277  0.000441692  4.4211
-0.00238058  0.000432384  4.34933
-0.00230158  0.000423817  4.25085
-0.0022181  0.000415065  4.13935
-0.00214507  0.000407969  4.03234
-0.00205676  0.000399277  3.89895
-0.00196994  0.000391837  3.75141
-0.00188717  0.000383917  3.6132
-0.00179226  0.0003766  3.43138
-0.00169943  0.000370097  3.24084
-0.00159929  0.000362234  3.03474
-0.00149571  0.000355462  2.80119
-0.00139542  0.000349453  2.56235
-0.00128653  0.000343543  2.28947
-0.00118667  0.000337405  2.03514
-0.00106205  0.000331605  1.69494
-0.00094449  0.000326143  1.36287
-0.000841838  0.000322146  1.06113
-0.000703889  0.00031766  0.641845
-0.00056395  0.000313761  0.203819
-0.000417609  0.000310634  -0.265236
-0.000263832  0.000308258  -0.766139
-8.69317e-05  0.000307144  -1.34487
