-0.003971  0.00164852  2.10552
-0.00395437  0.00152773  2.26111
-0.00393496  0.00140617  2.44278
-0.00391444  0.00129088  2.64504
-0.00388883  0.00118417  2.86177
-0.0038579  0.00109179  3.07559
-0.00381106  0.00100987  3.27869
-0.00375761  0.000927178  3.51347
-0.00371505  0.000856587  3.75333
-0.00365838  0.000790195  3.99697
-0.0035962  0.000739148  4.18888
-0.00352032  0.000690916  4.37148
-0.00345457  0.000654928  4.51129
-0.00338509  0.000606987  4.75313
-0.00329751  0.000588162  4.75636
-0.00321377  0.000559488  4.85046
-0.00315788  0.000549342  4.8383
-0.00309922  0.000538697  4.82501
-0.00304158  0.000528276  4.81109
-0.00298581  0.000518978  4.78982
-0.00291838  0.000508708  4.75396
-0.00285927  0.000499101  4.72704
-0.00278597  0.000489944  4.66578
-0.00272368  0.000478914  4.64318
-0.00265764  0.000470152  4.58924
-0.002594  0.00046116  4.54073
-0.00251626  0.000452346  4.45735
-0.00244667  0.000441672  4.4075
-0.00237417  0.000434347  4.31491
-0.0023019  0.000424705  4.24271
-0.00222713  0.000416337  4.1484
-0.00213474  0.000408821  3.99868
-0.00205457  0.000399647  3.88985
-0.00197246  0.000392056  3.75574
-0.00187822  0.000385075  3.57909
-0.00178515  0.000376981  3.40907
-0.0016985  0.000369913  3.23996
-0.00161169  0.000363698  3.05663
-0.00149566  0.000356716  2.79118
-0.00139866  0.000350107  2.56681
-0.00130134  0.00034376  2.3311
-0.00117755  0.000337584  2.00705
-0.00105163  0.000332909  1.65699
-0.000934349  0.000326148  1.33175
-0.000812899  0.000321453  0.97339
-0.000681023  0.000317369  0.570386
-0.000552415  0.000313905  0.166978
-0.000405318  0.000311163  -0.304284
-0.000238146  0.000308965  -0.847519
-6.47815e-05  0.000307945  -1.4133
