-0.010865  0.0047755  2.17045
-0.0107795  0.00461559  2.22712
-0.0106924  0.00445643  2.28713
-0.0106027  0.00429925  2.34986
-0.010511  0.00414372  2.41596
-0.0104159  0.0039907  2.48476
-0.0103175  0.00383895  2.55734
-0.0102165  0.00369011  2.63313
-0.0101121  0.00354617  2.71054
-0.0100045  0.00340422  2.79197
-0.00989347  0.00326154  2.88007
-0.00978031  0.00312132  2.9732
-0.00966585  0.00298587  3.06974
-0.00954727  0.00284935  3.1752
-0.00942932  0.00271867  3.28445
-0.00930258  0.00258501  3.40523
-0.00917669  0.00245729  3.53099
-0.00904443  0.00233087  3.66577
-0.00891135  0.00220882  3.80807
-0.00877015  0.00208717  3.96237
-0.00862901  0.00197319  4.11973
-0.00848455  0.00186353  4.28463
-0.00832511  0.0017527  4.46461
-0.0081698  0.00164962  4.64945
-0.00800601  0.00154919  4.84513
-0.00783652  0.00145424  5.04492
-0.00765926  0.00136344  5.25087
-0.00747575  0.00128027  5.44865
-0.00728195  0.00120293  5.63785
-0.00708219  0.00113383  5.80527
-0.0068652  0.00107012  5.9481
-0.00664536  0.0010123  6.07071
-0.00642427  0.000959141  6.17664
-0.00620382  0.000910727  6.26294
-0.00596126  0.000864042  6.3206
-0.00572049  0.000821653  6.35365
-0.00559179  0.000803524  6.33682
-0.00546351  0.000786592  6.31014
-0.00533623  0.000768949  6.2894
-0.00518053  0.000751963  6.22441
-0.00502564  0.000736461  6.14511
-0.0048612  0.000721661  6.04328
-0.00467268  0.000707843  5.89493
-0.00447347  0.000694079  5.72482
-0.00426347  0.000681962  5.51858
-0.00402786  0.000670753  5.25955
-0.00377894  0.000661412  4.95748
-0.00350881  0.000652801  4.60908
-0.00318762  0.000646442  4.15756
-0.00283639  0.000643562  3.6304
