-0.003971  0.00164852  2.10552
-0.00395328  0.00152109  2.27026
-0.00393401  0.00139725  2.45769
-0.00391553  0.00129627  2.63489
-0.00388814  0.00118659  2.85535
-0.00385606  0.00109225  3.07262
-0.00381683  0.00101513  3.2674
-0.00377971  0.000940167  3.48843
-0.00372289  0.000868683  3.71009
-0.00367341  0.000795739  3.988
-0.00361424  0.000747803  4.16452
-0.00356233  0.000703257  4.3545
-0.00350352  0.000664187  4.5221
-0.00340573  0.000621298  4.67688
-0.00334475  0.000605229  4.70028
-0.00326353  0.000578275  4.77892
-0.00318409  0.000558834  4.80302
-0.0031392  0.000549909  4.79933
-0.00307137  0.000539863  4.76301
-0.00299979  0.000528383  4.73102
-0.00295141  0.000518107  4.73148
-0.00287114  0.000508342  4.66446
-0.00282836  0.000498584  4.66995
-0.00276138  0.000490104  4.61408
-0.00268484  0.000477653  4.57413
-0.00261177  0.000470176  4.49143
-0.00254727  0.000459416  4.45625
-0.00247036  0.00045049  4.37382
-0.00239331  0.000441719  4.28624
-0.00231082  0.000432595  4.18594
-0.0022371  0.000424669  4.09048
-0.00216818  0.000415886  4.01114
-0.00206797  0.000406619  3.85611
-0.00195546  0.000398896  3.64872
-0.00188169  0.000390732  3.53615
-0.00179005  0.000384696  3.35343
-0.00170687  0.000375606  3.21314
-0.00160658  0.000369734  2.99291
-0.0014885  0.000362602  2.72613
-0.00140772  0.000355843  2.55089
-0.00128146  0.000349338  2.23697
-0.00116652  0.000342517  1.94595
-0.0010508  0.000336279  1.63793
-0.000965269  0.000332632  1.39875
-0.000800586  0.000326523  0.920565
-0.000666369  0.000321359  0.517703
-0.000522133  0.00031687  0.0698483
-0.000385298  0.000314521  -0.364688
-0.000222713  0.000311673  -0.889673
-5.4403e-05  0.000310138  -1.43677
