-0.003971  0.00164852  2.10552
-0.00395351  0.00152331  2.2671
-0.00393605  0.00141253  2.43255
-0.00391282  0.00129682  2.63167
-0.00388656  0.00118504  2.85775
-0.00385833  0.00109448  3.06842
-0.00381408  0.00101247  3.27325
-0.00377257  0.000935748  3.49727
-0.00372264  0.000855358  3.76759
-0.00366887  0.000789388  4.01434
-0.00361258  0.000728609  4.27194
-0.00356111  0.000683783  4.47673
-0.00347713  0.00063671  4.6758
-0.00340272  0.000607622  4.77719
-0.00333175  0.000583669  4.85163
-0.00323748  0.000561908  4.87177
-0.0031761  0.000551932  4.84861
-0.00311997  0.000541034  4.84252
-0.00306626  0.000531072  4.83221
-0.00300041  0.000520658  4.8024
-0.00294187  0.000510259  4.78555
-0.00288386  0.000501381  4.75458
-0.00281985  0.000492109  4.71411
-0.0027462  0.000480815  4.67165
-0.00269498  0.000473226  4.63834
-0.00261422  0.0004629  4.56734
-0.00253717  0.000453843  4.48872
-0.00247377  0.000445319  4.43225
-0.00240432  0.000436804  4.35966
-0.00233067  0.00042883  4.26899
-0.00225425  0.000419818  4.1786
-0.00217283  0.000410411  4.07599
-0.00207542  0.000402097  3.91802
-0.00198267  0.000394367  3.75962
-0.00190245  0.000385734  3.6358
-0.0018062  0.000377633  3.45892
-0.00170995  0.000372125  3.25145
-0.00162578  0.000364686  3.08698
-0.00154158  0.000359735  2.89541
-0.00144741  0.000352932  2.68441
-0.00133918  0.000346715  2.42037
-0.00117577  0.000338838  1.99438
-0.00112896  0.000334818  1.87852
-0.000979867  0.00032824  1.46194
-0.000825131  0.000323246  1.00583
-0.000705427  0.000318767  0.644442
-0.000605856  0.00031567  0.335336
-0.000426767  0.00031097  -0.235497
-0.000357491  0.000310127  -0.45952
-0.000106069  0.000307813  -1.27977
