-0.003971  0.00164852  2.10552
-0.00395332  0.00151993  2.27202
-0.0039351  0.00140339  2.44771
-0.0039083  0.00126146  2.70188
-0.00388916  0.00118158  2.86833
-0.00385582  0.0010852  3.09236
-0.00381495  0.000999591  3.31631
-0.00377239  0.000921692  3.55042
-0.00372867  0.000855648  3.77336
-0.0036745  0.000780608  4.0667
-0.003619  0.000723228  4.31261
-0.00356142  0.000679323  4.50658
-0.003499  0.000644642  4.6522
-0.00341985  0.000618079  4.72406
-0.00333908  0.000597802  4.7492
-0.00326137  0.000588006  4.69615
-0.00321442  0.000577552  4.69987
-0.00315321  0.000565342  4.69311
-0.00310566  0.00055631  4.68382
-0.00304089  0.00054445  4.66689
-0.00299348  0.00053571  4.65453
-0.0029242  0.000523835  4.62779
-0.00287103  0.000515059  4.6034
-0.00280028  0.000503977  4.56425
-0.00274184  0.000495516  4.52425
-0.0026615  0.00048522  4.45468
-0.00258955  0.000475976  4.39003
-0.00251485  0.000467091  4.31362
-0.00243444  0.000458471  4.21933
-0.00235961  0.00044995  4.13292
-0.0022807  0.000441428  4.03394
-0.00220312  0.000432693  3.93609
-0.00212346  0.000424327  3.82596
-0.00203751  0.00041624  3.69381
-0.00194591  0.000408818  3.5368
-0.00185794  0.000401019  3.38623
-0.00176293  0.000393739  3.20754
-0.00165807  0.00038732  2.98996
-0.00155769  0.000380573  2.77921
-0.00146306  0.000374632  2.57069
-0.00134551  0.000367947  2.29791
-0.00122917  0.000362546  2.01124
-0.00111437  0.000356839  1.72171
-0.000998084  0.000351399  1.41743
-0.000875614  0.000346559  1.08384
-0.000748667  0.000342124  0.726833
-0.000615458  0.000338348  0.341241
-0.00046851  0.000335254  -0.093928
-0.000308876  0.000333157  -0.573676
-0.000134528  0.000332371  -1.09959
