-0.003971  0.00164852  2.10552
-0.00395322  0.00152595  2.263
-0.00393394  0.00141251  2.4311
-0.00391099  0.00129647  2.63098
-0.00388179  0.00119487  2.83026
-0.00384955  0.0010989  3.04809
-0.0038075  0.00101658  3.25355
-0.00376723  0.000932039  3.50546
-0.00372064  0.000855253  3.76571
-0.00367056  0.000784671  4.04063
-0.00361018  0.000725162  4.28895
-0.00354594  0.000687819  4.4284
-0.00348883  0.000648571  4.60834
-0.00340794  0.000609999  4.76713
-0.00333423  0.000586418  4.83312
-0.00324507  0.000563288  4.8733
-0.00317868  0.000553943  4.83566
-0.00312493  0.000542569  4.83796
-0.00305611  0.000531149  4.81241
-0.00299751  0.000521355  4.79042
-0.00294908  0.000512751  4.77635
-0.00287506  0.000500705  4.74344
-0.0028089  0.000490843  4.70395
-0.00274665  0.00048177  4.66334
-0.00267537  0.000473711  4.59219
-0.00260322  0.000463962  4.53317
-0.00253234  0.000453722  4.47926
-0.00246558  0.000445316  4.4139
-0.00239075  0.000435261  4.34396
-0.00231296  0.000425773  4.25805
-0.00223584  0.000417546  4.15723
-0.00216099  0.000410072  4.05047
-0.00206581  0.000401197  3.90284
-0.0019848  0.000393095  3.77721
-0.0018849  0.000384928  3.59781
-0.00179277  0.000378568  3.41489
-0.00169649  0.000371096  3.2242
-0.00161377  0.000365158  3.05009
-0.00150397  0.000357636  2.80723
-0.00139767  0.000349961  2.56507
-0.00127892  0.000344137  2.26339
-0.00115199  0.000338566  1.92573
-0.00104483  0.000332338  1.63938
-0.000941087  0.000328113  1.34431
-0.000804902  0.000323218  0.943331
-0.000677342  0.000318917  0.556077
-0.000514953  0.000314801  0.0475014
-0.000407327  0.000312732  -0.296334
-0.0001904  0.000310318  -0.997684
-2.02438e-05  0.000308867  -1.55328
