-0.003971  0.00164852  2.10552
-0.0039545  0.00152804  2.26075
-0.00394571  0.00146925  2.34521
-0.00393219  0.00138625  2.47587
-0.00392839  0.00136454  2.51249
-0.00390487  0.00124582  2.73304
-0.00390082  0.00122811  2.76915
-0.00388692  0.00117339  2.88645
-0.00386494  0.00111665  3.01343
-0.00384574  0.00107331  3.11722
-0.00381426  0.00102106  3.24589
-0.00381426  0.00102106  3.24589
-0.00374789  0.000916766  3.54277
-0.00374266  0.000909781  3.56422
-0.00371175  0.00087298  3.67907
-0.00367631  0.000828329  3.83459
-0.00365636  0.000809033  3.90139
-0.0036115  0.000779251  3.99293
-0.00357998  0.000767881  4.01101
-0.00352801  0.00074239  4.07874
-0.00349809  0.000643862  4.65642
-0.00349544  0.000642685  4.66081
-0.00349544  0.000642685  4.66081
-0.00338852  0.000611617  4.72277
-0.00334805  0.000599754  4.7487
-0.00324238  0.000586315  4.67731
-0.00318178  0.000570956  4.697
-0.00310047  0.000556032  4.67684
-0.00302483  0.000541322  4.6642
-0.0029411  0.000527084  4.63134
-0.00285573  0.000512604  4.59562
-0.0027633  0.00049846  4.54059
-0.00266813  0.000485807  4.46294
-0.00256645  0.000473258  4.36644
-0.00246101  0.000460869  4.25502
-0.00234957  0.000448798  4.12117
-0.00224114  0.000436709  3.98696
-0.00212378  0.000424776  3.82268
-0.00200486  0.000413762  3.63702
-0.00187495  0.000402796  3.41352
-0.00174934  0.000393847  3.17213
-0.00160259  0.000383485  2.87518
-0.00145737  0.000374222  2.55831
-0.00129852  0.000366325  2.1798
-0.00114614  0.000359069  1.7995
-0.000970328  0.000350482  1.34195
-0.00080582  0.000344076  0.888814
-0.000609339  0.000338923  0.322606
-0.000396726  0.000334378  -0.308854
-0.000178372  0.000332577  -0.967079
