-0.003971  0.00164852  2.10552
-0.00395477  0.00152993  2.25813
-0.00393607  0.00141048  2.43609
-0.00391528  0.00129677  2.63368
-0.0038903  0.00118809  2.85358
-0.00385808  0.00109188  3.07551
-0.00381807  0.00101215  3.27826
-0.00377289  0.000929054  3.52282
-0.00372442  0.000862286  3.73938
-0.00367157  0.000792317  4.0029
-0.00361555  0.000731648  4.25826
-0.00355497  0.00068208  4.4789
-0.00348609  0.000643612  4.63958
-0.00341412  0.000605963  4.80908
-0.00333326  0.000580728  4.8788
-0.00325055  0.000562001  4.89422
-0.00319172  0.000551606  4.87978
-0.00313184  0.000540499  4.86929
-0.00307871  0.000531561  4.8512
-0.00301197  0.000520169  4.82915
-0.00294943  0.000511477  4.78893
-0.00287972  0.000501321  4.74689
-0.00281864  0.000491317  4.71922
-0.00275677  0.000481299  4.68891
-0.00268903  0.00047226  4.63522
-0.00262137  0.000462283  4.5889
-0.00255066  0.000453593  4.52093
-0.00246648  0.00044332  4.43581
-0.00239852  0.00043523  4.36211
-0.00231169  0.000425693  4.25585
-0.00223889  0.000416817  4.17183
-0.00215527  0.000408632  4.05076
-0.00206426  0.000398504  3.92532
-0.00196713  0.000392393  3.73893
-0.00190655  0.000385309  3.65044
-0.00182319  0.000377764  3.50269
-0.00170434  0.000368903  3.26466
-0.0016063  0.000363254  3.04553
-0.00150721  0.00035602  2.82907
-0.00139853  0.000349767  2.56894
-0.00129271  0.000342889  2.31185
-0.00118135  0.000336406  2.02538
-0.00105617  0.000330934  1.68059
-0.000918974  0.000324921  1.28947
-0.000793404  0.000321156  0.913586
-0.000677695  0.00031756  0.559563
-0.00052797  0.000313168  0.0893123
-0.000432717  0.000310975  -0.216361
-0.000207289  0.000308487  -0.948861
-2.39425e-05  0.000307263  -1.54935
