-0.003971  0.00164852  2.10552
-0.00395312  0.00151852  2.274
-0.00393566  0.00140673  2.44231
-0.00391466  0.00129196  2.64301
-0.0038888  0.00118331  2.86383
-0.00385702  0.00108772  3.08628
-0.00381779  0.00100516  3.30075
-0.0037748  0.000925443  3.53863
-0.00372547  0.000856679  3.76509
-0.00367781  0.000786745  4.03918
-0.00362274  0.000727679  4.29137
-0.00356095  0.000678475  4.51151
-0.00349315  0.000642336  4.65979
-0.00341614  0.000622638  4.68352
-0.00334285  0.000600901  4.73099
-0.00326042  0.000588344  4.69185
-0.00321367  0.000577883  4.69588
-0.00316092  0.000566808  4.69458
-0.00310052  0.00055644  4.67349
-0.00304996  0.000545847  4.67157
-0.00298949  0.000535163  4.65183
-0.00292893  0.000524792  4.62837
-0.00286596  0.000514026  4.6028
-0.0028085  0.000504355  4.57713
-0.00274366  0.00049443  4.53788
-0.0026698  0.000486259  4.46223
-0.00259548  0.000476727  4.39556
-0.00251768  0.000467649  4.31452
-0.00244096  0.000458949  4.22914
-0.00236453  0.000450677  4.13719
-0.00228602  0.000441781  4.04278
-0.00220093  0.00043346  3.92407
-0.00211207  0.000423339  3.80799
-0.00204133  0.000416762  3.69836
-0.00194531  0.000408972  3.534
-0.00185711  0.000401131  3.38321
-0.00176968  0.000394382  3.21943
-0.00163527  0.000387007  2.93347
-0.00155416  0.00038023  2.77242
-0.00144238  0.000373296  2.52448
-0.00133381  0.000368042  2.26552
-0.00122284  0.000362277  1.99527
-0.00112991  0.000357678  1.76111
-0.00097789  0.000351726  1.3587
-0.000855368  0.000346367  1.02599
-0.000724919  0.00034176  0.658119
-0.000591043  0.000337928  0.269415
-0.000443601  0.000334874  -0.16842
-0.000297088  0.000333078  -0.609204
-9.76159e-05  0.000332376  -1.21063
