-0.003971  0.00164852  2.10552
-0.00361006  0.00113834  2.73211
-0.00334124  0.000598279  4.74903
-0.00328668  0.000591196  4.71363
-0.00324011  0.000582962  4.70033
-0.00320227  0.000575226  4.69775
-0.0031596  0.000566591  4.69403
-0.00312156  0.000559275  4.68742
-0.00308006  0.000551421  4.67893
-0.00303418  0.000543734  4.66069
-0.00299342  0.00053568  4.65467
-0.00294745  0.000528131  4.63417
-0.00289973  0.000520727  4.60842
-0.00285777  0.00051299  4.59614
-0.00280869  0.000505327  4.5687
-0.00275817  0.000498387  4.53096
-0.0027107  0.000491327  4.49944
-0.00264801  0.000484645  4.43213
-0.00259568  0.000477009  4.39337
-0.00254444  0.000470519  4.34508
-0.00248711  0.000463745  4.28491
-0.00242713  0.000457453  4.21273
-0.00236516  0.000450803  4.13742
-0.00230588  0.000444455  4.06313
-0.00224646  0.000438  3.98734
-0.00218879  0.000430942  3.91884
-0.00211857  0.000424137  3.81616
-0.00206437  0.000418657  3.73664
-0.0019986  0.000412893  3.62951
-0.00193066  0.000407337  3.51222
-0.00185874  0.000401805  3.38159
-0.00178943  0.000395882  3.25712
-0.0017126  0.000390514  3.10513
-0.0016487  0.000386209  2.97429
-0.00156245  0.000380701  2.79078
-0.00147997  0.000375559  2.60937
-0.00139872  0.000370994  2.42246
-0.00131243  0.000366435  2.21712
-0.00122555  0.000362463  2.00174
-0.00113893  0.00035811  1.78418
-0.00105405  0.000354196  1.56425
-0.000957323  0.000350548  1.30459
-0.00087231  0.000346511  1.07445
-0.000769161  0.000342902  0.78495
-0.000689877  0.000340347  0.557893
-0.000560857  0.000337072  0.180546
-0.000461499  0.000335277  -0.114834
-0.000336638  0.000333469  -0.489888
-0.000243095  0.000332721  -0.772134
-6.00345e-05  0.000332402  -1.32359
