-0.010865  0.0047755  2.17045
-0.0107785  0.004615  2.22718
-0.0106927  0.00445648  2.28716
-0.0106034  0.00430049  2.34937
-0.0105125  0.00414648  2.41471
-0.0104151  0.00399295  2.48315
-0.0103184  0.00383999  2.55688
-0.0102202  0.0036961  2.62985
-0.0101166  0.00355176  2.70755
-0.0100033  0.00340318  2.79249
-0.00989136  0.00326098  2.87992
-0.00978181  0.00312817  2.96717
-0.00966989  0.00299253  3.06426
-0.00954965  0.00285584  3.16882
-0.00942787  0.00272461  3.27675
-0.00930812  0.00259546  3.39366
-0.00918306  0.0024687  3.51726
-0.00904852  0.00233997  3.65325
-0.00891305  0.00221979  3.79002
-0.00877932  0.00209944  3.94359
-0.00863407  0.0019834  4.10108
-0.00848898  0.00187374  4.26365
-0.00833937  0.00176837  4.4331
-0.0081825  0.00166331  4.6188
-0.00801355  0.00155851  4.821
-0.0078482  0.00146372  5.02022
-0.00768317  0.00138118  5.20074
-0.00748415  0.00128784  5.42316
-0.00730818  0.00121622  5.59782
-0.00711006  0.00114654  5.76523
-0.00689036  0.0010832  5.89953
-0.00666904  0.00102459  6.02097
-0.00644057  0.000969137  6.12975
-0.00621957  0.000918158  6.22939
-0.00601369  0.000876401  6.29128
-0.00575135  0.000828495  6.33842
-0.00562048  0.000809461  6.32579
-0.00548133  0.000789161  6.31218
-0.00536216  0.000773462  6.28623
-0.00520693  0.000756997  6.2179
-0.00503456  0.000738111  6.14347
-0.00487237  0.000725393  6.02759
-0.00465167  0.00070926  5.85352
-0.00447335  0.000696308  5.70631
-0.00426481  0.000684278  5.50188
-0.00402433  0.000672149  5.24338
-0.00371035  0.000662166  4.84826
-0.00350877  0.000653749  4.60233
-0.00314736  0.000648042  4.08516
-0.00272056  0.000644158  3.44723
