-0.00396932  0.00164537  2.10854
-0.00394816  0.00151604  2.27446
-0.00392712  0.0014052  2.43889
-0.00390213  0.00129623  2.62462
-0.00387715  0.00119475  2.82665
-0.00383761  0.00110835  3.01133
-0.00379603  0.00102446  3.21735
-0.00376038  0.00094726  3.44191
-0.00371318  0.000871523  3.68686
-0.00365432  0.000791817  3.98365
-0.00359846  0.000741361  4.17942
-0.00353343  0.00068701  4.4154
-0.00347009  0.00064358  4.61495
-0.00338861  0.000609699  4.73776
-0.00330515  0.000585427  4.79162
-0.00321984  0.000564784  4.81571
-0.00315826  0.000554693  4.79232
-0.00309686  0.000544086  4.77288
-0.00304551  0.000533698  4.76958
-0.00297863  0.000523324  4.73631
-0.00291704  0.00051288  4.71269
-0.00284755  0.000501654  4.67962
-0.00279434  0.000493599  4.64819
-0.00271299  0.000482432  4.58715
-0.00265972  0.000474371  4.5528
-0.0025796  0.000465111  4.4712
-0.00251302  0.000454661  4.42751
-0.00244449  0.000446513  4.35484
-0.00236335  0.000436346  4.27034
-0.00229839  0.000429086  4.19121
-0.00219835  0.000419672  4.04684
-0.00212884  0.00041038  3.96911
-0.00205777  0.000403062  3.86485
-0.00196336  0.000395617  3.69892
-0.00186038  0.000386663  3.51826
-0.00178417  0.000380009  3.3793
-0.00168064  0.000372591  3.16874
-0.00157508  0.000364634  2.94839
-0.00147169  0.000357865  2.71525
-0.00136444  0.000350878  2.46364
-0.00126137  0.000344871  2.2077
-0.00114924  0.000337818  1.92187
-0.00103174  0.000332776  1.59789
-0.000908137  0.000328719  1.2416
-0.000796432  0.000323164  0.917279
-0.000663156  0.000317614  0.513693
-0.000504561  0.0003147  0.0144917
-0.000400981  0.000311597  -0.317779
-0.000259399  0.000309702  -0.776879
-2.53362e-05  0.000307973  -1.54125
