-0.003971  0.00164852  2.10552
-0.00395202  0.00151108  2.28447
-0.00393153  0.00138242  2.48226
-0.00390192  0.00126362  2.69221
-0.00386122  0.00117573  2.85884
-0.00383267  0.00107915  3.08823
-0.00378689  0.00100269  3.27807
-0.00371392  0.000891897  3.60346
-0.00366374  0.000865768  3.65426
-0.00363904  0.00074211  4.22989
-0.00358991  0.000700258  4.41253
-0.00352019  0.000671821  4.49553
-0.00342518  0.000621075  4.70987
-0.00334094  0.000598182  4.74929
-0.00326362  0.000588558  4.69557
-0.00321171  0.000576936  4.70019
-0.00316199  0.000567021  4.69469
-0.00311021  0.000557062  4.68568
-0.00307182  0.000549895  4.67692
-0.0029941  0.000536888  4.64546
-0.00293269  0.000527791  4.60919
-0.00287501  0.000515764  4.60485
-0.00281893  0.000507488  4.56942
-0.00276439  0.000498631  4.54123
-0.0026882  0.00048854  4.47906
-0.00260895  0.000478608  4.40643
-0.00254137  0.000470978  4.33432
-0.00245663  0.000460999  4.24433
-0.0023916  0.000453382  4.1722
-0.00231638  0.000445283  4.07915
-0.00224404  0.000437041  3.99058
-0.00215908  0.00042777  3.87844
-0.0020808  0.000420725  3.75732
-0.00198421  0.000411747  3.60466
-0.00190003  0.000404428  3.46176
-0.00181024  0.000397315  3.29773
-0.0017142  0.000390398  3.11017
-0.00159308  0.000384441  2.8433
-0.00149314  0.000378738  2.62224
-0.00140804  0.000371497  2.44428
-0.00129151  0.000365473  2.16571
-0.00117678  0.000359809  1.88094
-0.00106367  0.000354369  1.59064
-0.000943677  0.000349218  1.27049
-0.000815319  0.000345116  0.913662
-0.000692546  0.000340419  0.565614
-0.000542438  0.000337444  0.125762
-0.000404841  0.000334285  -0.284665
-0.000243095  0.000332721  -0.772134
-6.00345e-05  0.000332402  -1.32359
