-0.003971  0.00164852  2.10552
-0.00395386  0.00153187  2.25467
-0.00393625  0.00142208  2.41635
-0.00391694  0.00130338  2.62161
-0.00389483  0.00120838  2.8094
-0.00386593  0.00111441  3.02037
-0.00382614  0.00102861  3.23364
-0.00378336  0.000949949  3.45635
-0.00373779  0.000877504  3.68977
-0.00368986  0.000806454  3.95542
-0.00363534  0.000744967  4.2087
-0.00357903  0.000694788  4.43161
-0.00351179  0.000649425  4.63762
-0.00343577  0.00062272  4.71444
-0.00334626  0.000597332  4.76496
-0.00326458  0.000578111  4.7821
-0.00317711  0.000562259  4.76135
-0.00310256  0.000545744  4.76883
-0.00304854  0.00053637  4.75146
-0.00299354  0.000526815  4.73324
-0.00291549  0.000514943  4.69079
-0.00286138  0.000505619  4.67027
-0.00279239  0.000496303  4.61893
-0.00273081  0.000485599  4.59393
-0.00266565  0.000477334  4.53698
-0.00260077  0.000468078  4.48809
-0.00253532  0.000458659  4.43754
-0.00245062  0.000449473  4.3398
-0.00236009  0.000438038  4.24641
-0.00229433  0.00043057  4.16733
-0.00221707  0.000421958  4.0693
-0.00214151  0.000415263  3.95293
-0.00206055  0.000405237  3.85094
-0.00198959  0.000398102  3.74173
-0.00187971  0.000388226  3.55388
-0.00180154  0.000381694  3.4099
-0.00170337  0.000373985  3.2177
-0.00160104  0.000367657  2.99474
-0.00150916  0.000359979  2.80339
-0.00137651  0.000353612  2.47874
-0.00130722  0.00034731  2.3242
-0.00119731  0.000342537  2.03572
-0.001057  0.000334465  1.66534
-0.000979228  0.000330477  1.45011
-0.00080559  0.000325283  0.93946
-0.000705647  0.000320472  0.6417
-0.000543896  0.000316032  0.138896
-0.000415818  0.000313579  -0.268456
-0.000290495  0.000311864  -0.671782
-6.1721e-05  0.00031018  -1.41298
