-0.003971  0.00164852  2.10552
-0.00395375  0.00152318  2.26746
-0.00393614  0.00141037  2.43635
-0.00391317  0.00128793  2.65012
-0.00388628  0.00119679  2.82947
-0.00385257  0.00110293  3.0397
-0.00381394  0.00101533  3.26392
-0.00377167  0.000937821  3.48859
-0.00372557  0.000860056  3.75042
-0.00367749  0.000789613  4.02411
-0.00362038  0.000728121  4.28552
-0.00356063  0.000678905  4.50818
-0.00348949  0.000635489  4.70423
-0.00341426  0.000604505  4.8209
-0.00333184  0.000581355  4.87111
-0.00324766  0.000562769  4.8824
-0.00319263  0.000552024  4.87775
-0.0031339  0.000541669  4.86256
-0.00307185  0.000531058  4.84288
-0.00301372  0.000521377  4.82132
-0.00295121  0.000511222  4.79481
-0.00288769  0.000501315  4.76286
-0.00282544  0.000491949  4.727
-0.00275892  0.000481934  4.6872
-0.00268866  0.000472406  4.633
-0.00261535  0.000463226  4.56655
-0.0025512  0.000453103  4.527
-0.00247934  0.000444292  4.45503
-0.00239979  0.000435991  4.35742
-0.00232383  0.000426005  4.28124
-0.00225006  0.000418196  4.18479
-0.00216615  0.00040951  4.06866
-0.00207945  0.000400657  3.94215
-0.00198868  0.000393499  3.7832
-0.00191067  0.000385306  3.66117
-0.00181812  0.000378062  3.48652
-0.00171253  0.000369783  3.27903
-0.00161347  0.000363351  3.06443
-0.00151373  0.000356256  2.84552
-0.00140912  0.000349901  2.59823
-0.00130041  0.000343746  2.3285
-0.00118805  0.000337559  2.0383
-0.00106876  0.000332163  1.7123
-0.000947862  0.000326463  1.37186
-0.000832673  0.000322173  1.03259
-0.000684742  0.000317524  0.58182
-0.00055447  0.000313854  0.173552
-0.00041545  0.000310939  -0.271919
-0.00023845  0.000308882  -0.846761
-6.47856e-05  0.000307683  -1.41449
