-0.003971  0.00164852  2.10552
-0.00395477  0.00152993  2.25813
-0.00393654  0.00141223  2.43341
-0.00391534  0.00129602  2.63524
-0.00389184  0.00119206  2.84536
-0.00386068  0.00109682  3.06401
-0.00381958  0.00101072  3.28436
-0.00377668  0.000940051  3.48564
-0.00372906  0.000869215  3.71492
-0.00367718  0.000802887  3.95719
-0.00362362  0.000741331  4.21353
-0.00356249  0.000688735  4.44654
-0.00349629  0.000645835  4.6394
-0.00343088  0.000611772  4.7908
-0.00335985  0.000587171  4.87056
-0.003269  0.000566211  4.8904
-0.00320693  0.000554345  4.88312
-0.00315477  0.000544965  4.87146
-0.00309418  0.000534326  4.85506
-0.00303457  0.000523965  4.83729
-0.00297345  0.000513662  4.81534
-0.00290733  0.000503628  4.77998
-0.0028399  0.000494044  4.73622
-0.00278059  0.000484929  4.70293
-0.00270758  0.000474543  4.65202
-0.00263895  0.000465567  4.59428
-0.00255626  0.000454808  4.52115
-0.00250222  0.000446845  4.48078
-0.00242023  0.000437875  4.38533
-0.00234055  0.000427561  4.30477
-0.00226659  0.000419871  4.20746
-0.00217801  0.000411046  4.08229
-0.00209922  0.000402513  3.97309
-0.00200989  0.000395071  3.82182
-0.00191335  0.000387253  3.64966
-0.00183243  0.000379409  3.51186
-0.00174956  0.000372356  3.35582
-0.00162605  0.00036541  3.08159
-0.00151666  0.000358868  2.83297
-0.00143194  0.000351352  2.65245
-0.00131756  0.000344909  2.37037
-0.00119951  0.000340202  2.05616
-0.00107988  0.00033217  1.74573
-0.000980116  0.000328359  1.46217
-0.000830343  0.000323105  1.0224
-0.00070374  0.000318347  0.639993
-0.000583752  0.000315086  0.265806
-0.000422361  0.000312251  -0.248644
-0.00025382  0.000309807  -0.794624
-7.66961e-05  0.000308446  -1.37238
