-0.003971  0.00164852  2.10552
-0.00395374  0.00152487  2.26493
-0.00393568  0.00141595  2.42641
-0.00391608  0.00130582  2.61604
-0.00388732  0.00117842  2.87447
-0.00385906  0.00109725  3.06133
-0.00381593  0.00102364  3.23936
-0.00376829  0.000939558  3.47854
-0.0037211  0.000865058  3.72356
-0.00367957  0.00080773  3.93643
-0.00361716  0.000756009  4.12317
-0.00355819  0.000690907  4.42634
-0.00349693  0.000653971  4.58267
-0.00342798  0.000615937  4.7537
-0.00335867  0.000596742  4.79046
-0.00326215  0.000570609  4.8407
-0.00320562  0.000558054  4.84832
-0.0031474  0.000546346  4.84565
-0.00307318  0.000539245  4.77182
-0.00301471  0.000527694  4.76548
-0.00295705  0.00051725  4.75022
-0.00287496  0.000506398  4.68992
-0.00282192  0.000497729  4.66502
-0.0027476  0.000485898  4.62566
-0.00269444  0.000480086  4.57093
-0.00259671  0.000467093  4.48885
-0.00254562  0.000458401  4.46252
-0.00248476  0.000451411  4.39678
-0.00240883  0.000441926  4.31934
-0.00234296  0.000434116  4.24532
-0.00227027  0.000425282  4.16259
-0.00216742  0.000414321  4.02447
-0.0020921  0.000406423  3.91734
-0.00202956  0.000399712  3.82666
-0.00190835  0.000388345  3.62654
-0.00180117  0.000379828  3.42567
-0.00175212  0.000378259  3.31021
-0.00161441  0.00036686  3.0377
-0.00153216  0.000360248  2.86515
-0.00144836  0.000356226  2.66225
-0.00136817  0.000352945  2.45978
-0.00121815  0.000341702  2.10169
-0.00106002  0.000338071  1.65652
-0.00100588  0.00033249  1.52148
-0.000884314  0.000328527  1.16981
-0.000744516  0.00032407  0.754515
-0.000573232  0.000317443  0.230694
-0.000452152  0.000317143  -0.150872
-0.000308277  0.000314018  -0.610549
-7.5225e-05  0.000311591  -1.36324
