-0.003971  0.00164852  2.10552
-0.00395205  0.00151126  2.28422
-0.00393689  0.00141408  2.43047
-0.0039168  0.00130265  2.62296
-0.00388942  0.00118253  2.86625
-0.00386085  0.00109626  3.06574
-0.00381982  0.0010103  3.28597
-0.00376821  0.000934556  3.49707
-0.00372567  0.000863365  3.73616
-0.00366856  0.000812132  3.90154
-0.0036289  0.00074216  4.21594
-0.00356811  0.000683218  4.49066
-0.00350501  0.000647009  4.64447
-0.0034345  0.000621564  4.72115
-0.0034345  0.000621564  4.72115
-0.00328153  0.000591229  4.70466
-0.00322966  0.000580821  4.69966
-0.00317396  0.000569374  4.69631
-0.00311819  0.000558797  4.6854
-0.00305456  0.000548154  4.6603
-0.00299643  0.000536211  4.65569
-0.00294088  0.000527075  4.63099
-0.0028743  0.000516233  4.59927
-0.00282203  0.000508127  4.56978
-0.00274871  0.000496669  4.52759
-0.0026752  0.000488838  4.44973
-0.00260191  0.000478143  4.39598
-0.00252891  0.000468635  4.3294
-0.00244608  0.000459382  4.23631
-0.00238591  0.00045256  4.16721
-0.00229246  0.000442989  4.04628
-0.00220654  0.000433942  3.93265
-0.00213068  0.000425655  3.83098
-0.00203064  0.000416552  3.67455
-0.00195121  0.000408777  3.55012
-0.00186055  0.000401232  3.39092
-0.00176141  0.000394256  3.19946
-0.00165845  0.000387247  2.9915
-0.00153466  0.000381162  2.7145
-0.00144645  0.000373688  2.53272
-0.00134509  0.000368628  2.29254
-0.0012166  0.00036197  1.97973
-0.00114096  0.000358704  1.78688
-0.000987217  0.000351067  1.38782
-0.000862742  0.000346051  1.04823
-0.000722345  0.000341405  0.651266
-0.000574991  0.000337919  0.221921
-0.000458916  0.000335439  -0.122478
-0.000348918  0.000333557  -0.452943
-8.42758e-05  0.000332374  -1.25077
