-0.003971  0.00164852  2.10552
-0.00395437  0.00152716  2.26195
-0.00393626  0.00141046  2.43627
-0.00391579  0.00129759  2.6324
-0.0038903  0.00118935  2.85056
-0.00385702  0.00109125  3.07632
-0.00381433  0.0010079  3.28835
-0.00377161  0.000927943  3.52566
-0.00372825  0.000857189  3.76609
-0.00366867  0.000790877  4.00653
-0.00361276  0.000733822  4.24184
-0.00355127  0.000677742  4.50211
-0.00348496  0.000636487  4.68974
-0.00341226  0.000612049  4.75821
-0.00332999  0.000583132  4.85308
-0.00324492  0.000561861  4.88541
-0.00319223  0.000551597  4.88079
-0.00312975  0.000540318  4.86703
-0.0030747  0.000530847  4.85017
-0.00300956  0.000519976  4.82629
-0.00295168  0.000510589  4.80168
-0.00289121  0.000500948  4.77338
-0.0028221  0.00049132  4.72624
-0.00275625  0.00048109  4.68988
-0.00269292  0.00047205  4.64552
-0.00262205  0.000462641  4.58681
-0.00254833  0.000453437  4.51734
-0.00248417  0.000444649  4.46233
-0.00239328  0.000436022  4.34218
-0.00232561  0.00042698  4.27564
-0.00224681  0.000417798  4.18099
-0.00216742  0.000409286  4.07398
-0.00207981  0.000401046  3.93922
-0.00199626  0.000393483  3.8026
-0.00190253  0.000385521  3.63802
-0.00180791  0.00037783  3.46162
-0.00171036  0.000370337  3.26827
-0.00162616  0.000363866  3.095
-0.00152803  0.000357246  2.87766
-0.00141623  0.000350229  2.61608
-0.00130574  0.000343717  2.34421
-0.00120104  0.000338107  2.07342
-0.00108023  0.000332401  1.74559
-0.000961264  0.000327183  1.4098
-0.00083335  0.000322737  1.03288
-0.000700768  0.000318155  0.63104
-0.000565541  0.00031409  0.20867
-0.000429316  0.00031132  -0.227045
-0.000262435  0.000308606  -0.769799
-8.63931e-05  0.000307478  -1.34516
