-0.010865  0.0047755  2.17045
-0.0107788  0.00461447  2.22752
-0.010692  0.00445639  2.28705
-0.0106002  0.00429576  2.35121
-0.010508  0.00414432  2.41488
-0.0104127  0.0039891  2.48496
-0.0103141  0.00383677  2.5579
-0.0102123  0.00368791  2.63354
-0.010109  0.00354552  2.71018
-0.00999693  0.00339923  2.79385
-0.00989111  0.00326415  2.87704
-0.0097709  0.00311963  2.97179
-0.00966061  0.0029845  3.0694
-0.00953945  0.00285174  3.1698
-0.0094186  0.00271106  3.28971
-0.00929591  0.00258079  3.40822
-0.0091716  0.00245708  3.52922
-0.00904072  0.00232903  3.66707
-0.00890212  0.00220344  3.81318
-0.00875867  0.00208221  3.96631
-0.00861782  0.00196912  4.12256
-0.00846606  0.00185977  4.28335
-0.0083275  0.00175718  4.45459
-0.00816776  0.00165012  4.6468
-0.00799761  0.00155205  4.83078
-0.00782791  0.00145304  5.04317
-0.00765529  0.00136279  5.25046
-0.00746726  0.00128676  5.4146
-0.00727913  0.00120326  5.63398
-0.00709294  0.00113703  5.79838
-0.00689178  0.00107858  5.92612
-0.00661657  0.00101053  6.05283
-0.00643257  0.000965661  6.14354
-0.0061918  0.000912959  6.23446
-0.00593371  0.000861701  6.3058
-0.00570913  0.00082155  6.3406
-0.00558275  0.000804355  6.31904
-0.00544233  0.000784336  6.30128
-0.00530953  0.000767776  6.26423
-0.00514846  0.000750666  6.19244
-0.00500275  0.000736085  6.11717
-0.00481132  0.000721469  5.97575
-0.00462198  0.000707176  5.82879
-0.00441134  0.000693226  5.64223
-0.00421784  0.000681602  5.45456
-0.00396311  0.000670044  5.16849
-0.00372512  0.00066131  4.87687
-0.00341684  0.000654478  4.45674
-0.00317074  0.000647829  4.1226
-0.0027076  0.000644584  3.42485
