-0.010865  0.0047755  2.17045
-0.0107795  0.00461559  2.22712
-0.0106924  0.00445643  2.28713
-0.0106027  0.00429925  2.34986
-0.0105113  0.00414386  2.41594
-0.010416  0.00399075  2.48475
-0.0103175  0.00383895  2.55734
-0.0102163  0.00369117  2.63231
-0.0101121  0.00354617  2.71054
-0.0100034  0.00340377  2.79203
-0.00989347  0.00326154  2.88007
-0.00977999  0.00312114  2.97327
-0.00966577  0.00298582  3.06977
-0.00954568  0.00284916  3.17485
-0.00942672  0.00271689  3.28564
-0.00930258  0.00258501  3.40523
-0.00917565  0.00245662  3.53154
-0.00904348  0.00232946  3.66758
-0.00891135  0.00220882  3.80807
-0.00877015  0.00208717  3.96237
-0.00862901  0.00197319  4.11973
-0.00848066  0.0018619  4.28629
-0.0083233  0.0017513  4.46715
-0.00816875  0.00164928  4.64975
-0.00800601  0.00154919  4.84513
-0.00783546  0.00145446  5.04342
-0.00765926  0.00136344  5.25087
-0.00747212  0.00127784  5.45619
-0.00728195  0.00120293  5.63785
-0.00707876  0.00113182  5.81254
-0.0068652  0.00107012  5.9481
-0.00664536  0.0010123  6.07071
-0.00642053  0.000958773  6.17512
-0.00618677  0.000907479  6.26656
-0.00594968  0.000862315  6.31982
-0.00571088  0.00082022  6.35302
-0.00559114  0.000802362  6.34519
-0.00546222  0.000784575  6.32472
-0.00533738  0.000768834  6.29184
-0.00517961  0.00075113  6.2301
-0.0050238  0.000736067  6.1459
-0.00485542  0.000721499  6.03663
-0.00466893  0.000706288  5.90259
-0.00447321  0.000693889  5.72601
-0.00426347  0.000681962  5.51858
-0.00402166  0.000671206  5.24677
-0.00378691  0.000661436  4.96935
-0.00348734  0.0006524  4.579
-0.00319577  0.000646499  4.1698
-0.00281339  0.000643569  3.59463
