-0.003971  0.00164852  2.10552
-0.00395324  0.00152832  2.25951
-0.00393472  0.00141348  2.42997
-0.00390375  0.00129436  2.62969
-0.0038785  0.00119719  2.82203
-0.0038392  0.00110853  3.01229
-0.00380364  0.00102037  3.23768
-0.00375825  0.000935459  3.48305
-0.00371017  0.000857596  3.74322
-0.0036563  0.000796933  3.96057
-0.00360048  0.000736161  4.21169
-0.00353961  0.000677611  4.48578
-0.00347165  0.000637767  4.65946
-0.00339049  0.000606138  4.7687
-0.00330836  0.000577859  4.85993
-0.00322206  0.000557573  4.88198
-0.00315536  0.000547661  4.84855
-0.00310032  0.000536268  4.84892
-0.00305042  0.00052756  4.83437
-0.0029832  0.000516598  4.80683
-0.00292273  0.000507792  4.7711
-0.00286141  0.00049816  4.74026
-0.00280142  0.00048869  4.70936
-0.00272274  0.000478792  4.6424
-0.00266685  0.000469536  4.61489
-0.00259277  0.000459895  4.55054
-0.00252377  0.000452148  4.47591
-0.0024464  0.000442253  4.4011
-0.00237322  0.0004341  4.31519
-0.00229586  0.000425428  4.2213
-0.00221623  0.000416286  4.12271
-0.00213181  0.000407461  4.00483
-0.00206694  0.000399939  3.91795
-0.00196688  0.000392257  3.73958
-0.00187951  0.000384897  3.58409
-0.00179339  0.000376749  3.43302
-0.00169402  0.0003694  3.23232
-0.00159547  0.000363099  3.017
-0.0015005  0.000355841  2.81164
-0.00139204  0.000350053  2.5483
-0.00129139  0.000343003  2.30725
-0.00118043  0.000336925  2.01952
-0.00106156  0.000331416  1.69442
-0.000944452  0.000326902  1.35959
-0.00082148  0.000321493  0.99996
-0.00069053  0.000317252  0.600564
-0.000563387  0.000313929  0.201917
-0.000403739  0.000311254  -0.30927
-0.00025589  0.000308368  -0.791619
-8.18741e-05  0.000307182  -1.36117
