-0.003971  0.00164852  2.10552
-0.00395377  0.00152321  2.26743
-0.00393368  0.00140691  2.44057
-0.00391064  0.00128187  2.66067
-0.00388352  0.00118695  2.85061
-0.00384988  0.00108715  3.08135
-0.00380957  0.00100234  3.30185
-0.00376273  0.000929363  3.51071
-0.00371147  0.000839502  3.82544
-0.00365418  0.000775173  4.069
-0.00359665  0.000714282  4.33533
-0.00352985  0.000667623  4.53827
-0.00345778  0.000624033  4.73978
-0.00336984  0.000594761  4.8252
-0.00328291  0.000572645  4.85974
-0.0031909  0.000551864  4.87602
-0.00312409  0.000542313  4.8387
-0.0030726  0.000532052  4.83523
-0.0030106  0.000520663  4.82192
-0.00295518  0.000512736  4.78839
-0.00289161  0.000501853  4.76556
-0.0028401  0.000493933  4.73769
-0.00277096  0.00048442  4.68801
-0.00269559  0.000473791  4.63409
-0.00263815  0.000465881  4.58949
-0.00256526  0.00045659  4.52321
-0.00250235  0.000448373  4.46581
-0.00242695  0.000438922  4.39019
-0.0023428  0.000429251  4.29306
-0.00227465  0.000422322  4.20212
-0.00219032  0.000413646  4.0864
-0.00210962  0.000406874  3.95606
-0.00202815  0.000397835  3.84117
-0.00194395  0.000390807  3.69478
-0.00184756  0.000382191  3.52589
-0.00177034  0.000375791  3.38045
-0.00166924  0.000368413  3.17371
-0.00156955  0.000362539  2.95016
-0.00146553  0.000355092  2.71911
-0.0013607  0.000348951  2.46654
-0.00125895  0.000342074  2.21867
-0.00116117  0.00033701  1.96186
-0.0010249  0.000330463  1.58838
-0.000927737  0.000326396  1.31048
-0.000821286  0.000322079  0.997538
-0.000668272  0.000318214  0.528801
-0.00054384  0.000314241  0.139512
-0.000403866  0.000311668  -0.30845
-0.000210975  0.00030934  -0.934327
-3.94743e-05  0.000308273  -1.49389
