-0.010865  0.0047755  2.17045
-0.0107794  0.00461557  2.22712
-0.0106921  0.00445643  2.28706
-0.0106031  0.00429965  2.34974
-0.0105125  0.00414641  2.41474
-0.0104138  0.00398757  2.48618
-0.0103142  0.00383668  2.55799
-0.0102164  0.00369275  2.6312
-0.0101108  0.00354362  2.71215
-0.00999973  0.00339764  2.79598
-0.00988876  0.00325649  2.8831
-0.00977642  0.00311968  2.97352
-0.00966231  0.0029834  3.07109
-0.00954024  0.00284359  3.17916
-0.00941967  0.00271165  3.28939
-0.00930238  0.00258726  3.4022
-0.00916629  0.00245035  3.53675
-0.00903642  0.00232574  3.67042
-0.00890221  0.00220212  3.81551
-0.00876852  0.00208981  3.95659
-0.00860403  0.00195706  4.14092
-0.00846961  0.00185543  4.29529
-0.00831684  0.00174898  4.46936
-0.00814952  0.00164577  4.648
-0.00799651  0.00154866  4.84065
-0.00782456  0.00145206  5.04425
-0.00764135  0.00136248  5.24143
-0.00745841  0.00127962  5.43787
-0.00727184  0.00120257  5.63115
-0.00706998  0.00113377  5.79481
-0.00684451  0.00106908  5.93456
-0.00663663  0.00101248  6.061
-0.00639879  0.000955236  6.17521
-0.00618919  0.000909271  6.25687
-0.00593865  0.000860226  6.32234
-0.0056878  0.000817855  6.34317
-0.00556486  0.000800405  6.32787
-0.00543082  0.000782439  6.30186
-0.00530478  0.000766395  6.26932
-0.00514031  0.000749709  6.18947
-0.00501369  0.000736494  6.12862
-0.00480937  0.000721188  5.97537
-0.00467291  0.000707761  5.89592
-0.00449383  0.000695112  5.74559
-0.00422321  0.000680686  5.46979
-0.00402945  0.000671319  5.25748
-0.00377656  0.000661068  4.95646
-0.00347573  0.000653693  4.55218
-0.00316724  0.000647347  4.12027
-0.00281109  0.000643451  3.59171
