-0.010865  0.0047755  2.17045
-0.010779  0.0046155  2.22706
-0.0106916  0.00445474  2.28782
-0.0106016  0.00429933  2.34957
-0.0105088  0.00414288  2.41591
-0.0104143  0.00399177  2.48368
-0.0103158  0.00383978  2.55633
-0.0102145  0.0036922  2.6311
-0.0101111  0.00354432  2.7117
-0.0100042  0.00340472  2.79147
-0.00988893  0.00325726  2.88246
-0.00977761  0.00312025  2.97335
-0.00966434  0.00298826  3.06678
-0.00954421  0.00285069  3.17264
-0.00942639  0.00271846  3.28362
-0.00930217  0.00258797  3.40119
-0.00917555  0.00246088  3.52538
-0.0090433  0.0023338  3.66069
-0.0089098  0.00221052  3.80444
-0.00877063  0.00209149  3.95443
-0.00862863  0.00197556  4.1146
-0.00847929  0.00186275  4.28361
-0.00832516  0.00175592  4.45644
-0.00816906  0.0016518  4.64284
-0.00800049  0.0015501  4.83871
-0.00783582  0.00145636  5.03708
-0.0076583  0.00136475  5.24514
-0.00747554  0.00128182  5.44189
-0.00728063  0.00120363  5.63349
-0.00708482  0.00113544  5.79938
-0.00686234  0.00107339  5.92731
-0.00664205  0.00101593  6.04575
-0.00642267  0.000960211  6.16809
-0.00619762  0.000911484  6.25093
-0.00596014  0.0008643  6.31741
-0.00571663  0.000822504  6.34238
-0.00558599  0.000803739  6.32791
-0.00546386  0.000786762  6.30923
-0.0053256  0.000769114  6.27423
-0.0051672  0.000753271  6.19591
-0.00501143  0.000736814  6.12288
-0.00483082  0.000721312  6.00408
-0.00465038  0.00070744  5.86675
-0.0044597  0.00069415  5.70439
-0.00424798  0.000682102  5.49475
-0.00401317  0.000669663  5.24617
-0.00375782  0.000659866  4.9371
-0.00349386  0.00065203  4.5916
-0.00318023  0.000646208  4.14763
-0.0027921  0.000642905  3.56522
