-0.003971  0.00164852  2.10552
-0.0039552  0.00153288  2.25406
-0.00393251  0.00141479  2.42617
-0.00391016  0.0013043  2.61455
-0.00388606  0.00119484  2.83391
-0.0038531  0.00109867  3.05197
-0.00380875  0.00101378  3.26378
-0.00376632  0.000940315  3.47365
-0.00371333  0.000866264  3.70941
-0.00366258  0.000800417  3.95117
-0.00360564  0.000733497  4.23402
-0.00354489  0.000688772  4.42075
-0.00348033  0.000642286  4.64018
-0.00340223  0.00060566  4.79184
-0.00332575  0.000583787  4.84038
-0.00323346  0.000560944  4.87297
-0.00317298  0.000550403  4.8564
-0.00311848  0.000541003  4.84004
-0.00305546  0.000529941  4.82217
-0.00299819  0.000521667  4.78887
-0.00293716  0.000511247  4.76708
-0.00287518  0.000501507  4.73608
-0.00281251  0.000491007  4.70974
-0.00274137  0.000481879  4.65131
-0.00267169  0.00047237  4.59743
-0.00260283  0.0004639  4.53294
-0.00252781  0.000454052  4.46603
-0.00245879  0.000444754  4.40421
-0.00237801  0.000436351  4.30391
-0.00230537  0.000427625  4.22185
-0.00222872  0.000418222  4.13349
-0.00213701  0.000410531  3.98755
-0.00205725  0.000401475  3.87882
-0.00198299  0.00039384  3.76547
-0.00189027  0.000385806  3.60356
-0.00180356  0.000378265  3.44614
-0.00169892  0.000370039  3.23999
-0.00160008  0.00036314  3.02936
-0.00150908  0.000356362  2.83163
-0.00140014  0.000350317  2.56951
-0.00129753  0.000343788  2.31982
-0.00118484  0.000337954  2.02643
-0.00107062  0.000332231  1.71753
-0.000955725  0.000327042  1.39347
-0.000830049  0.000322546  1.02326
-0.000700933  0.000317753  0.632356
-0.000562797  0.000313728  0.200164
-0.000422407  0.00031081  -0.249648
-0.000259827  0.000308566  -0.77835
-8.49399e-05  0.000306864  -1.35259
