-0.003971  0.00164852  2.10552
-0.00395418  0.00152581  2.26383
-0.00393305  0.00141422  2.42752
-0.00390863  0.00131474  2.59263
-0.00388362  0.00118917  2.84537
-0.0038546  0.00108785  3.08371
-0.00381712  0.00102797  3.22688
-0.00376189  0.000960068  3.39756
-0.00372924  0.000885704  3.64596
-0.00367304  0.000820915  3.86525
-0.00361519  0.000742512  4.19547
-0.0035571  0.000708729  4.3135
-0.00350523  0.000662535  4.53595
-0.00342402  0.000626896  4.66429
-0.00334803  0.00059365  4.7975
-0.00326492  0.000570567  4.84591
-0.00320767  0.000560954  4.8269
-0.00313816  0.000547518  4.81839
-0.00308359  0.000536595  4.81479
-0.0030185  0.000527224  4.77692
-0.00296536  0.000518066  4.75878
-0.00290653  0.000508356  4.73395
-0.00284373  0.00049848  4.70174
-0.00277945  0.000488694  4.66437
-0.00268489  0.000477747  4.57332
-0.00262875  0.000469754  4.53164
-0.00255368  0.00045906  4.47365
-0.00248501  0.000449584  4.41521
-0.00240261  0.000438781  4.33611
-0.00231604  0.000431762  4.20612
-0.00223824  0.000421534  4.1236
-0.00214937  0.000415495  3.96964
-0.00208491  0.000406865  3.89543
-0.00199285  0.000398072  3.7502
-0.00191641  0.000390128  3.63063
-0.0018022  0.000381804  3.41066
-0.00171168  0.000375101  3.23029
-0.00160675  0.000367528  3.01134
-0.00150682  0.0003597  2.79906
-0.00140889  0.000353583  2.57052
-0.00131345  0.000347191  2.34294
-0.00120025  0.00034105  2.05322
-0.00107101  0.000335193  1.70352
-0.000942604  0.000329726  1.34234
-0.000821053  0.000324753  0.988606
-0.000707537  0.00031995  0.648655
-0.00055263  0.000316308  0.166387
-0.000416835  0.000313679  -0.265128
-0.000235807  0.000310554  -0.850717
-6.86249e-05  0.000309443  -1.39404
