-0.010865  0.0047755  2.17045
-0.0107807  0.00461813  2.22615
-0.010696  0.00446565  2.2832
-0.0106088  0.00430984  2.34552
-0.0105184  0.00415742  2.40976
-0.0104284  0.00401034  2.47569
-0.0103331  0.00386262  2.54572
-0.0102379  0.00372166  2.61655
-0.0101323  0.00357819  2.69194
-0.0100276  0.00343581  2.77302
-0.00992151  0.00330435  2.85124
-0.00981046  0.00316582  2.94094
-0.00969924  0.00302865  3.03741
-0.00958876  0.00289829  3.1359
-0.00947003  0.00276903  3.23941
-0.00935069  0.00263818  3.35484
-0.00922795  0.00251242  3.47393
-0.00910138  0.0023905  3.59814
-0.00897106  0.00226705  3.7366
-0.0088401  0.00215028  3.87861
-0.00869916  0.00203325  4.03254
-0.00856301  0.00192466  4.18931
-0.00841542  0.00181719  4.35587
-0.0082654  0.00171439  4.52954
-0.00810938  0.00161449  4.71318
-0.00794288  0.00151892  4.90012
-0.00777723  0.00142483  5.10742
-0.00760459  0.00134252  5.292
-0.00741922  0.00126045  5.48949
-0.00723413  0.00118828  5.66712
-0.00704133  0.00112213  5.82938
-0.00682797  0.00106124  5.96279
-0.00660511  0.00100323  6.08543
-0.00639065  0.000953013  6.18108
-0.00616366  0.000904016  6.265
-0.00593153  0.000858919  6.32368
-0.00569985  0.000820019  6.34113
-0.0055679  0.000800538  6.33062
-0.00543127  0.000782069  6.30542
-0.00527332  0.000763296  6.25357
-0.00510827  0.000745138  6.18446
-0.0049291  0.000730095  6.06648
-0.0047533  0.000714982  5.94882
-0.00452377  0.000700071  5.74766
-0.00432315  0.000686851  5.5662
-0.00407423  0.00067505  5.29476
-0.00378695  0.000663349  4.95508
-0.00353258  0.000654258  4.63513
-0.00319653  0.000646486  4.17106
-0.00280097  0.000642953  3.57875
