-0.00397098  0.00164852  2.10552
-0.00395409  0.00153731  2.24684
-0.00393343  0.00142513  2.40921
-0.00391051  0.00132034  2.58304
-0.00388375  0.00122128  2.77066
-0.00385471  0.00113126  2.96545
-0.00381561  0.00104961  3.1589
-0.00377581  0.000968989  3.38065
-0.00373175  0.000893953  3.61513
-0.00368177  0.00082715  3.84667
-0.00363147  0.000759508  4.12303
-0.00357648  0.000708569  4.34182
-0.00351191  0.000662686  4.545
-0.00343479  0.000624465  4.69969
-0.00337154  0.00060223  4.76817
-0.00327811  0.000580906  4.78238
-0.00319427  0.000556831  4.83858
-0.00313239  0.000544711  4.83264
-0.00307578  0.000536369  4.80225
-0.00301449  0.00052524  4.78733
-0.00295014  0.000515587  4.75215
-0.0028864  0.000504867  4.72678
-0.00282677  0.000496291  4.68832
-0.0027673  0.000486516  4.66029
-0.00268884  0.000476645  4.59217
-0.00263031  0.000467116  4.56056
-0.00255563  0.000457847  4.48977
-0.00247725  0.000448528  4.40831
-0.00240582  0.000439516  4.33618
-0.00233174  0.000431121  4.24879
-0.00225756  0.000421977  4.16505
-0.00216829  0.000413435  4.0352
-0.00210429  0.000405427  3.95705
-0.00200218  0.000396629  3.78738
-0.00191543  0.00038851  3.64323
-0.00183007  0.000380849  3.49237
-0.0017425  0.00037381  3.32389
-0.00162977  0.000365887  3.08775
-0.00153142  0.00035963  2.868
-0.00143102  0.000352174  2.64364
-0.0013261  0.000345843  2.38865
-0.00120519  0.000340316  2.07217
-0.00109002  0.000334707  1.7628
-0.000986372  0.00032895  1.47856
-0.00084263  0.00032383  1.05805
-0.000720443  0.000320262  0.688323
-0.000578215  0.000315924  0.247574
-0.000425578  0.000313183  -0.237629
-0.000274562  0.00031098  -0.724928
-6.75441e-05  0.000310101  -1.39456
