-0.003971  0.00164852  2.10552
-0.00395386  0.00152592  2.26347
-0.00393545  0.00140549  2.44431
-0.00391418  0.00128956  2.64754
-0.0038872  0.00118509  2.85817
-0.00385245  0.00108359  3.09384
-0.00380574  0.00100276  3.29664
-0.00376435  0.000920813  3.54508
-0.00371573  0.000845608  3.80286
-0.00365992  0.00077388  4.08321
-0.0035937  0.000722281  4.28323
-0.00353201  0.000668476  4.5357
-0.00345156  0.000628771  4.69418
-0.00338246  0.00060183  4.78949
-0.00328395  0.000575569  4.83686
-0.00319136  0.000553796  4.85984
-0.00313339  0.000543746  4.84306
-0.00307512  0.000534437  4.81837
-0.00301791  0.00052464  4.7993
-0.00295896  0.000514367  4.78056
-0.00289718  0.000504634  4.75034
-0.00282735  0.000494421  4.70722
-0.00276613  0.000484941  4.67301
-0.00269472  0.000475669  4.61397
-0.00264115  0.000467325  4.58172
-0.00256786  0.000457372  4.52118
-0.00250454  0.000448978  4.46467
-0.00243611  0.000440688  4.39337
-0.00235294  0.000430993  4.29923
-0.00228089  0.000422556  4.21456
-0.00221611  0.000415594  4.12929
-0.00212376  0.000406126  3.99816
-0.00203326  0.000398692  3.84573
-0.00194442  0.000390207  3.70168
-0.00186914  0.000382738  3.57723
-0.0017704  0.000374541  3.39188
-0.00170839  0.000369433  3.27094
-0.00159074  0.000361797  3.01477
-0.00147844  0.000354022  2.76379
-0.00137568  0.000348466  2.51296
-0.00126257  0.000344323  2.2147
-0.00116323  0.000337473  1.96529
-0.00104456  0.000331628  1.64208
-0.000928719  0.000326902  1.31146
-0.000828866  0.00032205  1.02116
-0.000668257  0.000318056  0.529017
-0.00053828  0.000314408  0.121753
-0.000425965  0.000312616  -0.236825
-0.000303716  0.000309964  -0.633248
-9.51697e-05  0.000308056  -1.31414
