-0.010865  0.0047755  2.17045
-0.0107782  0.0046154  2.22693
-0.0106927  0.00445714  2.28683
-0.0106023  0.00429854  2.35017
-0.0105118  0.00414596  2.41483
-0.0104156  0.00399228  2.48369
-0.0103175  0.00383967  2.55685
-0.0102162  0.00369077  2.63257
-0.0101123  0.00354591  2.71081
-0.010007  0.00340784  2.78973
-0.00989407  0.00326539  2.87686
-0.00977863  0.00312079  2.97317
-0.00966397  0.00299255  3.06227
-0.00954665  0.00285222  3.17179
-0.00942861  0.00272512  3.27641
-0.00928754  0.00257707  3.4099
-0.00919  0.00247472  3.51151
-0.00905569  0.00234624  3.64656
-0.00891107  0.00221216  3.8022
-0.00877063  0.00209305  3.95148
-0.00863414  0.00199084  4.08578
-0.00848589  0.0018702  4.27006
-0.00829056  0.00173041  4.50216
-0.00817398  0.00166923  4.59733
-0.0080129  0.00155807  4.82194
-0.00783045  0.00146382  5.00775
-0.00768888  0.00138352  5.19607
-0.00749603  0.00129904  5.38555
-0.00730903  0.00121756  5.59234
-0.00709052  0.00113728  5.79498
-0.00688765  0.00109262  5.84618
-0.00667371  0.00102189  6.04144
-0.00643769  0.000963585  6.16208
-0.00621144  0.000916724  6.23028
-0.00600555  0.000874512  6.29557
-0.00574863  0.000826075  6.35369
-0.00558063  0.000801188  6.34138
-0.00550298  0.000790507  6.32882
-0.00535773  0.000773563  6.27968
-0.00515443  0.000756032  6.15639
-0.00500755  0.000737391  6.11284
-0.00484746  0.000723941  6.00527
-0.00471874  0.00071221  5.92345
-0.00447707  0.00070036  5.6786
-0.00421367  0.000682444  5.44172
-0.00402464  0.000673569  5.23278
-0.00376978  0.0006614  4.94372
-0.00347245  0.000652742  4.5538
-0.00316685  0.000646477  4.1252
-0.00279168  0.000643277  3.56251
