-0.010865  0.0047755  2.17045
-0.010776  0.00461124  2.22846
-0.0106902  0.00445741  2.28613
-0.0106002  0.00430047  2.34862
-0.0105061  0.00414262  2.41539
-0.0104114  0.00399122  2.4833
-0.0103138  0.00383861  2.5566
-0.0102089  0.00368907  2.6318
-0.0101066  0.00354286  2.71153
-0.00999702  0.00340059  2.79276
-0.00988412  0.00325802  2.88031
-0.00976268  0.00312291  2.96604
-0.00965465  0.00298503  3.06685
-0.00953732  0.00284411  3.17756
-0.00941618  0.00271463  3.28449
-0.00929586  0.00258407  3.40387
-0.00916477  0.00245403  3.53083
-0.00903692  0.00232678  3.66898
-0.00889754  0.00220318  3.81155
-0.0087604  0.00208389  3.96393
-0.00861394  0.00196532  4.12857
-0.0084676  0.00185764  4.2891
-0.00831324  0.00174614  4.47459
-0.00815888  0.00164477  4.6565
-0.00798896  0.00154184  4.85716
-0.00781611  0.0014462  5.05884
-0.00763639  0.00135739  5.25744
-0.00746472  0.00127646  5.45626
-0.0072497  0.00119225  5.66131
-0.0070487  0.0011265  5.81332
-0.0068336  0.00106897  5.92498
-0.00662855  0.00100862  6.0762
-0.00639116  0.000951008  6.19465
-0.00616533  0.000902723  6.27582
-0.00592635  0.000858102  6.32367
-0.00568084  0.000816135  6.34802
-0.00556152  0.000798764  6.33669
-0.00543879  0.000781652  6.31839
-0.00530575  0.000766098  6.27302
-0.0051567  0.000749471  6.21332
-0.00499038  0.000734898  6.11021
-0.00483994  0.000720441  6.02401
-0.00467278  0.000707033  5.90182
-0.00444441  0.000694469  5.67975
-0.00424795  0.000683453  5.48384
-0.00403128  0.00067271  5.24934
-0.00379838  0.000662035  4.98218
-0.00354274  0.000654383  4.64978
-0.00323116  0.000648418  4.21204
-0.00289054  0.000644648  3.70829
