-0.003971  0.00164852  2.10552
-0.00396146  0.00157726  2.1946
-0.00394985  0.0014965  2.30528
-0.00393884  0.00142598  2.41156
-0.00392919  0.00136907  2.50475
-0.00391716  0.0013045  2.61953
-0.00390365  0.00124038  2.74405
-0.00388709  0.00117399  2.88511
-0.00387036  0.00112054  3.00779
-0.00384861  0.00106997  3.12963
-0.00382546  0.00102149  3.2555
-0.00380227  0.000975285  3.38595
-0.00377686  0.000928604  3.5288
-0.00375101  0.000885587  3.67102
-0.00372346  0.000844275  3.81803
-0.00369377  0.000806915  3.958
-0.00366462  0.000770928  4.10494
-0.00362986  0.000740463  4.22689
-0.00359919  0.000707794  4.37866
-0.00356219  0.000682198  4.48872
-0.00352736  0.000663845  4.56034
-0.00348515  0.000642006  4.64972
-0.00344371  0.000622478  4.72902
-0.00339746  0.000612552  4.73014
-0.00335251  0.00060083  4.74761
-0.00325439  0.000587026  4.69212
-0.00318208  0.000570986  4.69728
-0.00308679  0.000558083  4.63513
-0.00302118  0.000541972  4.65186
-0.00291591  0.000528256  4.57337
-0.00285351  0.000512468  4.59251
-0.00276522  0.000498776  4.54155
-0.00265986  0.000485246  4.45105
-0.00256234  0.000472589  4.36392
-0.00243903  0.000461021  4.20594
-0.00234039  0.000447904  4.10891
-0.00222963  0.000435523  3.97138
-0.00210658  0.000424428  3.78527
-0.00199762  0.000412944  3.6267
-0.00185944  0.000401715  3.3841
-0.00171444  0.000391712  3.10034
-0.00157753  0.00038167  2.8232
-0.00141412  0.000373426  2.44792
-0.00126578  0.000364501  2.1009
-0.00110337  0.000356293  1.69347
-0.000950853  0.000349817  1.28882
-0.000742622  0.000343111  0.707125
-0.000555118  0.000336944  0.163581
-0.000347465  0.00033354  -0.457321
-8.87436e-05  0.000332425  -1.23714
