-0.003971  0.00164852  2.10552
-0.0039539  0.00152954  2.25812
-0.00393589  0.00142417  2.41255
-0.00391623  0.00131119  2.60544
-0.00389114  0.00121172  2.79861
-0.00386255  0.00111641  3.01194
-0.00382414  0.00103519  3.21113
-0.00378371  0.000953914  3.44235
-0.00373387  0.000873466  3.70234
-0.00368792  0.000809818  3.93658
-0.00363266  0.000761703  4.11271
-0.00357562  0.000708254  4.34254
-0.00351068  0.000663746  4.53589
-0.00344196  0.000622011  4.72976
-0.00336918  0.000595772  4.8159
-0.00328258  0.000573388  4.85288
-0.00319719  0.000555297  4.85721
-0.00312763  0.00054384  4.83163
-0.00307272  0.000533473  4.82258
-0.00301258  0.000523189  4.80244
-0.00294969  0.000513574  4.76989
-0.00288791  0.000503156  4.74587
-0.00282156  0.000492873  4.71027
-0.00276172  0.000484003  4.67295
-0.00269457  0.000474046  4.62945
-0.00262285  0.000463846  4.57664
-0.00255199  0.000455141  4.50846
-0.0024827  0.000446052  4.44499
-0.00240188  0.000436103  4.36109
-0.00233247  0.000427899  4.28248
-0.00224961  0.00041912  4.1745
-0.00216935  0.000410479  4.06683
-0.00209032  0.000402858  3.9476
-0.00200007  0.000395001  3.79764
-0.00190727  0.0003875  3.63168
-0.00181784  0.000378967  3.47745
-0.00173116  0.000371694  3.3123
-0.00163103  0.000365176  3.09723
-0.00152235  0.000357334  2.86106
-0.00142114  0.000351946  2.61728
-0.00131208  0.000345316  2.35168
-0.00118894  0.000339144  2.0314
-0.00108071  0.000332797  1.74492
-0.000955559  0.000328248  1.38785
-0.000819573  0.000322973  0.989471
-0.000702577  0.000318367  0.636299
-0.000565368  0.00031422  0.208031
-0.000437564  0.000311881  -0.200192
-0.000270645  0.000309008  -0.74223
-8.25268e-05  0.000307342  -1.35833
