-0.003971  0.00164852  2.10552
-0.00395324  0.00152832  2.25951
-0.00393472  0.00141348  2.42997
-0.00391391  0.00132084  2.58466
-0.00388793  0.00122164  2.77326
-0.00385817  0.00112861  2.9755
-0.00382183  0.00105205  3.15749
-0.00377828  0.000968214  3.38591
-0.00373861  0.000905448  3.5768
-0.0036911  0.000830469  3.84253
-0.00364012  0.000769547  4.08047
-0.00358393  0.000710522  4.34037
-0.00352451  0.000661684  4.57093
-0.00345524  0.000627236  4.71153
-0.0033834  0.000600274  4.80347
-0.00330866  0.000576831  4.86913
-0.00322206  0.000557573  4.88198
-0.00316522  0.000546309  4.87859
-0.00310529  0.000536206  4.85875
-0.00303586  0.000525604  4.82466
-0.00298222  0.000515893  4.81151
-0.00291803  0.000505311  4.78523
-0.00284827  0.000495421  4.73995
-0.00277998  0.000485903  4.69225
-0.00271441  0.000476691  4.64537
-0.00264482  0.000466491  4.59778
-0.00256641  0.000457782  4.51397
-0.00248501  0.000446813  4.44261
-0.00241819  0.000439186  4.3676
-0.00235003  0.0004306  4.29639
-0.00226448  0.000420744  4.19371
-0.00218756  0.000413335  4.08279
-0.00209682  0.000403912  3.95338
-0.0020017  0.000394817  3.80352
-0.00193408  0.000389092  3.68572
-0.00181593  0.000378735  3.47453
-0.00173381  0.000372219  3.31473
-0.00163424  0.000366023  3.09883
-0.00152939  0.00035752  2.87925
-0.00142006  0.000352695  2.60865
-0.00130856  0.00034524  2.34203
-0.00121274  0.000340247  2.09477
-0.00110934  0.000333429  1.8275
-0.000995997  0.00032821  1.51122
-0.000881692  0.000324255  1.17713
-0.000671673  0.000320357  0.53588
-0.000551657  0.000314324  0.164343
-0.000434189  0.000311778  -0.211082
-0.00033593  0.000309845  -0.529522
-8.16968e-05  0.000307219  -1.36158
