-0.010865  0.0047755  2.17045
-0.0107824  0.0046204  2.22543
-0.0106973  0.00446534  2.28366
-0.0106104  0.00431305  2.34414
-0.0105204  0.00416163  2.4078
-0.0104291  0.0040134  2.47399
-0.0103365  0.00386948  2.54207
-0.0102367  0.00372339  2.61502
-0.0101367  0.00358578  2.68748
-0.0100323  0.00344406  2.76775
-0.0099232  0.00330442  2.8517
-0.00981551  0.00317511  2.93391
-0.00970472  0.00304258  3.0253
-0.00959955  0.00291571  3.12087
-0.00947631  0.00277957  3.22939
-0.00935746  0.00265328  3.33831
-0.00923981  0.00252852  3.45649
-0.00911216  0.00240785  3.5767
-0.0089847  0.0022818  3.71841
-0.00885651  0.00216889  3.8529
-0.0087155  0.0020547  3.9984
-0.00856972  0.00193543  4.16947
-0.00843508  0.00183849  4.31608
-0.0082994  0.00174213  4.47694
-0.00812705  0.00162903  4.68196
-0.00796367  0.00154178  4.84095
-0.00781851  0.00145336  5.03557
-0.00763337  0.00136262  5.23504
-0.00746682  0.0012828  5.43094
-0.00727212  0.00120594  5.61562
-0.00709614  0.00114218  5.77505
-0.00687689  0.00108267  5.88999
-0.00666284  0.00102757  5.9975
-0.00645281  0.000977411  6.09038
-0.00622412  0.000926733  6.17667
-0.00599941  0.000877453  6.26747
-0.0057755  0.000832612  6.33608
-0.00565377  0.00081345  6.3357
-0.00549163  0.000791993  6.30262
-0.00534237  0.000772428  6.26903
-0.00517038  0.000753998  6.19415
-0.0050011  0.00073596  6.11596
-0.00484412  0.000722011  6.0167
-0.00458825  0.000702635  5.81845
-0.00435539  0.000690045  5.58716
-0.00410399  0.000678848  5.30898
-0.00382228  0.000665728  4.99045
-0.00354037  0.000655151  4.64071
-0.00317707  0.000648625  4.1273
-0.00279641  0.000645337  3.55846
