-0.00353005  0.000870431  3.48109
-0.00308679  0.000536554  4.82112
-0.00304797  0.000528732  4.81902
-0.0030126  0.000522899  4.80513
-0.00297069  0.00051577  4.7903
-0.00292945  0.000509394  4.76929
-0.00288559  0.000501811  4.75396
-0.00284254  0.000495885  4.72396
-0.00280196  0.000488784  4.70956
-0.00275486  0.000482211  4.6761
-0.00271306  0.000476088  4.64842
-0.0026728  0.000469828  4.62467
-0.00262554  0.000463748  4.5834
-0.00257665  0.000456878  4.5453
-0.00252913  0.000450907  4.50011
-0.00248381  0.000445833  4.44968
-0.00243081  0.000439741  4.39077
-0.00238814  0.000433811  4.35244
-0.00232953  0.000426965  4.28496
-0.00227379  0.000420374  4.21956
-0.00222168  0.000415297  4.14565
-0.00217087  0.00041039  4.07141
-0.00211297  0.000403966  3.99283
-0.00205536  0.000398466  3.90336
-0.00199649  0.000393616  3.80191
-0.00194326  0.000388108  3.7187
-0.00188558  0.000383975  3.60851
-0.0018237  0.000378302  3.49906
-0.00176249  0.000373917  3.37639
-0.00170806  0.000369608  3.2685
-0.00163097  0.00036345  3.11176
-0.00156464  0.000359184  2.96406
-0.00148803  0.000354405  2.78784
-0.00143363  0.000351031  2.65969
-0.00135582  0.000346601  2.46919
-0.00129059  0.000342812  2.3062
-0.00119956  0.000339274  2.06192
-0.0011217  0.000335069  1.85545
-0.00105476  0.000330759  1.67724
-0.000958465  0.000326756  1.40308
-0.000903691  0.00032447  1.24415
-0.000785758  0.000320892  0.890511
-0.000738077  0.000318836  0.746707
-0.000641545  0.000316218  0.447619
-0.000520897  0.000313176  0.0667272
-0.000449636  0.000311454  -0.161707
-0.000341665  0.000309649  -0.511336
-0.000216572  0.000308125  -0.919849
-9.73484e-05  0.000307052  -1.31134
-9.73484e-05  0.000307052  -1.31134
