-0.003971  0.00164852  2.10552
-0.00395341  0.00152053  2.27118
-0.00393268  0.00141171  2.43157
-0.00391244  0.00129768  2.62964
-0.00388848  0.00119801  2.82841
-0.00385195  0.00109543  3.05994
-0.00381787  0.00102307  3.24305
-0.00376939  0.0009371  3.48884
-0.00372423  0.000867592  3.71629
-0.00367253  0.000796661  3.98228
-0.00361428  0.000735591  4.23371
-0.003555  0.000690796  4.42244
-0.00348625  0.000646033  4.62244
-0.00340709  0.000609423  4.77024
-0.00333072  0.000582916  4.85613
-0.00324477  0.000562777  4.87719
-0.00317669  0.000553134  4.83914
-0.00312768  0.000540593  4.86074
-0.00307237  0.000531518  4.83968
-0.00301075  0.000520829  4.82068
-0.00294676  0.000510178  4.79591
-0.00289402  0.000501544  4.77329
-0.00281856  0.000490492  4.72701
-0.00275483  0.000481792  4.68008
-0.00267886  0.000470813  4.62787
-0.00261796  0.000462433  4.58003
-0.00253284  0.000451146  4.50594
-0.00247433  0.000444071  4.44598
-0.00239786  0.00043536  4.35929
-0.00231854  0.000426669  4.26217
-0.00223749  0.000418349  4.15322
-0.00215434  0.00040911  4.04375
-0.00206963  0.000401794  3.90656
-0.00197898  0.000394205  3.75181
-0.00188849  0.000385869  3.59834
-0.00177675  0.000377226  3.38457
-0.00171056  0.000371362  3.2598
-0.00160564  0.000363859  3.03864
-0.00150801  0.000357557  2.81916
-0.00139722  0.000350896  2.55694
-0.00126762  0.000343045  2.23767
-0.00117759  0.000338557  2.00141
-0.00107029  0.000331925  1.71814
-0.00093883  0.000327226  1.34106
-0.000813186  0.000322362  0.971533
-0.0006803  0.000317723  0.567476
-0.000559335  0.000313501  0.189266
-0.000401867  0.000310691  -0.315853
-0.000276808  0.000308555  -0.723348
4.14409e-07  0.000307886  -1.62532
