-0.003971  0.00164852  2.10552
-0.00395501  0.00153344  2.25311
-0.00393741  0.00141843  2.42339
-0.00391821  0.00131005  2.60922
-0.00389467  0.00120686  2.81281
-0.00386302  0.00111224  3.02364
-0.00382301  0.00102387  3.24554
-0.0037816  0.000946747  3.46618
-0.00373786  0.000875644  3.6977
-0.0036898  0.000805138  3.96181
-0.00363956  0.000748467  4.19465
-0.00357754  0.000692598  4.44348
-0.00351575  0.000655349  4.60175
-0.00344312  0.000619363  4.75185
-0.0033614  0.000596133  4.79994
-0.00327922  0.000572639  4.85336
-0.00319259  0.00055202  4.8777
-0.0031328  0.000541322  4.86365
-0.0030756  0.000530849  4.85184
-0.00301126  0.000520571  4.82406
-0.00295116  0.000511243  4.79451
-0.0028874  0.00050143  4.76118
-0.00283227  0.000492024  4.74016
-0.00276356  0.000482998  4.68648
-0.00268913  0.000471929  4.63869
-0.00261895  0.000464011  4.5666
-0.00255676  0.000454383  4.52649
-0.00248732  0.000445101  4.46486
-0.00241495  0.000436389  4.38817
-0.00233294  0.000427201  4.29058
-0.00225854  0.000418573  4.20127
-0.00217448  0.000409755  4.08653
-0.00210299  0.000402427  3.98332
-0.00201959  0.000394287  3.85401
-0.00191578  0.000385772  3.66999
-0.00182987  0.000378788  3.51086
-0.00174307  0.000371352  3.34741
-0.00164309  0.000364356  3.13728
-0.00154242  0.000357393  2.91673
-0.0014416  0.000351179  2.68126
-0.00132499  0.000344267  2.39636
-0.00121607  0.00033865  2.1145
-0.00110444  0.000333224  1.81391
-0.000979909  0.000327481  1.46546
-0.000877005  0.000323231  1.16637
-0.000726528  0.000318301  0.71168
-0.000597006  0.000314176  0.308764
-0.000451878  0.000310599  -0.154934
-0.000294484  0.00030793  -0.667409
-0.000125579  0.000306759  -1.22057
