-0.003971  0.00164852  2.10552
-0.00395388  0.00152375  2.26669
-0.00393454  0.00141003  2.4358
-0.00391619  0.00131423  2.59938
-0.0038918  0.00121349  2.79507
-0.00385218  0.00112309  2.98478
-0.00381848  0.00103445  3.20796
-0.00377329  0.000964449  3.39395
-0.00372681  0.000877126  3.67884
-0.00366991  0.000822107  3.85584
-0.00362669  0.000768321  4.06951
-0.00355565  0.000708278  4.3142
-0.00348568  0.000666574  4.47914
-0.00341108  0.000622761  4.67448
-0.00333464  0.000597019  4.74799
-0.00326365  0.00057465  4.80928
-0.00316664  0.0005516  4.83437
-0.00310437  0.000540305  4.82018
-0.00305746  0.000530579  4.82014
-0.00299404  0.000521792  4.77976
-0.00292518  0.000510574  4.7499
-0.00287557  0.000502047  4.73176
-0.00280711  0.000493086  4.67892
-0.00273931  0.000483684  4.62971
-0.00267293  0.000473652  4.58761
-0.00261325  0.000464893  4.54568
-0.00254356  0.000456464  4.47693
-0.00247875  0.000447721  4.41961
-0.00241246  0.000438187  4.36447
-0.00232512  0.000431179  4.23286
-0.00224802  0.000422431  4.138
-0.0021661  0.00041282  4.03591
-0.00210157  0.000406236  3.94246
-0.00201265  0.000397759  3.80293
-0.0019279  0.000390428  3.65726
-0.00183629  0.000383421  3.48517
-0.00174876  0.00037601  3.32108
-0.00164796  0.000367966  3.11974
-0.00155634  0.00036242  2.9147
-0.00145149  0.000356333  2.67022
-0.00134576  0.000348198  2.42895
-0.00125822  0.000343615  2.2066
-0.0011425  0.000338018  1.90079
-0.00102083  0.000332675  1.56558
-0.00095045  0.000328214  1.37243
-0.000785032  0.000322431  0.88401
-0.00066754  0.000319494  0.52439
-0.000533637  0.00031604  0.106431
-0.000371945  0.000313421  -0.408571
-0.000202106  0.000312216  -0.954131
