-0.010865  0.0047755  2.17045
-0.01078  0.00461498  2.22752
-0.0106925  0.0044557  2.28751
-0.0106033  0.00429925  2.35001
-0.0105114  0.00414555  2.41497
-0.0104168  0.00399244  2.48389
-0.0103205  0.00384295  2.55546
-0.0102198  0.0036936  2.63152
-0.0101128  0.00354456  2.71199
-0.0100091  0.00340754  2.7906
-0.0098985  0.00326699  2.8768
-0.00978144  0.00312783  2.96737
-0.00966864  0.00299132  3.06508
-0.00955317  0.00285571  3.1702
-0.00943311  0.0027229  3.28074
-0.0093074  0.0025912  3.39897
-0.00918174  0.00246446  3.52277
-0.00904182  0.00233639  3.65599
-0.00891694  0.00221506  3.79987
-0.00877585  0.00209957  3.94168
-0.00863619  0.00198288  4.10321
-0.00848651  0.0018684  4.27451
-0.00834136  0.00176381  4.44569
-0.00817757  0.00165926  4.62711
-0.00801615  0.00155849  4.82272
-0.00784613  0.00146205  5.02454
-0.00767192  0.00137088  5.23161
-0.00748851  0.0012856  5.43597
-0.00729587  0.00121368  5.5994
-0.00709327  0.00113867  5.79033
-0.00689133  0.00108002  5.91782
-0.00666335  0.00101996  6.04276
-0.00645985  0.000969384  6.14808
-0.00622667  0.000919679  6.22681
-0.00598563  0.000869909  6.30598
-0.00574537  0.000826887  6.34351
-0.00561455  0.000807431  6.33435
-0.005493  0.000790447  6.31668
-0.00535574  0.000773247  6.27968
-0.00520711  0.000756509  6.22215
-0.00504986  0.000740566  6.14377
-0.00490149  0.000725704  6.06513
-0.00469829  0.000711103  5.9039
-0.00448644  0.000696531  5.72328
-0.00428685  0.000685724  5.52241
-0.00403989  0.000673649  5.25481
-0.00381732  0.000664182  4.99459
-0.00357054  0.000656764  4.67526
-0.0032263  0.000648667  4.20292
-0.00284093  0.000645159  3.62845
