-0.003971  0.00164852  2.10552
-0.00395208  0.00151149  2.28389
-0.00393167  0.00138322  2.48092
-0.00388518  0.00117349  2.88472
-0.00387764  0.00114795  2.94233
-0.0038253  0.00106459  3.12356
-0.0037942  0.000966735  3.40755
-0.0037325  0.000879338  3.67606
-0.00368348  0.000804199  3.95857
-0.00362184  0.000735187  4.24632
-0.00355916  0.000678148  4.51104
-0.00348497  0.000637938  4.67909
-0.00340223  0.000618334  4.69362
-0.00317603  0.000555511  4.81724
-0.00308497  0.000548933  4.70908
-0.0029623  0.000536036  4.59353
-0.0029466  0.000523981  4.66926
-0.0029466  0.000523981  4.66926
-0.00287979  0.000510668  4.66015
-0.00283311  0.00050724  4.59962
-0.00283311  0.00050724  4.59962
-0.00257896  0.000469172  4.43112
-0.00257896  0.000469172  4.43112
-0.00257896  0.000469172  4.43112
-0.00257896  0.000469172  4.43112
-0.00235073  0.000442772  4.17987
-0.00235073  0.000442772  4.17987
-0.00227925  0.000433358  4.10572
-0.00227925  0.000433358  4.10572
-0.00205162  0.000423347  3.66512
-0.00205162  0.000423347  3.66512
-0.00196693  0.000413051  3.55145
-0.00186834  0.000397122  3.44565
-0.00186834  0.000397122  3.44565
-0.00175435  0.000388899  3.22538
-0.00181699  0.00038842  3.39063
-0.00165477  0.000377103  3.06222
-0.00155293  0.000372752  2.82474
-0.00147207  0.00036298  2.67802
-0.00138978  0.000358335  2.48309
-0.00133512  0.000355007  2.3524
-0.00113978  0.000348243  1.83716
-0.00107187  0.00034027  1.68064
-0.000932465  0.000331761  1.30354
-0.000763056  0.000328143  0.801649
-0.000784872  0.000326817  0.871657
-0.000585834  0.000322684  0.266
-0.000425262  0.00031969  -0.233782
-0.000425262  0.00031969  -0.233782
-0.000151909  0.0003173  -1.09704
