-0.003971  0.00164852  2.10552
-0.00395418  0.00152581  2.26383
-0.00393305  0.00141422  2.42752
-0.0039053  0.00129257  2.63452
-0.00388488  0.00119379  2.8354
-0.00385618  0.00110195  3.04568
-0.00381513  0.00102025  3.24934
-0.00376759  0.000941595  3.47027
-0.00371889  0.000875596  3.67623
-0.00366571  0.000810287  3.90691
-0.00361519  0.000742512  4.19547
-0.00354592  0.000695456  4.37975
-0.0034767  0.000640726  4.64583
-0.00340212  0.000613006  4.73425
-0.00332779  0.000584789  4.83557
-0.00324661  0.00056482  4.86281
-0.00317686  0.000552198  4.84765
-0.00313589  0.000545247  4.8343
-0.00307049  0.000534292  4.81102
-0.00300358  0.000523259  4.7846
-0.00293132  0.000511149  4.75659
-0.00286302  0.000502345  4.70397
-0.00280489  0.000493682  4.66877
-0.00273697  0.000482666  4.63461
-0.00266708  0.00047494  4.56286
-0.00259417  0.000465408  4.49964
-0.00251804  0.000454342  4.44167
-0.00244597  0.000446948  4.3539
-0.00238111  0.000438106  4.29373
-0.00229283  0.000428043  4.18843
-0.00221588  0.000420556  4.08003
-0.00214702  0.000412604  3.99176
-0.00203544  0.000403146  3.80864
-0.001963  0.000395463  3.69947
-0.00187384  0.000386695  3.55279
-0.00177051  0.000379948  3.34389
-0.0016734  0.000372194  3.15266
-0.00157578  0.000365967  2.93955
-0.0015027  0.000358206  2.79924
-0.00137469  0.000351619  2.48762
-0.00127084  0.000346  2.22787
-0.00113633  0.000338193  1.88154
-0.00102654  0.000334149  1.57576
-0.000909166  0.00032881  1.24438
-0.000768272  0.00032241  0.832084
-0.000674136  0.000319305  0.54536
-0.000507047  0.00031439  0.0224139
-0.000352624  0.000312833  -0.4711
-0.000180757  0.000309735  -1.0307
1.36442e-05  0.000308733  -1.66372
