-0.010865  0.0047755  2.17045
-0.0107813  0.00461889  2.22592
-0.0106959  0.00446443  2.28381
-0.0106066  0.00430847  2.34576
-0.0105178  0.00415854  2.40897
-0.0104276  0.00401139  2.47486
-0.0103324  0.00386186  2.54603
-0.0102319  0.00371398  2.62033
-0.0101329  0.00357584  2.69387
-0.0100271  0.00343735  2.77164
-0.00992012  0.00329925  2.85523
-0.00981204  0.00316279  2.94425
-0.00969894  0.00302874  3.03722
-0.00958447  0.00289493  3.13807
-0.00946771  0.00276566  3.24251
-0.00934492  0.00263746  3.35358
-0.0092248  0.00251201  3.47324
-0.0091014  0.00238865  3.60094
-0.00897197  0.00226738  3.73645
-0.00883312  0.00215054  3.8749
-0.00869544  0.00203556  4.02614
-0.00855522  0.00192275  4.18942
-0.00840726  0.00181557  4.35524
-0.00825495  0.00171075  4.53307
-0.0081003  0.00161326  4.71116
-0.00793813  0.001517  4.90318
-0.00776937  0.00142598  5.09782
-0.00759348  0.00134052  5.29158
-0.00740895  0.00125747  5.49431
-0.00722475  0.00118504  5.6747
-0.00702004  0.00112065  5.81807
-0.00681082  0.00106002  5.9535
-0.00660213  0.00100476  6.07322
-0.00638203  0.000953088  6.17155
-0.00614958  0.000902993  6.25651
-0.00592182  0.000858413  6.3161
-0.00568566  0.000818276  6.33729
-0.00554862  0.000799495  6.31477
-0.00541295  0.000780593  6.29387
-0.00527101  0.000763083  6.25228
-0.00509818  0.000746413  6.16037
-0.00492145  0.000729276  6.06279
-0.00473459  0.000713572  5.93436
-0.00453098  0.000699931  5.75912
-0.00432448  0.000687621  5.5619
-0.0040901  0.000675242  5.31676
-0.00380915  0.000663611  4.98658
-0.00352819  0.000654804  4.62458
-0.00319761  0.000648472  4.15995
-0.0028099  0.000644131  3.58608
