-0.003971  0.00164852  2.10552
-0.00395485  0.00153073  2.257
-0.00393627  0.00141615  2.42649
-0.00391478  0.00130961  2.60749
-0.00389105  0.00119882  2.82865
-0.00385751  0.00110162  3.04779
-0.00381806  0.0010309  3.2186
-0.00377051  0.00095412  3.42778
-0.0037273  0.000882235  3.6581
-0.00366792  0.000803534  3.94248
-0.00364678  0.000765361  4.1115
-0.00356589  0.000709666  4.32018
-0.00351468  0.000663022  4.54688
-0.00343854  0.000621357  4.72922
-0.00336876  0.000591972  4.8461
-0.0032857  0.000571018  4.87848
-0.00322066  0.00055947  4.86292
-0.00315383  0.000545398  4.86586
-0.00311843  0.00053868  4.86083
-0.00305352  0.000528142  4.83491
-0.00298155  0.000515948  4.80969
-0.00292768  0.000508344  4.77566
-0.00285637  0.000496957  4.7416
-0.00278986  0.000485704  4.71451
-0.00272895  0.000477672  4.66628
-0.00265192  0.000467725  4.60082
-0.00258646  0.000458155  4.55405
-0.00251023  0.000448463  4.48248
-0.00244078  0.000439635  4.41453
-0.00235303  0.000429968  4.30969
-0.00227954  0.00042159  4.22102
-0.00219953  0.000412082  4.12427
-0.00210698  0.000403462  3.98297
-0.00202204  0.00039629  3.84071
-0.00192429  0.000386831  3.68194
-0.00184088  0.000379952  3.52907
-0.00174096  0.000372061  3.33538
-0.00163356  0.000364311  3.11153
-0.0015397  0.000357828  2.90558
-0.00142937  0.000350717  2.64991
-0.00132058  0.000344387  2.38274
-0.00121391  0.000338737  2.10758
-0.00108908  0.000332636  1.77095
-0.000957691  0.000327758  1.39643
-0.000844958  0.000322756  1.06879
-0.000702235  0.000317601  0.636758
-0.000560917  0.00031442  0.193746
-0.000409383  0.000311496  -0.290909
-0.000290631  0.00030941  -0.676672
-5.91582e-05  0.000308372  -1.42958
