-0.003971  0.00164852  2.10552
-0.00395341  0.00152053  2.27118
-0.00393357  0.00139488  2.46155
-0.00390766  0.00126712  2.6893
-0.00388479  0.0011748  2.88116
-0.00383747  0.00107921  3.09252
-0.00379121  0.000996005  3.30441
-0.0037433  0.000920561  3.52317
-0.00370122  0.000850338  3.76465
-0.00364254  0.000771345  4.0741
-0.00357332  0.000733515  4.18985
-0.00350983  0.000669545  4.49534
-0.00343759  0.000634748  4.62796
-0.00336758  0.000595895  4.81222
-0.00328155  0.00057133  4.86855
-0.0032253  0.000560996  4.85797
-0.0031654  0.000550385  4.84279
-0.00310453  0.000540174  4.82165
-0.00305043  0.000531523  4.79835
-0.00297757  0.00052001  4.76446
-0.00291815  0.000511468  4.72786
-0.00285404  0.000500332  4.70495
-0.00277673  0.000490714  4.63963
-0.00272312  0.000479492  4.63641
-0.00266167  0.00047319  4.56829
-0.00258559  0.000464194  4.49292
-0.00253809  0.000454722  4.48206
-0.00244057  0.000444825  4.36254
-0.00236582  0.000434289  4.29628
-0.00228758  0.000426423  4.19203
-0.00221729  0.00041914  4.09716
-0.00213378  0.00041142  3.97108
-0.00206302  0.00040285  3.87991
-0.00197009  0.000394671  3.72485
-0.0018844  0.000387541  3.57226
-0.00176484  0.000378287  3.34359
-0.00167874  0.000372187  3.16706
-0.00160771  0.000366408  3.02315
-0.00148072  0.000357494  2.74331
-0.0013803  0.000352432  2.49778
-0.00127733  0.000346422  2.24387
-0.00117458  0.000339903  1.98462
-0.00106616  0.000335289  1.68859
-0.000938553  0.000330639  1.32638
-0.000816244  0.000324143  0.975632
-0.000747785  0.000322875  0.767434
-0.00057024  0.000316886  0.221655
-0.000400093  0.000314071  -0.318102
-0.000266539  0.00031077  -0.751234
-0.000101932  0.000308713  -1.28944
