-0.003971  0.00164852  2.10552
-0.00395484  0.00153443  2.25155
-0.00393494  0.00142302  2.41384
-0.00391087  0.00130911  2.60549
-0.0038881  0.00120771  2.8054
-0.00386163  0.00111421  3.01705
-0.00382602  0.00103417  3.21614
-0.00377213  0.000969847  3.37386
-0.0037339  0.000897237  3.60429
-0.00368501  0.000822988  3.87006
-0.00362957  0.000764588  4.09314
-0.00358096  0.000708681  4.34746
-0.0035141  0.000660812  4.56121
-0.0034544  0.000625941  4.71993
-0.00336686  0.00059152  4.84659
-0.00329618  0.000573273  4.87756
-0.00320275  0.00055344  4.88354
-0.00314087  0.000542864  4.8647
-0.00308372  0.000533305  4.84473
-0.00303048  0.00052282  4.84005
-0.00296088  0.000512116  4.80531
-0.00289601  0.000502588  4.76734
-0.00283108  0.000492116  4.73685
-0.00276507  0.000482817  4.69136
-0.00269412  0.000472778  4.64091
-0.00263141  0.000462927  4.6042
-0.00255509  0.000453798  4.52864
-0.00248576  0.000445065  4.46172
-0.00240913  0.000436498  4.37374
-0.00232986  0.000426219  4.29323
-0.00225197  0.000418054  4.19078
-0.00217793  0.000409745  4.09506
-0.00209354  0.000402032  3.96371
-0.00199556  0.000392568  3.8097
-0.00191009  0.00038688  3.64477
-0.00181076  0.00037762  3.4711
-0.00171172  0.000371084  3.26535
-0.00160818  0.000364359  3.04146
-0.00151117  0.000356982  2.83254
-0.00140087  0.000350452  2.57059
-0.00130013  0.000343721  2.32783
-0.00119104  0.000338241  2.04303
-0.00105575  0.000332983  1.669
-0.000937321  0.00032594  1.34172
-0.000825096  0.000321814  1.0102
-0.000689426  0.000317158  0.59726
-0.00053709  0.000313234  0.118411
-0.00038735  0.000310328  -0.363004
-0.000237668  0.000308367  -0.850713
-4.20203e-05  0.000307511  -1.48931
