-0.003971  0.00164852  2.10552
-0.00395729  0.00154745  2.23418
-0.00395087  0.00150333  2.29548
-0.00393963  0.00143084  2.40392
-0.0039259  0.0013507  2.53638
-0.00391035  0.00130708  2.60913
-0.00389255  0.00124824  2.71787
-0.00387603  0.00119892  2.81589
-0.00386059  0.00109565  3.0672
-0.00384383  0.00106382  3.14323
-0.00381851  0.00101716  3.26252
-0.00379106  0.000977804  3.36577
-0.00374565  0.000918963  3.53186
-0.00371659  0.000839674  3.83076
-0.00371659  0.000839674  3.83076
-0.00368503  0.000794623  4.00823
-0.00365255  0.000760966  4.14283
-0.00361741  0.000721567  4.32033
-0.003582  0.000699063  4.40876
-0.0035446  0.00068224  4.46265
-0.00350616  0.000647568  4.64223
-0.00346641  0.000631334  4.69864
-0.0034186  0.00061846  4.71915
-0.00338834  0.000609586  4.7382
-0.00332031  0.000594446  4.74443
-0.00322308  0.000580224  4.69315
-0.00314736  0.000565575  4.68083
-0.00307406  0.000550573  4.67524
-0.00300286  0.000537385  4.65748
-0.00292064  0.000523923  4.62023
-0.00283609  0.000509544  4.58466
-0.00274346  0.000496031  4.52281
-0.00264455  0.000483973  4.43113
-0.00254297  0.000471545  4.3325
-0.00243997  0.000459108  4.22551
-0.00233112  0.000447865  4.08855
-0.00223006  0.000435681  3.97095
-0.00211575  0.000423987  3.81086
-0.00199968  0.000412882  3.63223
-0.0018803  0.00040282  3.42658
-0.00175007  0.000392812  3.18237
-0.00160537  0.000383384  2.88321
-0.00145638  0.000374964  2.55059
-0.00131401  0.000366192  2.22291
-0.00115517  0.00035883  1.82586
-0.000994906  0.000351453  1.40817
-0.000819171  0.000345205  0.924582
-0.000676973  0.000340183  0.520229
-0.000460716  0.000335341  -0.117147
-0.000221759  0.000332683  -0.836354
