-0.003971  0.00164852  2.10552
-0.00395489  0.00153107  2.25652
-0.00393426  0.0014272  2.40629
-0.00391147  0.00131597  2.59236
-0.0038838  0.00122011  2.77335
-0.0038561  0.00112182  2.99167
-0.00382048  0.00103757  3.20024
-0.00378014  0.000959036  3.42025
-0.0037383  0.000885511  3.65698
-0.00368777  0.000822705  3.87474
-0.00362738  0.00076283  4.09971
-0.00356881  0.000709223  4.327
-0.00350993  0.000662608  4.54255
-0.00343334  0.000620507  4.72732
-0.00335889  0.000593502  4.81699
-0.0032751  0.000572317  4.84889
-0.0031897  0.000552083  4.87191
-0.00313433  0.000541597  4.864
-0.00307452  0.0005313  4.8457
-0.00301395  0.00052136  4.82191
-0.00294873  0.000511876  4.78384
-0.00288962  0.00050134  4.76647
-0.00282211  0.000491862  4.72107
-0.00276304  0.000482792  4.68739
-0.00269512  0.000473246  4.63843
-0.00262181  0.000463666  4.57616
-0.00255592  0.000454286  4.52562
-0.00247806  0.000445067  4.4444
-0.00241062  0.00043641  4.37804
-0.00232975  0.000427383  4.28129
-0.00224996  0.000419197  4.17454
-0.0021699  0.000410747  4.06553
-0.00209034  0.000402281  3.95329
-0.00199355  0.000394606  3.78492
-0.00191137  0.000386638  3.65037
-0.00182585  0.000378842  3.49975
-0.00172718  0.000372102  3.29795
-0.00162605  0.000364995  3.08512
-0.00152649  0.000358066  2.86676
-0.001417  0.000351428  2.60935
-0.00130588  0.000345481  2.33262
-0.00120656  0.000339217  2.0829
-0.00108675  0.000333654  1.75855
-0.000967648  0.000328523  1.42349
-0.000822479  0.000323223  0.9977
-0.000694233  0.000318789  0.609284
-0.000568077  0.000315578  0.215722
-0.000410602  0.000312423  -0.286144
-0.000265631  0.000310113  -0.755752
-7.0488e-05  0.000308751  -1.39113
