-0.003971  0.00164852  2.10552
-0.00395131  0.00152686  2.2604
-0.0039294  0.00143659  2.38718
-0.00390594  0.00132166  2.57701
-0.00388202  0.00121224  2.78988
-0.00384776  0.00113296  2.95488
-0.00381315  0.00105253  3.14781
-0.00378243  0.000971479  3.3788
-0.00373576  0.00090427  3.57831
-0.00369679  0.00082685  3.86623
-0.00362612  0.000757814  4.12518
-0.00358072  0.000730221  4.21889
-0.00352342  0.000683102  4.42602
-0.00346116  0.000645857  4.58486
-0.0033878  0.00060479  4.77488
-0.00332141  0.000584894  4.82379
-0.0032431  0.000563724  4.86603
-0.00315578  0.000547741  4.8486
-0.00310001  0.000542979  4.78842
-0.00307585  0.000534665  4.81768
-0.00300321  0.000524388  4.77358
-0.00294747  0.000514061  4.76104
-0.00286008  0.000499812  4.72194
-0.00279098  0.000494835  4.62979
-0.00270822  0.000481462  4.5865
-0.00266595  0.000475422  4.55585
-0.00259455  0.000464742  4.50691
-0.00252251  0.000457761  4.41827
-0.002426  0.000443574  4.34201
-0.00237029  0.000437647  4.27352
-0.0022869  0.000429566  4.15977
-0.00220227  0.000422467  4.02935
-0.00209822  0.000409364  3.90415
-0.00204194  0.000406808  3.79034
-0.00193972  0.00039421  3.65217
-0.0018588  0.000387547  3.50615
-0.00181696  0.000384247  3.42738
-0.00165872  0.000376084  3.08102
-0.00158183  0.000367235  2.94589
-0.00150217  0.000362812  2.76222
-0.00142655  0.000355088  2.60934
-0.00124023  0.000344778  2.14699
-0.0011289  0.000340183  1.84873
-0.00104624  0.000335334  1.62893
-0.000945722  0.000331704  1.34374
-0.000790072  0.000326102  0.889511
-0.000704008  0.000323889  0.629869
-0.000632219  0.000320691  0.412293
-0.000429147  0.0003169  -0.22358
-0.000232999  0.000313768  -0.850951
