-0.003971  0.00164852  2.10552
-0.00395225  0.00153222  2.2531
-0.0039324  0.00141145  2.43183
-0.00391376  0.00130807  2.60976
-0.00388764  0.00119502  2.83481
-0.00385621  0.00109571  3.06303
-0.00381761  0.00102398  3.23991
-0.00377434  0.000940308  3.4822
-0.00372801  0.000866782  3.72413
-0.00367826  0.000800067  3.97248
-0.00362054  0.000740077  4.21651
-0.00356127  0.000687531  4.45256
-0.00349445  0.000647014  4.6281
-0.00341442  0.000613325  4.75184
-0.00333635  0.000587045  4.83157
-0.00325457  0.000566333  4.86387
-0.00319458  0.000555754  4.84851
-0.00314027  0.000545112  4.84354
-0.00308006  0.00053483  4.82408
-0.00301573  0.000523618  4.80451
-0.00296078  0.000514186  4.78579
-0.00288981  0.000503751  4.74404
-0.00282937  0.000493595  4.71919
-0.00276054  0.000484236  4.66825
-0.00269901  0.00047466  4.63282
-0.00262496  0.000464212  4.57756
-0.00255119  0.000454783  4.51027
-0.00248782  0.000447053  4.4465
-0.00240886  0.000436942  4.36867
-0.00231991  0.000428187  4.25028
-0.00224677  0.00041884  4.17049
-0.002189  0.000412402  4.09552
-0.00207659  0.000402373  3.91823
-0.00201788  0.000396137  3.83171
-0.00190483  0.000386969  3.63035
-0.00180826  0.000378126  3.45984
-0.00171508  0.000372849  3.25891
-0.00161581  0.000364858  3.0582
-0.00152081  0.000358944  2.84393
-0.00142315  0.000352202  2.62109
-0.00130127  0.000345349  2.32018
-0.00123382  0.000340281  2.1565
-0.00111125  0.000334014  1.83001
-0.00101044  0.000330782  1.54312
-0.00082631  0.000323266  1.00941
-0.000697932  0.000319982  0.618573
-0.000545398  0.000315323  0.143974
-0.000496949  0.000313067  -0.00974567
-0.000250718  0.000308686  -0.807561
-9.64899e-05  0.000307582  -1.31188
