-0.003971  0.00164852  2.10552
-0.00395764  0.00154995  2.23081
-0.00395239  0.00151357  2.28095
-0.00393859  0.00142444  2.41399
-0.00392892  0.00136754  2.50737
-0.00391647  0.001301  2.62604
-0.00390304  0.00123772  2.74944
-0.00388726  0.0011746  2.88375
-0.00386948  0.00111812  3.01353
-0.00384482  0.00106273  3.14738
-0.00382562  0.00102151  3.2556
-0.00380113  0.000975981  3.38237
-0.00377655  0.00092882  3.52765
-0.00375125  0.000885886  3.67005
-0.00372171  0.000841268  3.82958
-0.00368917  0.000815869  3.90892
-0.00367242  0.00077937  4.0705
-0.00362904  0.000747467  4.1862
-0.00359542  0.000733197  4.22181
-0.00355638  0.000709492  4.30784
-0.00351432  0.000696162  4.3299
-0.00347594  0.000644306  4.61884
-0.0034392  0.000623128  4.71684
-0.003438  0.000622983  4.71601
-0.00334922  0.000600034  4.74844
-0.00324973  0.000587136  4.68329
-0.0031736  0.000570262  4.68837
-0.0031052  0.000556094  4.68482
-0.00302408  0.000541172  4.66409
-0.00293254  0.000527191  4.61415
-0.00285576  0.000512785  4.59405
-0.00276686  0.000498917  4.54355
-0.00265656  0.000486411  4.43362
-0.00256557  0.000473005  4.36692
-0.002441  0.000461741  4.20366
-0.00234438  0.000448634  4.1111
-0.00223657  0.000436399  3.97933
-0.00212125  0.00042425  3.82145
-0.00200776  0.000413644  3.64507
-0.00185831  0.000403359  3.36751
-0.00173441  0.000392237  3.1471
-0.00158894  0.000383008  2.84313
-0.00143987  0.000373398  2.51707
-0.00129062  0.00036597  2.16033
-0.00112469  0.000357511  1.74732
-0.000954869  0.000351129  1.29545
-0.000781903  0.000343546  0.820569
-0.000651136  0.000339711  0.444898
-0.000402333  0.000334231  -0.292213
-0.000136386  0.000332693  -1.09294
