-0.00342856  0.000624758  4.68751
-0.00342856  0.000624758  4.68751
-0.00342856  0.000624758  4.68751
-0.00342856  0.000624758  4.68751
-0.00340759  0.00062097  4.68233
-0.00340759  0.00062097  4.68233
-0.00340218  0.000615521  4.715
-0.00340218  0.000615521  4.715
-0.00340218  0.000615521  4.715
-0.00340218  0.000615521  4.715
-0.00340218  0.000615521  4.715
-0.00340284  0.000614018  4.72762
-0.00340284  0.000614018  4.72762
-0.00340284  0.000614018  4.72762
-0.00339552  0.000611835  4.73251
-0.00339552  0.000611835  4.73251
-0.00339552  0.000611835  4.73251
-0.00337951  0.000607668  4.73862
-0.00335618  0.000601784  4.74619
-0.00335618  0.000601784  4.74619
-0.00336153  0.00060327  4.74336
-0.00335618  0.000601784  4.74619
-0.00335618  0.000601784  4.74619
-0.0033505  0.000600608  4.74602
-0.00334687  0.00059952  4.74858
-0.00323149  0.000583998  4.67723
-0.00317888  0.000570382  4.69665
-0.00309632  0.000555038  4.67774
-0.00301823  0.000541615  4.64949
-0.00293216  0.00052567  4.62677
-0.00284605  0.000512847  4.57457
-0.00276161  0.000498481  4.537
-0.00266623  0.000485612  4.46083
-0.00256058  0.000472561  4.36045
-0.00247718  0.000462883  4.27144
-0.0023279  0.000446705  4.09195
-0.00224374  0.000436998  3.99028
-0.00210551  0.000423208  3.79367
-0.00201869  0.000416813  3.64357
-0.00183594  0.000405647  3.29335
-0.00178293  0.000397338  3.2288
-0.00157385  0.000381542  2.81451
-0.00145715  0.000374266  2.55741
-0.00129882  0.00036635  2.18049
-0.0011245  0.000357838  1.74522
-0.00102191  0.000352549  1.48038
-0.000806171  0.00034409  0.889801
-0.000576352  0.000337962  0.22592
-0.000387671  0.000334216  -0.336096
-0.000178372  0.000332577  -0.967079
