-0.010865  0.0047755  2.17045
-0.010779  0.0046155  2.22706
-0.0106916  0.00445474  2.28782
-0.0106034  0.00430358  2.34767
-0.0105135  0.00414967  2.4131
-0.0104148  0.00398992  2.48496
-0.0103161  0.00384003  2.55626
-0.0102187  0.00369637  2.62925
-0.0101123  0.00354636  2.71048
-0.0100042  0.00340472  2.79147
-0.0098972  0.00326958  2.87413
-0.00978984  0.00313659  2.96177
-0.00966611  0.00298751  3.06814
-0.00955739  0.00286339  3.16316
-0.0094396  0.00273371  3.27014
-0.00931148  0.00259996  3.38908
-0.00918777  0.00247409  3.51151
-0.00905722  0.00234442  3.65003
-0.00892469  0.00222478  3.78675
-0.00879843  0.00212076  3.91296
-0.00863405  0.00199123  4.08493
-0.00848937  0.00188868  4.23014
-0.00835019  0.00177245  4.42902
-0.0082021  0.00168351  4.57502
-0.0080398  0.00157577  4.78482
-0.00785602  0.00147493  4.98737
-0.00769309  0.00138342  5.1995
-0.00752033  0.0013014  5.39445
-0.00730359  0.00123545  5.50699
-0.00711417  0.00114769  5.76303
-0.00690877  0.00108846  5.88792
-0.00668161  0.0010265  6.02204
-0.00648824  0.000975341  6.13964
-0.00625853  0.000923129  6.23806
-0.00602372  0.000878687  6.28634
-0.00578827  0.000833698  6.34315
-0.00566709  0.00081603  6.33199
-0.00549901  0.000794916  6.28873
-0.00537696  0.000774508  6.29685
-0.00524445  0.000759452  6.2472
-0.00504099  0.000741923  6.12057
-0.00486165  0.000726538  6.00334
-0.00465401  0.000707747  5.86934
-0.00447478  0.000695032  5.71884
-0.00423544  0.000684462  5.45748
-0.00401233  0.00067065  5.2372
-0.00375782  0.000659866  4.9371
-0.00346459  0.000651905  4.54758
-0.00318023  0.000646208  4.14763
-0.00271445  0.000642754  3.44525
