-0.003971  0.00164852  2.10552
-0.00395437  0.00152801  2.26069
-0.00393669  0.00141358  2.4312
-0.00391319  0.00130195  2.62159
-0.00388742  0.00119644  2.83125
-0.00386194  0.00111294  3.02077
-0.00382318  0.00103346  3.21559
-0.00377642  0.000961445  3.4078
-0.0037352  0.000878469  3.68277
-0.00368158  0.000805496  3.94983
-0.00363746  0.000753147  4.1658
-0.00358178  0.000706637  4.36118
-0.00351862  0.000661238  4.5651
-0.00345187  0.000628321  4.69802
-0.00338784  0.000596528  4.84109
-0.00330421  0.000575578  4.87199
-0.00324054  0.000565791  4.84373
-0.00319522  0.000554138  4.86382
-0.00310806  0.000539185  4.83704
-0.00307584  0.000532859  4.83399
-0.00300482  0.000522191  4.79675
-0.00294608  0.000511922  4.77822
-0.00288986  0.000502758  4.7535
-0.00281429  0.000491966  4.70417
-0.00275016  0.000481525  4.67299
-0.00268068  0.00047258  4.6144
-0.00260684  0.000462733  4.55303
-0.00252275  0.000451223  4.48282
-0.00245121  0.000443032  4.40421
-0.00237354  0.000433769  4.31922
-0.0022736  0.000421904  4.20381
-0.00221053  0.000415895  4.1129
-0.00211233  0.00040821  3.94976
-0.00203771  0.000398641  3.85737
-0.00196543  0.000391484  3.74328
-0.0018417  0.000383973  3.49427
-0.00174902  0.000375954  3.32227
-0.00165051  0.000367255  3.13273
-0.00154716  0.000359598  2.91203
-0.00144002  0.00035287  2.66393
-0.00133412  0.000347296  2.40177
-0.00122424  0.000341689  2.1196
-0.00110017  0.000336061  1.7859
-0.000998366  0.000330133  1.50959
-0.000849909  0.000324506  1.07828
-0.000699929  0.000320819  0.623184
-0.000582333  0.00031655  0.260094
-0.000434761  0.000313267  -0.208253
-0.000289164  0.000310563  -0.678884
-1.34878e-05  0.000309529  -1.57178
