-0.003971  0.00164852  2.10552
-0.00395137  0.00150669  2.2907
-0.00393558  0.00140621  2.44314
-0.00391448  0.00129106  2.64472
-0.00388928  0.00118201  2.86739
-0.00385644  0.00108648  3.08927
-0.00381528  0.0010001  3.31496
-0.00377369  0.000923144  3.54624
-0.00372617  0.000852048  3.78638
-0.00367728  0.000784149  4.05188
-0.00362083  0.000724915  4.30509
-0.00355429  0.000684918  4.45935
-0.00348373  0.000655857  4.54936
-0.00342995  0.000619525  4.72936
-0.00342995  0.000619525  4.72936
-0.00325648  0.000588331  4.68526
-0.00320494  0.000575726  4.69831
-0.00315486  0.000566067  4.69001
-0.00310264  0.000555729  4.68329
-0.00304659  0.000545202  4.67091
-0.00298808  0.000534765  4.65265
-0.00292705  0.000524388  4.62833
-0.00286532  0.000514495  4.59736
-0.00280374  0.000504832  4.56338
-0.00273695  0.000494997  4.51911
-0.00266569  0.000485519  4.46056
-0.00259415  0.000476704  4.39298
-0.00251747  0.000468979  4.30183
-0.00244143  0.000458959  4.23008
-0.00236369  0.000450425  4.13763
-0.00228536  0.000441928  4.03995
-0.00220805  0.000433048  3.94425
-0.00212973  0.000425098  3.83378
-0.00204132  0.000416895  3.69715
-0.00195052  0.000409161  3.54511
-0.00186048  0.000401273  3.39041
-0.00176462  0.000394134  3.20861
-0.00167129  0.000387636  3.02162
-0.0015644  0.000381197  2.79225
-0.00145782  0.000374216  2.55953
-0.00134522  0.000368527  2.2935
-0.00123694  0.000362491  2.033
-0.00111512  0.000357153  1.72228
-0.00100577  0.000351791  1.43769
-0.000873862  0.000346765  1.07814
-0.00074776  0.000342101  0.724231
-0.000611874  0.000338396  0.3306
-0.000465471  0.000335236  -0.102998
-0.000311195  0.000333187  -0.566664
-0.000133749  0.00033237  -1.10194
