-0.003971  0.00164852  2.10552
-0.00395379  0.0015265  2.26256
-0.00393605  0.00141253  2.43255
-0.00391282  0.00129682  2.63167
-0.00389018  0.00119217  2.8437
-0.00385385  0.00108823  3.08194
-0.00381355  0.00101192  3.27452
-0.00377012  0.000930129  3.51577
-0.00372264  0.000855358  3.76759
-0.003667  0.000783512  4.04205
-0.00361163  0.000723396  4.30143
-0.00354359  0.000677421  4.49291
-0.00348049  0.000637439  4.67572
-0.00340622  0.000605522  4.79954
-0.00331705  0.000580068  4.85642
-0.00322444  0.000559116  4.87275
-0.0031456  0.000544209  4.86137
-0.00311483  0.000538631  4.85459
-0.00304099  0.000527209  4.81971
-0.00298176  0.000517459  4.79605
-0.0029328  0.000509069  4.77891
-0.0028605  0.000499758  4.72327
-0.0028023  0.00048855  4.71252
-0.00274132  0.00048089  4.66077
-0.00266683  0.000469919  4.61107
-0.00260196  0.00046063  4.56322
-0.00254167  0.000452576  4.51122
-0.00245109  0.000441618  4.41804
-0.00238427  0.000433532  4.34633
-0.00230771  0.000425582  4.24762
-0.00222462  0.000416544  4.14031
-0.00215259  0.000409417  4.03645
-0.0020712  0.000400917  3.91901
-0.00198229  0.000392102  3.78038
-0.00188597  0.000383825  3.61093
-0.00179996  0.000376875  3.44932
-0.00170243  0.000370067  3.24922
-0.00160034  0.000363436  3.02759
-0.00149898  0.000356454  2.80255
-0.00139552  0.000350671  2.55373
-0.00129244  0.000343707  2.30557
-0.00118927  0.000337629  2.04151
-0.00106543  0.000332418  1.70096
-0.000953782  0.000327043  1.38753
-0.000813629  0.000321693  0.974932
-0.000694585  0.000317831  0.612229
-0.000551264  0.000313355  0.163596
-0.000404209  0.000310798  -0.308209
-0.000250875  0.000308562  -0.807374
-7.4952e-05  0.000307224  -1.38351
