-0.003971  0.00164852  2.10552
-0.00395418  0.00152581  2.26383
-0.00393318  0.00139547  2.46023
-0.0039107  0.00130069  2.62223
-0.00388362  0.00118957  2.8444
-0.00385347  0.00109576  3.0604
-0.0038137  0.00101637  3.26034
-0.00376302  0.000931959  3.50125
-0.0037212  0.000860886  3.74173
-0.00366808  0.000791092  4.00469
-0.00360589  0.000726367  4.27592
-0.0035428  0.000672841  4.52232
-0.00347361  0.000633132  4.69667
-0.00340181  0.000600925  4.82891
-0.00331542  0.000577595  4.87438
-0.00322889  0.000557823  4.89204
-0.00317544  0.000547527  4.8864
-0.0031074  0.000535966  4.86486
-0.0030528  0.000526971  4.84429
-0.00299327  0.000516522  4.82703
-0.0029337  0.000507603  4.79451
-0.00287099  0.000497532  4.7655
-0.0028091  0.000487696  4.73472
-0.00273974  0.000477842  4.68719
-0.00267542  0.000469233  4.63611
-0.00260148  0.000459492  4.57348
-0.00253692  0.000450432  4.52216
-0.00246067  0.000441407  4.44187
-0.00238544  0.000432354  4.36086
-0.00231022  0.000423686  4.27256
-0.00222812  0.000415377  4.16036
-0.00214899  0.000407104  4.05055
-0.00207039  0.000399237  3.93347
-0.00197715  0.000390971  3.77815
-0.00188723  0.000383743  3.615
-0.00179732  0.000376549  3.4453
-0.00170145  0.000368942  3.25648
-0.0016126  0.000362355  3.07047
-0.00150669  0.000355346  2.83299
-0.00139574  0.000348359  2.5713
-0.00129158  0.000342288  2.3126
-0.00117451  0.000336876  2.00226
-0.00105814  0.000330607  1.68823
-0.000949089  0.000326488  1.37551
-0.000828131  0.000321  1.02221
-0.000690957  0.000316868  0.602639
-0.000543298  0.000312998  0.138334
-0.000398994  0.000309835  -0.326
-0.00025671  0.000307863  -0.790254
-6.95231e-05  0.000306603  -1.40402
