-0.010865  0.0047755  2.17045
-0.0107811  0.0046225  2.22416
-0.010693  0.00446374  2.2835
-0.0106059  0.00430876  2.34542
-0.0105157  0.00415749  2.40908
-0.0104273  0.0040122  2.47428
-0.0103302  0.00386818  2.54129
-0.0102334  0.00372541  2.61269
-0.0101358  0.00358534  2.68755
-0.0100328  0.00344421  2.76778
-0.00992963  0.00330957  2.8492
-0.00981833  0.00317579  2.93418
-0.00970376  0.00303345  3.03409
-0.00959426  0.00290646  3.12899
-0.00948188  0.00277874  3.23236
-0.00936081  0.0026515  3.34181
-0.00923808  0.00252348  3.46271
-0.00907803  0.00236552  3.62628
-0.0089553  0.00226216  3.73771
-0.00885496  0.00216516  3.85881
-0.00871947  0.00205086  4.00781
-0.00857834  0.00193847  4.16738
-0.0084217  0.00183091  4.32664
-0.00822826  0.00169466  4.56035
-0.00812537  0.00163364  4.6677
-0.0079624  0.00153889  4.84922
-0.00779638  0.00145344  5.02008
-0.00762956  0.00136824  5.21074
-0.00744402  0.00128389  5.40858
-0.00720801  0.00120087  5.58597
-0.00701703  0.00113902  5.72159
-0.00685175  0.00108543  5.85184
-0.00665381  0.001028  5.98621
-0.00642891  0.000974747  6.08251
-0.00620269  0.000917172  6.21769
-0.00588705  0.000856357  6.29066
-0.00566474  0.000816938  6.32207
-0.00560738  0.000810101  6.30462
-0.00548559  0.000793116  6.28609
-0.00508763  0.000767946  5.97391
-0.00498791  0.000744465  6.02837
-0.00493995  0.000734375  6.04589
-0.00479515  0.000720849  5.95846
-0.0045119  0.00070166  5.71773
-0.0043306  0.00068974  5.55369
-0.00403153  0.000676206  5.22257
-0.00383532  0.000666733  5.00248
-0.00351851  0.000654792  4.60987
-0.00318769  0.000647294  4.1522
-0.00282793  0.000644009  3.61475
