-0.00359737  0.000742351  4.17237
-0.0034829  0.00063882  4.66939
-0.00330343  0.00057397  4.88428
-0.0032569  0.000565987  4.87097
-0.00321541  0.00055919  4.85596
-0.00317173  0.000550685  4.85165
-0.00312736  0.000542307  4.84478
-0.00308051  0.000534035  4.83209
-0.00304019  0.000526905  4.82096
-0.00299998  0.000520187  4.80592
-0.00295182  0.000513332  4.77627
-0.00289396  0.000504447  4.7457
-0.00285001  0.000498672  4.71254
-0.00280041  0.000491013  4.68502
-0.00275306  0.000483281  4.66201
-0.0027191  0.000476238  4.65966
-0.00266933  0.000469278  4.62269
-0.00260187  0.000462014  4.54937
-0.00254931  0.000455784  4.49623
-0.00250887  0.000448625  4.47783
-0.00244594  0.000441905  4.40352
-0.00238718  0.000434408  4.34427
-0.00232303  0.00042965  4.24305
-0.00226547  0.000422701  4.17664
-0.0022005  0.00041689  4.07902
-0.00214968  0.000409993  4.02369
-0.00208298  0.000403399  3.92409
-0.0020267  0.000397484  3.8409
-0.00197038  0.000391872  3.75219
-0.0018797  0.00038634  3.5712
-0.00183338  0.000380593  3.50343
-0.00176019  0.000375284  3.35797
-0.00167588  0.000370504  3.17372
-0.00161159  0.000365288  3.04305
-0.00152913  0.000359078  2.86605
-0.00144621  0.000355111  2.66455
-0.00136608  0.000350415  2.47157
-0.00128003  0.000345512  2.25762
-0.0012087  0.000340436  2.08174
-0.00111917  0.000337101  1.83674
-0.00104112  0.000332602  1.62694
-0.000961941  0.000329216  1.40316
-0.00084715  0.000325113  1.06778
-0.000793236  0.000322057  0.91051
-0.000664574  0.000318241  0.517137
-0.000567988  0.000315758  0.215315
-0.000456867  0.000314122  -0.137312
-0.000337863  0.00031139  -0.520688
-0.000272457  0.000310401  -0.733062
-8.54064e-05  0.000309561  -1.3393
