-0.010865  0.0047755  2.17045
-0.0107793  0.00461409  2.2278
-0.0106918  0.00445485  2.28781
-0.0106007  0.00430115  2.34836
-0.0105108  0.00414481  2.41525
-0.0104156  0.00399295  2.48327
-0.0103176  0.0038389  2.55739
-0.0102142  0.00368721  2.63457
-0.0101123  0.00354472  2.71171
-0.0100062  0.00340563  2.79134
-0.00989257  0.0032634  2.87815
-0.00977652  0.00312611  2.96744
-0.00966521  0.00298767  3.06767
-0.00954647  0.0028493  3.17498
-0.00942556  0.0027158  3.28653
-0.00928446  0.00257233  3.41498
-0.00918137  0.00246325  3.52435
-0.00904591  0.00233334  3.66253
-0.00890979  0.0022089  3.80724
-0.00877202  0.0020907  3.95658
-0.00861225  0.00196272  4.13318
-0.00846632  0.00186181  4.27882
-0.00831377  0.001757  4.44721
-0.00813669  0.00164672  4.63752
-0.00799099  0.00154352  4.85319
-0.00780293  0.00145016  5.03596
-0.00765039  0.00136534  5.23709
-0.00742856  0.00127244  5.44508
-0.00724432  0.00120262  5.60803
-0.0070279  0.00112469  5.80419
-0.00682605  0.00106584  5.93526
-0.00658594  0.0010049  6.05627
-0.00637017  0.000952744  6.16133
-0.00613451  0.000901227  6.25205
-0.00590351  0.00085513  6.31893
-0.00566273  0.000813437  6.3468
-0.00547297  0.000790042  6.29456
-0.00540211  0.000778793  6.2945
-0.00525199  0.000760893  6.24528
-0.00513351  0.000746897  6.20369
-0.00500208  0.000734712  6.12768
-0.00479128  0.00071984  5.96143
-0.00460371  0.000705183  5.81936
-0.00443118  0.00069406  5.66404
-0.00420891  0.00068094  5.44675
-0.00402112  0.000671069  5.24703
-0.00375389  0.000661465  4.91922
-0.00347789  0.000653615  4.55603
-0.00318181  0.000647138  4.14411
-0.00278516  0.000643985  3.54847
