-0.003971  0.00164852  2.10552
-0.00395485  0.00153073  2.257
-0.00393306  0.00139208  2.46614
-0.00391478  0.00130961  2.60749
-0.00389105  0.00119882  2.82865
-0.00385751  0.00110162  3.04779
-0.00381825  0.00103091  3.21874
-0.00377157  0.00095934  3.41023
-0.0037273  0.000882235  3.6581
-0.00368062  0.000820993  3.87411
-0.0036215  0.000772298  4.04184
-0.00356698  0.000712509  4.30448
-0.00350057  0.000657885  4.56093
-0.00343597  0.000625227  4.69584
-0.00336887  0.000594663  4.82437
-0.00328352  0.000571309  4.87219
-0.00321756  0.00055843  4.86643
-0.0031649  0.000549893  4.84622
-0.00310788  0.000538687  4.84119
-0.00304687  0.000528844  4.81592
-0.00298156  0.000518468  4.78633
-0.00292874  0.000507188  4.78864
-0.00286224  0.00049675  4.75539
-0.00279569  0.000486688  4.71696
-0.0027295  0.000477006  4.67394
-0.00266003  0.000467789  4.61753
-0.00258344  0.000458033  4.54868
-0.00251077  0.000448609  4.48223
-0.00242356  0.000438416  4.38751
-0.00235811  0.000430358  4.31758
-0.0022831  0.000421146  4.23393
-0.0021936  0.000412774  4.10297
-0.0021179  0.000404828  3.99652
-0.00202184  0.000396362  3.83952
-0.00192125  0.00038804  3.66263
-0.00183832  0.000380023  3.52168
-0.00173012  0.000373101  3.29701
-0.00164727  0.000365206  3.14142
-0.00153489  0.000357418  2.89546
-0.00141779  0.000351136  2.61378
-0.00131766  0.000344626  2.37262
-0.00119079  0.000339228  2.03637
-0.00107889  0.000332627  1.74036
-0.000954236  0.000326435  1.3915
-0.000834879  0.000322801  1.03742
-0.000697404  0.000318111  0.620549
-0.000560917  0.00031442  0.193746
-0.000440707  0.00031203  -0.190025
-0.0002636  0.000309463  -0.763904
-5.8869e-05  0.000308413  -1.43033
