-0.003971  0.00164852  2.10552
-0.00395437  0.00152773  2.26111
-0.00393507  0.0014062  2.44281
-0.00391444  0.00129088  2.64504
-0.00388883  0.00118417  2.86177
-0.00385601  0.0010915  3.07469
-0.00381106  0.00100987  3.27869
-0.00376305  0.000927558  3.5179
-0.00371505  0.000856587  3.75333
-0.00365838  0.000790195  3.99697
-0.0035962  0.000739148  4.18888
-0.00352538  0.000685627  4.41258
-0.00346925  0.000649649  4.57054
-0.00338502  0.000606904  4.75366
-0.00330107  0.000582308  4.81029
-0.00321377  0.000559488  4.85046
-0.00315574  0.000548642  4.84056
-0.00310574  0.000538545  4.83848
-0.00304158  0.000528276  4.81109
-0.00298507  0.000518977  4.78841
-0.00291915  0.000508759  4.755
-0.00285927  0.000499101  4.72704
-0.00279619  0.000489226  4.69352
-0.00273188  0.000479505  4.65455
-0.0026638  0.000470521  4.59873
-0.00259386  0.000461139  4.54063
-0.00251627  0.000452346  4.45737
-0.00244729  0.000441666  4.40896
-0.00237584  0.000434116  4.32105
-0.0023019  0.000424705  4.24271
-0.00222713  0.000416337  4.1484
-0.0021435  0.000408108  4.02712
-0.00206522  0.00040001  3.91294
-0.00197246  0.000392056  3.75574
-0.00188525  0.000384597  3.60182
-0.00178796  0.000376718  3.41889
-0.0016985  0.000369913  3.23996
-0.00161623  0.000363357  3.07198
-0.00150049  0.00035531  2.81582
-0.00140342  0.000349577  2.58433
-0.00128898  0.000343372  2.29774
-0.00118085  0.000336795  2.02156
-0.00106748  0.000332363  1.70742
-0.00094938  0.000326492  1.37639
-0.000817403  0.000322313  0.984766
-0.000689158  0.00031784  0.595135
-0.000552417  0.000313904  0.166983
-0.000407275  0.000310983  -0.298167
-0.000267789  0.000308865  -0.751818
-7.09651e-05  0.000307753  -1.39409
