-0.010865  0.0047755  2.17045
-0.0107782  0.00461417  2.22753
-0.010692  0.00445689  2.28679
-0.0106021  0.00429833  2.35024
-0.0105102  0.00414509  2.41496
-0.0104138  0.00398915  2.48519
-0.0103174  0.00384164  2.55553
-0.0102173  0.0036936  2.63085
-0.0101125  0.00354797  2.70928
-0.0100039  0.00340484  2.79128
-0.00989372  0.00326418  2.87782
-0.00977814  0.00312722  2.9669
-0.0096622  0.00298983  3.06445
-0.00954418  0.00285579  3.16696
-0.00942364  0.00272332  3.27674
-0.00930029  0.00259157  3.39573
-0.00917679  0.00246454  3.52065
-0.00904328  0.00233564  3.65779
-0.00890569  0.00221485  3.79516
-0.00876775  0.0020944  3.94755
-0.00862583  0.00198082  4.10225
-0.00847653  0.00186831  4.26938
-0.00832047  0.0017585  4.44723
-0.00816589  0.00165955  4.61926
-0.00799763  0.00155829  4.81145
-0.00782534  0.00146613  4.99637
-0.00765801  0.00137504  5.20566
-0.00746938  0.00128827  5.40988
-0.00727642  0.00121162  5.59284
-0.00706473  0.00114893  5.71376
-0.00686022  0.00108445  5.86496
-0.00664217  0.00102266  6.00606
-0.00642027  0.000969206  6.10837
-0.00619203  0.000914374  6.22506
-0.00595593  0.000868997  6.27842
-0.00572055  0.000826922  6.31324
-0.00559218  0.000806041  6.31752
-0.00547105  0.000788981  6.3006
-0.00532948  0.000772117  6.25485
-0.00519698  0.000755364  6.21817
-0.00503466  0.000739729  6.13017
-0.00486587  0.000724967  6.02217
-0.00467405  0.000709608  5.8822
-0.00448976  0.000696278  5.73013
-0.00428321  0.000684115  5.53009
-0.0040443  0.000673741  5.26062
-0.00380158  0.000663955  4.9726
-0.00356302  0.000655442  4.67321
-0.00321409  0.000650129  4.17469
-0.00286055  0.000645982  3.6542
