-0.010865  0.0047755  2.17045
-0.0107771  0.00461451  2.22712
-0.0106886  0.00445383  2.28761
-0.0105973  0.00430052  2.34793
-0.0105055  0.00414821  2.412
-0.010412  0.00399303  2.48231
-0.0103128  0.0038425  2.55374
-0.0102128  0.00369324  2.62989
-0.010109  0.00354636  2.70953
-0.0100012  0.00340542  2.79003
-0.00989163  0.00326502  2.87643
-0.00977495  0.00312655  2.96651
-0.00966176  0.00298733  3.06687
-0.00954517  0.00285032  3.17339
-0.0094243  0.00271692  3.28471
-0.00929936  0.00258849  3.39942
-0.0091737  0.00245888  3.5275
-0.0090445  0.00233385  3.66111
-0.00890862  0.00221057  3.80383
-0.00877267  0.00209354  3.95151
-0.00862757  0.00197602  4.11311
-0.00847993  0.00186393  4.28124
-0.00832774  0.00175543  4.45917
-0.00816912  0.00165145  4.64386
-0.00800001  0.00154789  4.84532
-0.00783614  0.00145685  5.03562
-0.00765525  0.00136565  5.23945
-0.00747021  0.00127983  5.44619
-0.00727662  0.00120637  5.61735
-0.00707277  0.00113667  5.7825
-0.00686861  0.00107352  5.93245
-0.00665584  0.00101548  6.06198
-0.00642919  0.000960663  6.17198
-0.0061931  0.000909876  6.25701
-0.00595769  0.000863768  6.31846
-0.00571849  0.000821255  6.3543
-0.00559997  0.000803327  6.34856
-0.00547351  0.000786183  6.32614
-0.00533065  0.000767839  6.29123
-0.00518199  0.000752118  6.22507
-0.00502366  0.000736339  6.14345
-0.00484854  0.000722016  6.02278
-0.00465285  0.000708047  5.86521
-0.00447859  0.000693603  5.73612
-0.0042558  0.000681718  5.50931
-0.00401663  0.000671207  5.23927
-0.0037681  0.000660634  4.94692
-0.00351957  0.000653186  4.62284
-0.00317326  0.000646403  4.1356
-0.00278332  0.000643633  3.54755
