-0.00349196  0.000652189  4.58757
-0.00344048  0.000622831  4.72116
-0.00333396  0.000597118  4.74605
-0.00327284  0.000590876  4.69275
-0.00322703  0.000582833  4.67893
-0.00319434  0.000573901  4.69478
-0.00315449  0.000565747  4.692
-0.00311355  0.000558797  4.67711
-0.00307594  0.000550809  4.67665
-0.00303467  0.000543058  4.66741
-0.00299186  0.000535489  4.65344
-0.00294763  0.000528098  4.6348
-0.00290008  0.000520402  4.61196
-0.00285695  0.000512783  4.59638
-0.00280928  0.000505453  4.56873
-0.00276084  0.000498075  4.53915
-0.00270965  0.000491287  4.49767
-0.00265672  0.000484353  4.45278
-0.00260162  0.000477884  4.39775
-0.00254227  0.000471844  4.32828
-0.00249101  0.000464649  4.28498
-0.0024331  0.00045818  4.21907
-0.00237678  0.000451584  4.156
-0.00231706  0.000445307  4.08047
-0.00225941  0.000438861  4.00904
-0.00220257  0.000432497  3.9366
-0.00213974  0.000426159  3.84771
-0.00207702  0.000420322  3.75194
-0.00201125  0.000413906  3.65118
-0.00195171  0.000408818  3.55101
-0.0018785  0.000402671  3.42339
-0.00180872  0.000397182  3.29502
-0.00174169  0.000392322  3.16499
-0.00165605  0.000387123  2.98626
-0.00158543  0.000382716  2.83613
-0.00151206  0.000377509  2.68088
-0.00143214  0.00037296  2.4993
-0.00134644  0.000369124  2.2931
-0.0012686  0.000364644  2.10782
-0.00118353  0.00036013  1.898
-0.00109464  0.000355859  1.671
-0.00101139  0.000352116  1.45234
-0.000930514  0.000348638  1.23484
-0.00082676  0.000344691  0.947982
-0.000732755  0.000341655  0.681256
-0.000623105  0.000338749  0.363411
-0.000523145  0.000336291  0.0688245
-0.000415806  0.000334417  -0.251762
-0.000295043  0.000333331  -0.614877
-0.000163383  0.000332454  -1.01252
