-0.010865  0.0047755  2.17045
-0.0107817  0.00462024  2.22536
-0.0106958  0.00446327  2.28438
-0.0106108  0.00431565  2.34282
-0.0105222  0.00416604  2.40569
-0.0104255  0.00400628  2.47748
-0.0103365  0.00386793  2.54309
-0.0102394  0.00372408  2.61524
-0.0101249  0.00356377  2.70076
-0.0100271  0.0034384  2.77079
-0.00992432  0.00330301  2.85325
-0.00982321  0.00317512  2.93634
-0.00967758  0.00301746  3.04149
-0.00957545  0.00289604  3.13375
-0.0094586  0.00275317  3.25392
-0.00933733  0.00263172  3.35801
-0.00922794  0.00251264  3.47362
-0.00909811  0.00238356  3.60726
-0.00896382  0.00226684  3.73375
-0.00881482  0.00212672  3.90969
-0.00866842  0.00200819  4.06755
-0.00854607  0.00193326  4.16192
-0.00840671  0.00181031  4.36759
-0.00827466  0.00172239  4.51388
-0.0080975  0.00161691  4.69877
-0.00792344  0.00152898  4.85515
-0.00776666  0.00143195  5.07466
-0.00757225  0.00134707  5.25009
-0.00741847  0.001277  5.41775
-0.00720622  0.00119217  5.62524
-0.00697711  0.00113307  5.71642
-0.00679123  0.00105608  5.95714
-0.0065716  0.00100361  6.04976
-0.00635953  0.000952818  6.14969
-0.00618025  0.000910771  6.23675
-0.00599118  0.000870575  6.30753
-0.00567808  0.000815029  6.35324
-0.0054298  0.000801845  6.14807
-0.00539  0.000783296  6.24285
-0.00523286  0.000762488  6.20713
-0.00510052  0.000746641  6.16162
-0.00491976  0.000728845  6.06406
-0.00471019  0.000717988  5.86387
-0.0045829  0.000705321  5.78871
-0.00431114  0.000692766  5.50134
-0.00405723  0.000675042  5.26964
-0.00385241  0.000665647  5.03632
-0.00360854  0.000661109  4.70201
-0.00333621  0.000650747  4.3584
-0.00279803  0.000644984  3.56293
