-0.010865  0.0047755  2.17045
-0.0107799  0.00461525  2.22738
-0.0106928  0.00445764  2.2866
-0.0105993  0.00429332  2.35233
-0.0105091  0.00414273  2.41607
-0.0104166  0.00399194  2.48416
-0.010318  0.00384012  2.55668
-0.0102172  0.00369027  2.63319
-0.0101122  0.00354564  2.711
-0.0100022  0.0034011  2.79386
-0.00989483  0.00326507  2.87738
-0.00978336  0.00312689  2.96887
-0.00966424  0.00298675  3.0683
-0.00953929  0.00284222  3.18037
-0.00942492  0.00271919  3.2822
-0.0092978  0.00258441  3.40419
-0.00917363  0.00245764  3.52925
-0.00903896  0.00232785  3.66818
-0.00890615  0.00221164  3.80087
-0.00876655  0.00208764  3.95977
-0.00863333  0.00197999  4.10777
-0.00847979  0.00186214  4.28529
-0.00832514  0.00175453  4.45997
-0.00816112  0.00165105  4.64014
-0.00799279  0.00154958  4.83537
-0.00782713  0.00145533  5.03469
-0.00765476  0.0013651  5.24121
-0.00745787  0.00128745  5.40437
-0.00729207  0.00120796  5.62276
-0.00707596  0.00113332  5.80239
-0.00686858  0.00107577  5.92004
-0.00664436  0.00102288  6.00689
-0.00642047  0.000963117  6.1472
-0.00619071  0.000908704  6.26244
-0.005956  0.000864228  6.31315
-0.00571551  0.000821137  6.35157
-0.00558678  0.000802128  6.34161
-0.00545806  0.000785663  6.31066
-0.00534033  0.000769686  6.28871
-0.00518266  0.000752908  6.21944
-0.00502797  0.000736288  6.14972
-0.00484401  0.000720481  6.02932
-0.00468392  0.000707501  5.91366
-0.00447985  0.000695621  5.7213
-0.00429228  0.000682955  5.55274
-0.00407247  0.000672779  5.31002
-0.00377961  0.000662513  4.95025
-0.00357519  0.000654149  4.70106
-0.00321278  0.000647031  4.19266
-0.00285534  0.000643596  3.65966
