-0.010865  0.0047755  2.17045
-0.0106505  0.00458682  2.21297
-0.0105779  0.00439422  2.29345
-0.0102675  0.00419802  2.32669
-0.0101781  0.00392977  2.46278
-0.00995684  0.00386846  2.4446
-0.0097758  0.0036445  2.54515
-0.00965921  0.00351119  2.60858
-0.00937715  0.00322924  2.74899
-0.00917577  0.00308699  2.81043
-0.00903407  0.00296828  2.87509
-0.00903407  0.00296828  2.87509
-0.00854273  0.0025849  3.11143
-0.00838707  0.00248683  3.17153
-0.00816094  0.00236699  3.23657
-0.00805799  0.00229514  3.29305
-0.00777271  0.00216025  3.3666
-0.00755873  0.00208518  3.38518
-0.00755873  0.00208518  3.38518
-0.00671995  0.00159205  3.90689
-0.00671995  0.00159205  3.90689
-0.00653664  0.00110143  5.48071
-0.00653664  0.00110143  5.48071
-0.0061724  0.00105278  5.38802
-0.00589365  0.000948395  5.68714
-0.0058149  0.000934732  5.68601
-0.0057481  0.000924899  5.67424
-0.00569106  0.000913164  5.6847
-0.00562729  0.00090263  5.68039
-0.00562668  0.000902437  5.68093
-0.00544822  0.000876213  5.64727
-0.00544822  0.000876213  5.64727
-0.00532774  0.000855266  5.64473
-0.00529008  0.000852206  5.6208
-0.00519044  0.000843211  5.56259
-0.0051001  0.000828656  5.55128
-0.0051001  0.000828656  5.55128
-0.00478337  0.000797463  5.37125
-0.00478337  0.000797463  5.37125
-0.00476686  0.00079567  5.3626
-0.00462988  0.00079118  5.2199
-0.00454259  0.000791084  5.11019
-0.00435053  0.000766257  5.02511
-0.00433511  0.00076506  5.01282
-0.00417754  0.000761286  4.83069
-0.00402747  0.000756419  4.66338
-0.00396795  0.000754761  4.59477
-0.00382353  0.000749954  4.43164
-0.00355042  0.000746795  4.08469
-0.00343341  0.000742674  3.9498
