-0.003971  0.00164852  2.10552
-0.00395429  0.0015267  2.26259
-0.00393336  0.0013931  2.46455
-0.0039141  0.00129127  2.64399
-0.00388992  0.00118659  2.85687
-0.00386005  0.00109676  3.06361
-0.00382316  0.00102295  3.2486
-0.00377002  0.000938085  3.48584
-0.0037154  0.000872059  3.68713
-0.00366165  0.000814132  3.88347
-0.00361448  0.000758362  4.10686
-0.00354676  0.000698873  4.35953
-0.0034794  0.00066376  4.48867
-0.00341931  0.000625287  4.66875
-0.00334975  0.000597304  4.77101
-0.00325731  0.000568984  4.84603
-0.00318218  0.000554791  4.83459
-0.0031479  0.00054842  4.82822
-0.00308371  0.000537235  4.80928
-0.00302287  0.000527582  4.78195
-0.00295448  0.000516384  4.75321
-0.00288317  0.000507413  4.69671
-0.00282404  0.000498017  4.66658
-0.00275241  0.00048565  4.63792
-0.00269119  0.000477575  4.58816
-0.00259891  0.000464547  4.51818
-0.00254872  0.000457633  4.47678
-0.00247982  0.000448587  4.41345
-0.00240015  0.000438338  4.33491
-0.0023169  0.000429841  4.22691
-0.00224217  0.000420279  4.14527
-0.0021592  0.000413932  4.00838
-0.0020616  0.00040393  3.86601
-0.00198122  0.000395144  3.74855
-0.00188909  0.000387971  3.5804
-0.00179899  0.000380275  3.41592
-0.0017071  0.000373243  3.23409
-0.00162235  0.000366419  3.06302
-0.00149978  0.0003572  2.79894
-0.0014015  0.000351087  2.56774
-0.0012835  0.00034471  2.27293
-0.0011898  0.000338913  2.03533
-0.00104894  0.000333247  1.64724
-0.000947356  0.000328303  1.36263
-0.000840503  0.000323555  1.05238
-0.000676854  0.000318776  0.554791
-0.000526291  0.000315486  0.083335
-0.000400859  0.000312179  -0.317579
-0.000215845  0.00030938  -0.918466
-3.4933e-05  0.000308986  -1.50514
