-0.003971  0.00164852  2.10552
-0.0039553  0.00153355  2.25314
-0.00393778  0.00141993  2.42109
-0.0039181  0.00130929  2.61065
-0.00389519  0.00120527  2.81695
-0.00386559  0.00110867  3.03571
-0.0038247  0.00102182  3.2537
-0.00378704  0.000949656  3.4613
-0.00373523  0.000869135  3.72236
-0.00369064  0.000805162  3.96273
-0.00363111  0.000750335  4.17294
-0.00357163  0.00069088  4.44597
-0.00350509  0.000656255  4.57916
-0.00342583  0.000619945  4.7195
-0.00335363  0.0005941  4.80328
-0.00326491  0.000572798  4.82703
-0.00317807  0.000553759  4.83617
-0.00311885  0.000542131  4.83066
-0.00306395  0.000531679  4.82237
-0.00300669  0.000521543  4.80631
-0.00295184  0.000511161  4.79662
-0.00288423  0.000500927  4.75964
-0.00281417  0.000489603  4.72662
-0.00274818  0.000481973  4.66453
-0.00268357  0.000471737  4.62879
-0.00262939  0.000463217  4.59697
-0.00255511  0.00045485  4.51821
-0.00248264  0.000444759  4.45779
-0.00240635  0.000434883  4.3836
-0.00232564  0.000426261  4.28291
-0.00226305  0.000419252  4.20522
-0.00217161  0.000409244  4.08463
-0.00209283  0.00040314  3.95105
-0.00199564  0.000395524  3.78143
-0.00191858  0.000387817  3.65786
-0.0018048  0.000377778  3.45388
-0.00173669  0.000372377  3.32108
-0.00164246  0.000364989  3.13014
-0.00154566  0.000359062  2.91221
-0.00141539  0.00035382  2.58717
-0.00130778  0.000344405  2.34545
-0.00120017  0.000340406  2.05686
-0.00110293  0.000333986  1.80526
-0.000983567  0.000329211  1.46887
-0.000874788  0.000325279  1.1522
-0.000731014  0.000320158  0.721563
-0.000586948  0.000314825  0.27618
-0.000469111  0.000312425  -0.0988679
-0.000287502  0.000310539  -0.684287
-0.00012913  0.000308159  -1.2035
