-0.003971  0.00164852  2.10552
-0.00394887  0.00148996  2.31474
-0.00392936  0.00137005  2.5031
-0.0039088  0.00126377  2.69733
-0.00386762  0.00113948  2.9554
-0.003824  0.00103032  3.22617
-0.00377622  0.000933715  3.5088
-0.00369989  0.000896058  3.57107
-0.00366529  0.000796955  3.97173
-0.003592  0.000730648  4.23186
-0.00355434  0.000693009  4.40736
-0.00344044  0.000627549  4.6856
-0.00335051  0.00060111  4.74208
-0.00325663  0.000571032  4.82745
-0.0031538  0.000564601  4.7003
-0.0030795  0.000550281  4.6876
-0.00304776  0.000536442  4.74937
-0.00298701  0.000534861  4.64983
-0.00294488  0.000524735  4.65926
-0.00288367  0.00051498  4.62866
-0.00278768  0.000505602  4.52467
-0.00278443  0.000497674  4.59022
-0.00269475  0.000491203  4.46812
-0.0026195  0.000479712  4.41828
-0.00254818  0.000469652  4.36105
-0.00246814  0.000463694  4.24448
-0.00240539  0.00045072  4.22742
-0.00234209  0.000444623  4.14304
-0.00224651  0.000433462  4.0292
-0.00224768  0.000430442  4.06021
-0.00217161  0.000424328  3.93944
-0.00203113  0.000412386  3.71287
-0.00202148  0.00040604  3.74712
-0.00189876  0.000399558  3.50077
-0.00181925  0.0003912  3.37232
-0.0017128  0.000385336  3.14737
-0.00162055  0.000378875  2.95756
-0.0015319  0.000373684  2.76143
-0.00147232  0.000364565  2.66706
-0.00140758  0.000359875  2.52194
-0.00123573  0.000350204  2.10087
-0.00116881  0.00034649  1.93025
-0.00108071  0.00034558  1.6804
-0.000922437  0.000337927  1.25008
-0.000839137  0.000331996  1.02151
-0.000702342  0.000327748  0.617371
-0.000601004  0.000324937  0.31084
-0.000473335  0.000321435  -0.0829566
-0.000473335  0.000321435  -0.0829566
-4.35562e-05  0.000315911  -1.44485
