-0.003971  0.00164852  2.10552
-0.00395422  0.00152612  2.2634
-0.00393828  0.00142357  2.41526
-0.00391669  0.00131448  2.59927
-0.00389288  0.00121251  2.79824
-0.00386395  0.0011209  3.00111
-0.00382842  0.00104853  3.17438
-0.00378517  0.000969418  3.3888
-0.00374216  0.000896276  3.61737
-0.00369911  0.000829668  3.85589
-0.00364513  0.000763008  4.12201
-0.00357909  0.000710001  4.33674
-0.00353323  0.000666525  4.55082
-0.00347106  0.00063701  4.66407
-0.00339184  0.000600921  4.81235
-0.00330707  0.000579232  4.8462
-0.0032156  0.000556735  4.87772
-0.00314736  0.000547163  4.83834
-0.00307555  0.000535712  4.80772
-0.00302109  0.000525287  4.79945
-0.0029626  0.000515769  4.77461
-0.00290367  0.000505233  4.75755
-0.00283005  0.000495253  4.70476
-0.00274728  0.000484162  4.64158
-0.00267843  0.000475595  4.58043
-0.00263533  0.000467514  4.56741
-0.00254433  0.000455019  4.49284
-0.00248747  0.000446379  4.45242
-0.00242023  0.000439066  4.37344
-0.00234633  0.000429784  4.29595
-0.00223759  0.00041909  4.1461
-0.00215404  0.000409917  4.03507
-0.00211335  0.000405739  3.97634
-0.00199759  0.00039529  3.78858
-0.00191002  0.000387326  3.64039
-0.00180233  0.000379778  3.42918
-0.00171782  0.000371544  3.27771
-0.00163291  0.000365582  3.09893
-0.00149397  0.000358746  2.77069
-0.0014198  0.00035166  2.61559
-0.00129495  0.000344957  2.30448
-0.0011707  0.000337796  1.98551
-0.00104728  0.000331554  1.65066
-0.000990119  0.000328535  1.49183
-0.000790709  0.000322089  0.902574
-0.000666756  0.00031687  0.526262
-0.000600417  0.000314907  0.318877
-0.000376569  0.000311333  -0.396459
-0.000294087  0.000309714  -0.66485
-2.40119e-05  0.00030813  -1.54476
