-0.003971  0.00164852  2.10552
-0.00395437  0.00152716  2.26195
-0.00393626  0.00141046  2.43627
-0.00391579  0.00129759  2.6324
-0.0038903  0.00118935  2.85056
-0.00385784  0.00109077  3.07842
-0.00381607  0.00100393  3.3031
-0.00377161  0.000927943  3.52566
-0.00372654  0.000855362  3.77213
-0.00367084  0.000786965  4.0292
-0.00361276  0.000733822  4.24184
-0.00355127  0.000677742  4.50211
-0.003484  0.000636215  4.69024
-0.00341329  0.000604269  4.82118
-0.00332999  0.000583132  4.85308
-0.00324031  0.000560907  4.88551
-0.00318381  0.000550225  4.87765
-0.00313002  0.000540137  4.86918
-0.00307012  0.000530076  4.84859
-0.00300956  0.000519976  4.82629
-0.00294902  0.000509992  4.80207
-0.00288592  0.000500487  4.7672
-0.00280956  0.000489647  4.71679
-0.00275055  0.000479996  4.6887
-0.00268195  0.000470803  4.63454
-0.00261839  0.000461435  4.59086
-0.00254833  0.000453437  4.51734
-0.00247176  0.000443518  4.44572
-0.00239576  0.000435026  4.3578
-0.00232097  0.000425818  4.27641
-0.00224681  0.000417798  4.18099
-0.00216742  0.000409286  4.07398
-0.00208014  0.00040103  3.9402
-0.00199378  0.000393216  3.79889
-0.00189901  0.00038538  3.6302
-0.00180791  0.00037783  3.46162
-0.00171506  0.000370508  3.27946
-0.00161409  0.000363392  3.06582
-0.00151349  0.000356293  2.84454
-0.00141623  0.000350229  2.61608
-0.00130574  0.000343717  2.34421
-0.00119083  0.000338045  2.04359
-0.00108296  0.00033228  1.75441
-0.000957145  0.000326799  1.39886
-0.000831196  0.000322519  1.02691
-0.000703126  0.00031807  0.63862
-0.000565541  0.00031409  0.20867
-0.000411045  0.000311231  -0.285817
-0.000262435  0.000308606  -0.769799
-8.64123e-05  0.000307476  -1.34511
