-0.010865  0.0047755  2.17045
-0.01078  0.00461498  2.22752
-0.0106916  0.00445419  2.2881
-0.010602  0.00429814  2.35031
-0.0105118  0.00414449  2.41568
-0.0104149  0.00398787  2.48627
-0.0103178  0.00383716  2.55862
-0.0102174  0.00368942  2.63384
-0.0101126  0.00354499  2.71161
-0.0100007  0.00339788  2.79606
-0.00989051  0.00326331  2.8776
-0.00977945  0.00311936  2.9748
-0.00966763  0.00298588  3.07032
-0.00954803  0.00284952  3.17528
-0.00942503  0.00271411  3.28838
-0.00930292  0.00258478  3.40568
-0.00917013  0.00245381  3.53333
-0.00904151  0.00232801  3.66902
-0.0089131  0.00221202  3.80336
-0.00877055  0.00208846  3.96011
-0.00862172  0.00197103  4.12055
-0.0084722  0.00185603  4.29531
-0.00831935  0.00174928  4.47004
-0.00816074  0.00164505  4.65685
-0.00799494  0.00154834  4.84064
-0.00782676  0.00145248  5.04431
-0.00765291  0.00136696  5.2327
-0.0074637  0.00128039  5.43872
-0.00726615  0.00120083  5.63455
-0.00707221  0.0011331  5.8002
-0.00684855  0.00106912  5.93813
-0.00662912  0.00101168  6.05837
-0.00640835  0.000958601  6.16351
-0.00618107  0.000908566  6.25279
-0.00595001  0.000861984  6.32264
-0.00569986  0.000819325  6.34652
-0.00557681  0.000801756  6.33211
-0.00545625  0.000784276  6.31952
-0.00531187  0.000767674  6.26812
-0.00518365  0.000751665  6.23103
-0.0050038  0.000735834  6.12067
-0.00485194  0.000722188  6.02606
-0.00466854  0.000708614  5.88267
-0.00446272  0.000695412  5.69838
-0.00425149  0.000683592  5.48791
-0.00402093  0.000671706  5.24178
-0.00376534  0.000661449  4.93664
-0.00348626  0.000653935  4.56661
-0.00318294  0.000647591  4.14295
-0.00281776  0.000644393  3.59682
