-0.010865  0.0047755  2.17045
-0.0106846  0.0044861  2.27025
-0.0106846  0.0044861  2.27025
-0.0104085  0.00406704  2.4363
-0.0103313  0.00395487  2.48587
-0.0101724  0.00373124  2.59229
-0.0100978  0.00362947  2.64441
-0.0100269  0.0035347  2.69526
-0.0097236  0.0031505  2.92767
-0.00963212  0.00303096  3.01294
-0.00948511  0.00283841  3.16554
-0.00932354  0.00269653  3.27219
-0.00918212  0.00253972  3.41854
-0.0089264  0.00230521  3.65538
-0.00885868  0.00221082  3.78081
-0.00867165  0.00202208  4.0412
-0.00849678  0.00188887  4.23363
-0.00838223  0.0018139  4.34547
-0.00792056  0.00164731  4.50466
-0.00784943  0.0015416  4.7674
-0.00760124  0.00150117  4.73047
-0.00735699  0.00133462  5.13778
-0.00719683  0.00129045  5.18953
-0.00671345  0.00120735  5.14636
-0.00647717  0.00109531  5.45707
-0.00647717  0.00109531  5.45707
-0.00620006  0.00107044  5.32495
-0.0060898  0.00105281  5.30939
-0.00591108  0.00102077  5.30098
-0.00582762  0.00100952  5.27736
-0.00582762  0.00100952  5.27736
-0.00545818  0.000973762  5.09177
-0.00544193  0.000972713  5.08057
-0.00520553  0.000959782  4.90271
-0.00484745  0.000897576  4.84355
-0.00484745  0.000897576  4.84355
-0.00484099  0.000896011  4.84479
-0.00467191  0.000859577  4.85345
-0.00463473  0.000851717  4.85459
-0.00454662  0.000836696  4.83642
-0.00435882  0.000809999  4.76398
-0.00424815  0.000790763  4.73991
-0.00416162  0.000782284  4.68068
-0.0039945  0.000764667  4.56997
-0.00371589  0.000750432  4.28539
-0.00361824  0.000732414  4.25749
-0.00337049  0.000730562  3.92916
-0.00322224  0.000728262  3.73799
-0.00302176  0.000715665  3.52365
-0.00260531  0.00070715  2.97717
