-0.003971  0.00164852  2.10552
-0.00395418  0.00152581  2.26383
-0.00393675  0.00141679  2.42572
-0.00391112  0.0012953  2.63346
-0.00388536  0.00119392  2.8355
-0.00384647  0.00110446  3.02996
-0.00381407  0.00102567  3.23113
-0.0037757  0.000945364  3.46501
-0.00372788  0.000871838  3.70238
-0.00368048  0.000812506  3.91441
-0.0036242  0.000748848  4.17201
-0.00357165  0.000694388  4.42353
-0.00350395  0.000648656  4.63103
-0.00343139  0.000612604  4.78513
-0.00336078  0.000589374  4.85394
-0.00327549  0.000568441  4.88264
-0.00321534  0.000557854  4.86748
-0.00315772  0.000546828  4.86025
-0.00309702  0.00053566  4.84827
-0.00303516  0.000525879  4.82081
-0.00297345  0.000516601  4.78794
-0.00290948  0.000505548  4.76607
-0.00283919  0.000495862  4.71742
-0.00276435  0.000483798  4.68037
-0.00269816  0.000475481  4.62302
-0.00264003  0.000466617  4.58626
-0.00256319  0.000457232  4.51233
-0.00249037  0.000447833  4.44445
-0.00241891  0.00043871  4.37398
-0.00233202  0.000428594  4.27448
-0.00225253  0.000420531  4.16742
-0.00216802  0.000410655  4.06187
-0.002081  0.000402726  3.92573
-0.00200692  0.000394964  3.81533
-0.00192429  0.000388042  3.67046
-0.00181046  0.000378902  3.45857
-0.00171674  0.000371284  3.27711
-0.00160374  0.000363699  3.03476
-0.00150981  0.000357618  2.8237
-0.00138916  0.000349098  2.54703
-0.0012963  0.000344262  2.31306
-0.00118283  0.000338037  2.01997
-0.00105103  0.000331845  1.6605
-0.000935771  0.00032639  1.33513
-0.000813407  0.000322121  0.972949
-0.000667122  0.000317765  0.52593
-0.000537516  0.000313888  0.119521
-0.000379162  0.000310353  -0.389356
-0.000227535  0.000308058  -0.884458
-3.99798e-05  0.000307187  -1.49752
