-0.010865  0.0047755  2.17045
-0.0106496  0.00458609  2.21313
-0.0104638  0.00438222  2.27369
-0.0102519  0.00415178  2.34885
-0.0100513  0.00398777  2.39514
-0.00983125  0.0038107  2.4487
-0.00960023  0.00362057  2.51348
-0.00937393  0.00344404  2.5766
-0.0091422  0.00325663  2.65372
-0.00890644  0.00310641  2.70616
-0.00863827  0.00295483  2.75423
-0.00839351  0.002798  2.82112
-0.00807976  0.00261067  2.90338
-0.00782888  0.00246983  2.96737
-0.00751711  0.00234399  2.99366
-0.00726096  0.00218496  3.09431
-0.00696164  0.00204499  3.15974
-0.00664352  0.0019223  3.19592
-0.00630367  0.00181353  3.2002
-0.00602071  0.00166317  3.31939
-0.005817  0.00128508  4.13749
-0.00570302  0.00121435  4.2846
-0.0053955  0.00107051  4.57304
-0.00509703  0.000971559  4.7316
-0.00471138  0.000866916  4.85788
-0.00466924  0.000858458  4.85666
-0.00460632  0.000847495  4.84524
-0.00456137  0.00083973  4.83651
-0.00450464  0.000830097  4.82431
-0.00445305  0.000821986  4.80915
-0.00441272  0.000815861  4.79581
-0.00435684  0.000806108  4.78452
-0.00428066  0.000796709  4.74535
-0.00422415  0.000789052  4.71978
-0.00418499  0.000782811  4.70738
-0.00410541  0.000775289  4.65041
-0.00404911  0.000766894  4.62791
-0.00392093  0.000760913  4.49583
-0.00389407  0.000753453  4.50469
-0.00375201  0.000742311  4.38093
-0.00373224  0.000739531  4.37066
-0.00363619  0.000736633  4.25746
-0.00354221  0.00073136  4.15966
-0.00339452  0.000723738  3.99941
-0.00330344  0.000722223  3.88169
-0.00321345  0.000721902  3.75875
-0.00321345  0.000721902  3.75875
-0.00321345  0.000721902  3.75875
-0.0027123  0.000709422  3.11846
-0.00263545  0.00070717  3.01971
