-0.003971  0.00164852  2.10552
-0.00395485  0.00153073  2.257
-0.00393875  0.00142611  2.41128
-0.00392011  0.00132039  2.59023
-0.00389487  0.00123058  2.75876
-0.00386667  0.00113233  2.97322
-0.00383312  0.00105579  3.15699
-0.00379461  0.000974818  3.37971
-0.00376224  0.000914976  3.56538
-0.00371984  0.000851988  3.7792
-0.00365624  0.000788252  4.0041
-0.00360406  0.000739699  4.19638
-0.00354959  0.000692042  4.40665
-0.00349474  0.000651711  4.59519
-0.00342467  0.000617122  4.7392
-0.00335916  0.000592584  4.82491
-0.00328352  0.000571309  4.87219
-0.00322403  0.000560342  4.86138
-0.00316083  0.000549412  4.84305
-0.00310189  0.000537974  4.83646
-0.00303889  0.000527052  4.81716
-0.00297563  0.000515477  4.8026
-0.0029137  0.000505703  4.77296
-0.00284768  0.000495468  4.7383
-0.00276888  0.000483077  4.69673
-0.00270984  0.00047485  4.65376
-0.00264059  0.000464859  4.60481
-0.0025582  0.000454028  4.53319
-0.00247839  0.000444023  4.45562
-0.00240324  0.000435772  4.36751
-0.00230611  0.000426241  4.23731
-0.00224089  0.000417281  4.17198
-0.00214495  0.000407676  4.03495
-0.0020532  0.000399303  3.88977
-0.00195443  0.000391239  3.7175
-0.00188058  0.000383685  3.59821
-0.00179191  0.000376366  3.43258
-0.00169156  0.000368108  3.23697
-0.00156219  0.000360342  2.94773
-0.00145843  0.000353398  2.71204
-0.00135405  0.000346409  2.46543
-0.00122327  0.000340588  2.12358
-0.00110917  0.000334357  1.82191
-0.00101321  0.000329386  1.55808
-0.000845139  0.000323623  1.06648
-0.000699165  0.000318539  0.625245
-0.000555724  0.00031509  0.176852
-0.000440707  0.00031203  -0.190025
-0.000264936  0.000309611  -0.759224
-3.95901e-05  0.000308561  -1.49212
