-0.003971  0.00164852  2.10552
-0.003951  0.00151408  2.27927
-0.00393074  0.0013954  2.45861
-0.00390294  0.00127343  2.67227
-0.00386919  0.00115127  2.92649
-0.00383566  0.00105638  3.15765
-0.00379593  0.000975017  3.38038
-0.0037551  0.000902804  3.60554
-0.00367018  0.000778943  4.06985
-0.00363736  0.000758893  4.13413
-0.00354568  0.000689384  4.41797
-0.00346822  0.000643935  4.60951
-0.00338425  0.000606957  4.75199
-0.00331382  0.000584749  4.81201
-0.00319952  0.000553178  4.88003
-0.00312248  0.000544467  4.8166
-0.00306691  0.000531094  4.83325
-0.00301626  0.000527217  4.77271
-0.00294479  0.00051861  4.71413
-0.00290361  0.000507166  4.73929
-0.00286146  0.00049988  4.72404
-0.00278866  0.000489418  4.67629
-0.00273355  0.000479595  4.65717
-0.00265723  0.000469414  4.59559
-0.00260752  0.000461638  4.5653
-0.0025151  0.000449902  4.47897
-0.00248598  0.000446687  4.44602
-0.00239456  0.000437691  4.32853
-0.00229644  0.000426686  4.21022
-0.00225644  0.000421158  4.1705
-0.00216993  0.000410924  4.06384
-0.00213259  0.000407492  4.00644
-0.00202408  0.000396645  3.84243
-0.0019245  0.000389082  3.66118
-0.00187181  0.000385482  3.5587
-0.00179184  0.000377127  3.42548
-0.00166306  0.000370145  3.14217
-0.00155673  0.000363836  2.90441
-0.00145852  0.000355884  2.69334
-0.00137347  0.000349371  2.50011
-0.00129981  0.000344587  2.32107
-0.00119701  0.00033985  2.05094
-0.00107125  0.000333535  1.71272
-0.000955066  0.000328276  1.38623
-0.000844885  0.000324  1.06446
-0.000710716  0.000320571  0.657313
-0.000622273  0.000316908  0.385833
-0.000431309  0.000313249  -0.219285
-0.000313247  0.000310197  -0.602047
-0.000137716  0.000308736  -1.17344
