-0.003971  0.00164852  2.10552
-0.00395429  0.00153536  2.24982
-0.00393612  0.00142053  2.4189
-0.00391781  0.0013198  2.58963
-0.00388934  0.00121713  2.78469
-0.00385909  0.00112656  2.98172
-0.00382085  0.00105107  3.15949
-0.00377891  0.000972719  3.37087
-0.00374078  0.000898548  3.60669
-0.0036944  0.000832428  3.83744
-0.00362759  0.000782392  3.99747
-0.00357415  0.000714773  4.30087
-0.00351516  0.000669652  4.50258
-0.00344778  0.000629382  4.6836
-0.00337997  0.000600571  4.79538
-0.00329667  0.000578856  4.83138
-0.00321649  0.000559175  4.85803
-0.00315166  0.000549328  4.8271
-0.00309971  0.000538204  4.83034
-0.00304077  0.000527909  4.81289
-0.00297274  0.00051789  4.77464
-0.00290941  0.000506665  4.75543
-0.00284923  0.000496741  4.72929
-0.00277298  0.000487287  4.66456
-0.00269861  0.000476262  4.61639
-0.00264373  0.000466795  4.59245
-0.00257396  0.000458947  4.51896
-0.00249533  0.000448693  4.44698
-0.00243119  0.000440255  4.38653
-0.00234668  0.000431829  4.27642
-0.00224695  0.000419946  4.15993
-0.002187  0.000412324  4.09145
-0.00210703  0.000405532  3.96276
-0.00202073  0.000396553  3.83488
-0.00190902  0.000388362  3.62811
-0.00183351  0.000381252  3.4977
-0.00172064  0.000372496  3.27692
-0.00161488  0.000365282  3.05211
-0.00151901  0.000359064  2.83798
-0.00140934  0.000351089  2.59006
-0.00131855  0.000345145  2.3716
-0.00118661  0.000340592  2.01592
-0.00108935  0.000333976  1.76465
-0.000952847  0.000327227  1.38389
-0.000862516  0.000324613  1.11676
-0.000708437  0.00031851  0.654413
-0.000548787  0.000314574  0.155089
-0.000432628  0.000311575  -0.216232
-0.000261256  0.000308943  -0.772777
-5.26423e-05  0.000307939  -1.45275
