-0.010865  0.0047755  2.17045
-0.01078  0.00461498  2.22752
-0.010693  0.00445621  2.28737
-0.0106024  0.00429856  2.35019
-0.0105109  0.00414242  2.41667
-0.0104152  0.00398764  2.48649
-0.0103182  0.00383775  2.55833
-0.0102173  0.0036894  2.63384
-0.0101129  0.00354418  2.71231
-0.0100042  0.00340282  2.79305
-0.00989357  0.00326172  2.87995
-0.00977945  0.00311936  2.9748
-0.00966372  0.00298507  3.06985
-0.00954633  0.0028486  3.17571
-0.00942503  0.00271411  3.28838
-0.00930052  0.00258599  3.40316
-0.00917013  0.00245381  3.53333
-0.00904524  0.00233257  3.66345
-0.00890827  0.00220823  3.80771
-0.00877055  0.00208846  3.96011
-0.00862172  0.00197103  4.12055
-0.00847921  0.00186279  4.28348
-0.00832709  0.00175585  4.45771
-0.00816215  0.00164626  4.65428
-0.00800789  0.0015533  4.83351
-0.00783842  0.00145703  5.03655
-0.00764828  0.00136266  5.24582
-0.00748756  0.00128818  5.42437
-0.00726615  0.00120083  5.63455
-0.00708336  0.00113638  5.79325
-0.00685991  0.00107366  5.92358
-0.00663715  0.00102003  6.01666
-0.00641687  0.000962524  6.14725
-0.00620268  0.00091137  6.25726
-0.005961  0.000866419  6.30295
-0.00571476  0.000821575  6.34728
-0.0055815  0.000801592  6.33925
-0.0054715  0.000786393  6.3219
-0.00531506  0.000768539  6.26521
-0.00517484  0.000751635  6.21956
-0.0050168  0.000737867  6.12142
-0.00483898  0.000721084  6.01729
-0.00466076  0.000707426  5.88155
-0.00446527  0.000694787  5.70717
-0.00424816  0.000682876  5.48879
-0.00402093  0.000671706  5.24178
-0.00376534  0.000661449  4.93664
-0.00348851  0.000654464  4.56635
-0.00318294  0.000647591  4.14295
-0.00282574  0.000644267  3.60991
