-0.010865  0.0047755  2.17045
-0.010751  0.00456135  2.24736
-0.0106328  0.00434964  2.32957
-0.0105093  0.00413979  2.41783
-0.0103854  0.0039408  2.50848
-0.0102561  0.00374546  2.60478
-0.0100947  0.00356797  2.68912
-0.00996591  0.00336057  2.81675
-0.00981994  0.00317336  2.93694
-0.00966696  0.0029868  3.06915
-0.00951621  0.00281436  3.20364
-0.00934835  0.00263138  3.36263
-0.00918814  0.00247085  3.51626
-0.00898618  0.00232171  3.65515
-0.00879126  0.00218  3.80334
-0.00864102  0.00201156  4.04713
-0.00841331  0.00187211  4.22695
-0.00822695  0.00171819  4.49715
-0.00802191  0.0015954  4.71475
-0.00780001  0.00149971  4.86761
-0.00751241  0.00139197  5.03778
-0.00726759  0.00132377  5.11235
-0.0069785  0.00122181  5.30238
-0.00676785  0.00116331  5.38793
-0.00639816  0.00108733  5.42443
-0.00632592  0.00107496  5.41965
-0.00622059  0.00105875  5.40315
-0.00615086  0.0010484  5.38999
-0.00607399  0.00103823  5.36875
-0.0060248  0.00103353  5.34556
-0.00592868  0.00102392  5.30185
-0.00586207  0.00101336  5.2914
-0.00574069  0.00100133  5.23373
-0.00560695  0.000990638  5.15522
-0.00551132  0.000982835  5.09884
-0.00545211  0.000966386  5.12436
-0.00541857  0.000957219  5.1384
-0.00530287  0.000941719  5.10011
-0.00519296  0.000937211  5.00737
-0.00510467  0.000927695  4.96356
-0.00499947  0.00091827  4.89994
-0.0048263  0.000900159  4.80615
-0.0048263  0.000900159  4.80615
-0.00473377  0.000883964  4.78953
-0.00469116  0.000872182  4.80537
-0.00460302  0.000864519  4.74602
-0.00449462  0.000854647  4.674
-0.00444268  0.00084782  4.65038
-0.00444268  0.00084782  4.65038
-0.00404552  0.000840648  4.21761
