-0.003971  0.00164852  2.10552
-0.00395537  0.00153711  2.24796
-0.00393882  0.00143091  2.40324
-0.0039188  0.00131769  2.59453
-0.00389578  0.00121325  2.79891
-0.00387308  0.00113246  2.97854
-0.0038338  0.00105303  3.16591
-0.00380326  0.000992245  3.32907
-0.00375175  0.000909793  3.57416
-0.00372179  0.000852928  3.77733
-0.003662  0.000811073  3.89854
-0.00362472  0.000759581  4.11374
-0.00357265  0.000715541  4.29416
-0.00349723  0.000660923  4.53491
-0.00344674  0.00062545  4.7114
-0.00337532  0.00060277  4.77017
-0.00330032  0.00057919  4.8349
-0.00320654  0.000567677  4.76774
-0.00315869  0.000554303  4.79646
-0.00310489  0.000543436  4.79336
-0.00307223  0.000537385  4.78657
-0.00301507  0.000527344  4.7693
-0.00294655  0.000515858  4.74268
-0.00283677  0.000504369  4.63306
-0.00277788  0.000494836  4.60331
-0.002728  0.000483401  4.609
-0.00264471  0.000475364  4.51173
-0.00256167  0.000464748  4.4361
-0.00247409  0.000457559  4.31439
-0.002389  0.000442959  4.2645
-0.00233871  0.00043963  4.18241
-0.00221288  0.000424873  4.03151
-0.00215693  0.000418914  3.95531
-0.00207552  0.000411583  3.82795
-0.00196453  0.0004022  3.64129
-0.00188296  0.000395595  3.49589
-0.00182531  0.000386555  3.42851
-0.00169308  0.000378367  3.15324
-0.00160292  0.000370815  2.97431
-0.00149295  0.000362902  2.73615
-0.00140514  0.000354669  2.55207
-0.00126163  0.000348476  2.1856
-0.00118148  0.000341236  1.99708
-0.00107064  0.00033711  1.69275
-0.000912117  0.000331187  1.24437
-0.000779609  0.00032415  0.862592
-0.000636568  0.000321116  0.425291
-0.000531411  0.000318778  0.0985361
-0.000331026  0.000315888  -0.534916
-0.000155519  0.000314888  -1.09398
