-0.003971  0.00164852  2.10552
-0.00395489  0.00153107  2.25652
-0.00393108  0.00140428  2.44331
-0.00390847  0.00129912  2.62368
-0.00388003  0.00118185  2.85994
-0.00385024  0.001084  3.09063
-0.00380881  0.0010018  3.30286
-0.00375798  0.000925125  3.52166
-0.00370544  0.000857363  3.73872
-0.00365678  0.000783466  4.02925
-0.00358827  0.00072333  4.26952
-0.00351983  0.000678932  4.44791
-0.00345008  0.000640484  4.60601
-0.00337449  0.000606213  4.74172
-0.00328679  0.000575294  4.84412
-0.00319677  0.000553761  4.86992
-0.00314141  0.000543522  4.85981
-0.00308888  0.000533508  4.85255
-0.00302508  0.000523584  4.82268
-0.00296185  0.000513328  4.79585
-0.00290652  0.000504364  4.77139
-0.00284576  0.000494741  4.74138
-0.00277995  0.000485954  4.6917
-0.00270602  0.000474463  4.64951
-0.00264528  0.000466599  4.59769
-0.00257551  0.000457172  4.53989
-0.00250473  0.000449189  4.46301
-0.00243199  0.00044024  4.3885
-0.00236117  0.000431493  4.31331
-0.00227869  0.00042348  4.20017
-0.00219916  0.000414796  4.09639
-0.00211566  0.000405841  3.98103
-0.00203874  0.000399174  3.85481
-0.00195563  0.000390953  3.72329
-0.0018647  0.000382821  3.56485
-0.00177512  0.000376966  3.38259
-0.00167619  0.000368234  3.19414
-0.00157956  0.000361962  2.98253
-0.00148726  0.000355254  2.77902
-0.00137695  0.000349062  2.51231
-0.00128275  0.000343561  2.27835
-0.00115497  0.000338705  1.93375
-0.00103575  0.000332106  1.61318
-0.000925134  0.000327855  1.29671
-0.000796961  0.000323508  0.917942
-0.00068535  0.000319935  0.579336
-0.000533042  0.000316076  0.104538
-0.000401151  0.000312652  -0.316164
-0.000246793  0.00031043  -0.815666
-4.44835e-05  0.000309255  -1.47295
