-0.003971  0.00164852  2.10552
-0.00395348  0.00152896  2.25871
-0.0039338  0.00141294  2.43026
-0.00391382  0.00129042  2.64551
-0.00389088  0.00119167  2.84548
-0.00385201  0.0011  3.04727
-0.00381475  0.00100746  3.29021
-0.00377318  0.000934943  3.50094
-0.00371599  0.000861522  3.73292
-0.00366571  0.000797265  3.97072
-0.00360099  0.000732783  4.2318
-0.00354916  0.000677153  4.50291
-0.00347591  0.000640767  4.64429
-0.00340008  0.000609841  4.75546
-0.0033188  0.000583331  4.83225
-0.00323585  0.000561724  4.87045
-0.0031802  0.000551739  4.85773
-0.00311959  0.000540953  4.84255
-0.0030629  0.000530721  4.82909
-0.00299202  0.000519635  4.79572
-0.00293567  0.000509944  4.77635
-0.00287283  0.000500773  4.73833
-0.00281178  0.000490572  4.71242
-0.00273818  0.000481069  4.6525
-0.00267592  0.000471133  4.61848
-0.00260602  0.000462175  4.55676
-0.00253675  0.00045184  4.50768
-0.00246476  0.000443256  4.43256
-0.00238894  0.000433817  4.35423
-0.00231219  0.000425402  4.25995
-0.00224064  0.000417179  4.1724
-0.00215648  0.000408809  4.05196
-0.00206915  0.000400247  3.92046
-0.00197397  0.000392562  3.75475
-0.0018865  0.00038458  3.60522
-0.00179344  0.000377202  3.42905
-0.00169424  0.000370022  3.22749
-0.00159134  0.000362931  3.00701
-0.00149149  0.000355641  2.7879
-0.00138811  0.000348911  2.54538
-0.00127557  0.000343317  2.25905
-0.00118532  0.000337334  2.03157
-0.00104668  0.000331361  1.64981
-0.000923227  0.000326144  1.29767
-0.00080271  0.000321427  0.941769
-0.000669121  0.000317119  0.533303
-0.000523757  0.000313166  0.0758615
-0.00038479  0.000309835  -0.371844
-0.00021935  0.000308181  -0.910667
-3.93703e-05  0.000307014  -1.50035
