-0.010865  0.0047755  2.17045
-0.0107796  0.00461424  2.22779
-0.0106916  0.00445598  2.28718
-0.0106015  0.00429858  2.34997
-0.0105095  0.00414345  2.41574
-0.0104149  0.00399024  2.48478
-0.0103146  0.00383674  2.55805
-0.0102148  0.00369134  2.63179
-0.0101106  0.00354566  2.71051
-0.00999437  0.00339291  2.7983
-0.00989075  0.00326088  2.87983
-0.00976869  0.0031141  2.97637
-0.00965818  0.00297938  3.07385
-0.0095382  0.00284208  3.18013
-0.00942157  0.00271304  3.2884
-0.009298  0.00258475  3.40381
-0.00917113  0.00245653  3.52983
-0.00903536  0.00232384  3.67296
-0.00890583  0.00220776  3.8074
-0.00876628  0.00208755  3.95979
-0.00860718  0.001961  4.13421
-0.00846604  0.00185355  4.29773
-0.0083214  0.0017526  4.46273
-0.00814804  0.00163907  4.66608
-0.00798691  0.00154143  4.85713
-0.00781049  0.00144334  5.06497
-0.00763667  0.0013546  5.26847
-0.00743953  0.00126807  5.4725
-0.00724949  0.00119545  5.64598
-0.00704258  0.00112487  5.81633
-0.00682912  0.00106336  5.95203
-0.00661776  0.00100726  6.07365
-0.00639478  0.000954089  6.17844
-0.00615809  0.000906309  6.243
-0.00591477  0.000857262  6.31635
-0.00567116  0.000814424  6.34947
-0.00555112  0.000798653  6.32455
-0.00542386  0.000780182  6.31117
-0.00530768  0.000766447  6.27268
-0.00514501  0.000748626  6.20472
-0.00500422  0.000734185  6.13499
-0.00482428  0.000719298  6.0118
-0.00462481  0.000704694  5.85334
-0.00443545  0.000692854  5.68006
-0.00421528  0.000680506  5.45958
-0.00398432  0.000669758  5.20236
-0.00374204  0.000661227  4.90306
-0.00357083  0.000655435  4.68517
-0.00324574  0.000649097  4.23008
-0.00283633  0.000644346  3.62589
