-0.010865  0.0047755  2.17045
-0.01078  0.00461498  2.22752
-0.010693  0.00445621  2.28737
-0.0106025  0.00429938  2.34976
-0.0105115  0.00414352  2.41619
-0.0104166  0.00399088  2.4848
-0.0103188  0.00383859  2.55791
-0.0102185  0.00369104  2.63299
-0.0101137  0.00354531  2.71167
-0.0100045  0.00340301  2.79298
-0.00989357  0.00326172  2.87995
-0.00978118  0.00312205  2.97278
-0.00966603  0.00298554  3.07014
-0.0095478  0.00284929  3.17545
-0.0094265  0.00271835  3.28379
-0.0093025  0.00258579  3.40418
-0.00917688  0.00245966  3.52768
-0.00904524  0.00233257  3.66345
-0.00890982  0.00220926  3.80662
-0.00877055  0.00208846  3.96011
-0.00863021  0.0019752  4.11614
-0.00848055  0.00186266  4.2845
-0.00832747  0.00175564  4.45847
-0.00816641  0.00165015  4.64589
-0.00800622  0.00155082  4.84016
-0.00783693  0.00145642  5.03765
-0.00765955  0.00136561  5.24274
-0.00747265  0.0012798  5.44823
-0.00728107  0.00120399  5.63219
-0.00708016  0.00113414  5.80189
-0.00686061  0.00107128  5.93738
-0.0066411  0.00101427  6.05472
-0.00642279  0.000959353  6.17374
-0.00619325  0.000909836  6.25745
-0.0059601  0.000863456  6.32353
-0.00571706  0.000821813  6.34823
-0.00559539  0.000803563  6.34099
-0.00547191  0.000786089  6.32486
-0.00532849  0.000769084  6.27823
-0.00519279  0.000753451  6.22839
-0.00502659  0.000736524  6.14588
-0.00485926  0.000721903  6.03856
-0.00469193  0.000708988  5.91255
-0.00446924  0.000695156  5.70985
-0.00427045  0.000683012  5.52033
-0.00402452  0.000672245  5.2429
-0.00377221  0.000661894  4.94371
-0.00351991  0.000654151  4.61654
-0.00318294  0.000647591  4.14295
-0.00282994  0.000644161  3.61701
