-0.00396493  0.00164378  2.1079
-0.00394596  0.00153616  2.24322
-0.00392712  0.0014052  2.43889
-0.0038959  0.00129971  2.61282
-0.00387715  0.00119475  2.82665
-0.00383761  0.00110835  3.01133
-0.00379603  0.00102446  3.21735
-0.0037518  0.000944093  3.44436
-0.00370414  0.000859985  3.72581
-0.00365306  0.000799404  3.94426
-0.00359846  0.000741361  4.17942
-0.00353913  0.000690508  4.40129
-0.00346427  0.00064306  4.60964
-0.0033953  0.000612477  4.7272
-0.00330515  0.000585427  4.79162
-0.00321844  0.000565217  4.80955
-0.00315825  0.000554692  4.79231
-0.00309469  0.000544468  4.76555
-0.00303598  0.000534011  4.74893
-0.00297386  0.000523852  4.72243
-0.00290777  0.000513751  4.68665
-0.00284432  0.00050075  4.68162
-0.00277807  0.000493868  4.6127
-0.00271411  0.000485577  4.55975
-0.00264864  0.000474942  4.52401
-0.00256702  0.000466733  4.42869
-0.00250108  0.000456963  4.37909
-0.00243528  0.000447561  4.32406
-0.00236365  0.000438765  4.24749
-0.00227673  0.00042867  4.14476
-0.00218664  0.000421216  4.0042
-0.00211179  0.00041252  3.90717
-0.0020331  0.000403737  3.79727
-0.00194415  0.00039655  3.64179
-0.00185564  0.00038772  3.49644
-0.00175328  0.000379604  3.30155
-0.0016672  0.00037368  3.12353
-0.0015723  0.000365798  2.9314
-0.00145083  0.000359673  2.6436
-0.00136545  0.000352724  2.45363
-0.00123767  0.000345821  2.13309
-0.00113285  0.000340613  1.85797
-0.00102094  0.000333654  1.56132
-0.000906344  0.000328908  1.23543
-0.000777037  0.00032422  0.854474
-0.000646774  0.000319155  0.459884
-0.000498886  0.000315679  -0.00352944
-0.000385724  0.000312951  -0.365157
-0.000178599  0.000310913  -1.03374
-2.77843e-06  0.000309394  -1.60708
