-0.003971  0.00164852  2.10552
-0.00395384  0.00152346  2.26711
-0.00393534  0.0014048  2.44543
-0.00391418  0.00128956  2.64754
-0.00388577  0.00116927  2.89562
-0.00385373  0.00109139  3.0729
-0.00381309  0.0010093  3.28255
-0.00377289  0.000932072  3.51141
-0.00372651  0.000851042  3.79124
-0.00367735  0.000783657  4.05451
-0.00361945  0.000731398  4.26505
-0.00355798  0.000680898  4.4911
-0.00347703  0.000635946  4.68126
-0.00341272  0.000608417  4.78737
-0.00333235  0.000585477  4.83769
-0.00324008  0.000564017  4.85815
-0.00317789  0.000553184  4.84088
-0.0031204  0.000541873  4.83583
-0.00306417  0.000533421  4.80702
-0.00300497  0.000523306  4.78681
-0.00293767  0.00051189  4.76211
-0.00287429  0.000503299  4.71745
-0.00281287  0.000493036  4.69106
-0.002735  0.000481254  4.64411
-0.00268272  0.000473822  4.60661
-0.00260325  0.000463139  4.5413
-0.00254567  0.000455952  4.4866
-0.00248804  0.000446748  4.45001
-0.00239166  0.000436684  4.33188
-0.00232651  0.000428404  4.26354
-0.00224005  0.000420336  4.13967
-0.00216492  0.000410842  4.05245
-0.00209481  0.000404242  3.94518
-0.00198911  0.000395885  3.76147
-0.00190442  0.000387366  3.62558
-0.0018173  0.000379947  3.46707
-0.00172795  0.000372249  3.29873
-0.00163963  0.000365202  3.12054
-0.00153938  0.000358696  2.89766
-0.00141854  0.000351864  2.61049
-0.00130994  0.000346481  2.33762
-0.00120635  0.000339061  2.08326
-0.00107474  0.000335393  1.71364
-0.000965675  0.000329105  1.41498
-0.000844903  0.000323804  1.06516
-0.000717022  0.00031916  0.679977
-0.000572005  0.000315552  0.228188
-0.000441396  0.00031277  -0.187372
-0.0002882  0.000310766  -0.681541
-0.000108241  0.000309139  -1.26726
