-0.003971  0.00164852  2.10552
-0.003971  0.00164852  2.10552
-0.00390922  0.00126573  2.69349
-0.00390922  0.00126573  2.69349
-0.00390922  0.00126573  2.69349
-0.00390922  0.00126573  2.69349
-0.00390206  0.00123344  2.75819
-0.00388912  0.00118143  2.86867
-0.00386967  0.00111862  3.01234
-0.00383884  0.00104912  3.18251
-0.00382328  0.00101674  3.26855
-0.00381697  0.00100412  3.30337
-0.00375671  0.000904801  3.59937
-0.00373921  0.000902119  3.59067
-0.00371102  0.000843632  3.80618
-0.00369051  0.000822194  3.88049
-0.00364838  0.000770408  4.08664
-0.00361749  0.000752847  4.14093
-0.00356716  0.000745685  4.11321
-0.00356348  0.000728438  4.20554
-0.00351205  0.00065052  4.63021
-0.00350385  0.000649448  4.62523
-0.0034268  0.000639491  4.57676
-0.00338684  0.000610897  4.72558
-0.00334184  0.000598379  4.74922
-0.00318194  0.000571423  4.69344
-0.00316879  0.000568752  4.69236
-0.00308972  0.000554198  4.67292
-0.00301542  0.000539584  4.66178
-0.00291972  0.000526659  4.59448
-0.00284472  0.000510916  4.58924
-0.00275833  0.000498215  4.53285
-0.00264916  0.000484581  4.43509
-0.00255144  0.000471276  4.35295
-0.00247123  0.000462947  4.25801
-0.00237561  0.000452133  4.14835
-0.00220956  0.000437535  3.90726
-0.00209508  0.000421598  3.78342
-0.00199329  0.000412854  3.61699
-0.00184211  0.000400476  3.35129
-0.00173409  0.000394059  3.13174
-0.00156592  0.000385096  2.76794
-0.00145147  0.000376244  2.52885
-0.0012746  0.000365341  2.12021
-0.00110739  0.000357808  1.69752
-0.000950322  0.00034964  1.28796
-0.000768551  0.000343772  0.78119
-0.000590065  0.000337856  0.266577
-0.000393957  0.000334202  -0.317303
-0.00012956  0.000332534  -1.11399
