-0.00396222  0.00163592  2.11637
-0.00394293  0.00151576  2.27143
-0.00392226  0.00138147  2.47727
-0.00389681  0.00128157  2.65051
-0.00386976  0.00118088  2.8536
-0.00382812  0.00108769  3.05982
-0.00378722  0.000997919  3.29407
-0.00374263  0.000923189  3.51243
-0.00369272  0.000843651  3.78441
-0.00364259  0.000780038  4.02876
-0.00358301  0.000724415  4.25586
-0.0035212  0.000675021  4.47571
-0.00345435  0.000633641  4.66249
-0.00338506  0.000600193  4.80688
-0.00330152  0.000578758  4.84057
-0.00324152  0.000563827  4.86234
-0.00319047  0.000552575  4.86896
-0.00313204  0.000542264  4.8538
-0.00307305  0.000531408  4.84195
-0.00301157  0.000521104  4.81972
-0.00295016  0.000510931  4.79547
-0.00288662  0.000501305  4.76081
-0.00281864  0.00049135  4.71892
-0.00275402  0.000480932  4.68678
-0.00268516  0.000472216  4.62746
-0.00261827  0.000462118  4.58383
-0.0025426  0.000452159  4.51743
-0.00247148  0.000443582  4.44446
-0.00239583  0.00043413  4.36697
-0.00232081  0.000425721  4.277
-0.00223752  0.000416282  4.1739
-0.00215338  0.0004072  4.06037
-0.00206639  0.000399897  3.91699
-0.00198345  0.000391481  3.78932
-0.00189234  0.000383903  3.62681
-0.0017962  0.000376472  3.44303
-0.00169781  0.000369064  3.24555
-0.00159951  0.000361952  3.03772
-0.00149408  0.000355333  2.79761
-0.00139306  0.000349131  2.55794
-0.00127844  0.000342367  2.27369
-0.00116062  0.000336529  1.96305
-0.00106145  0.00033095  1.69649
-0.000918947  0.000325257  1.28805
-0.000795139  0.000320742  0.920175
-0.000660305  0.000316846  0.505942
-0.000522165  0.000313305  0.0707443
-0.000368397  0.000310448  -0.423913
-0.000197212  0.000308224  -0.982366
-2.31745e-05  0.000307607  -1.55011
