-0.003971  0.00164852  2.10552
-0.00395406  0.00152501  2.26494
-0.00393549  0.00140572  2.44394
-0.00391403  0.0012918  2.64284
-0.00388967  0.00118546  2.85937
-0.00385624  0.00108607  3.09027
-0.00381669  0.00101323  3.27338
-0.00376611  0.000926147  3.52656
-0.00372592  0.000856537  3.76624
-0.00367254  0.000794996  3.99064
-0.00361124  0.000729325  4.26592
-0.00355477  0.000686014  4.45292
-0.0034885  0.000642319  4.65267
-0.0034089  0.000606004  4.80014
-0.00332367  0.000581529  4.85559
-0.00323702  0.000559713  4.89004
-0.00317389  0.000548501  4.87491
-0.00311079  0.000538527  4.84801
-0.00305447  0.000528791  4.83079
-0.00298432  0.000519877  4.77867
-0.00293911  0.000510599  4.77695
-0.00286547  0.000500387  4.72728
-0.00280047  0.000491881  4.67688
-0.0027369  0.000480979  4.65072
-0.0026681  0.00047102  4.603
-0.00259992  0.000463212  4.53338
-0.00252918  0.000452157  4.48777
-0.00245225  0.000443904  4.39792
-0.0023819  0.000435803  4.31824
-0.00229629  0.000427888  4.19804
-0.00224162  0.000420253  4.14421
-0.00214261  0.000410751  3.99904
-0.00208624  0.000403004  3.93604
-0.00199438  0.000394591  3.78715
-0.00190643  0.000386913  3.63501
-0.00180166  0.000379893  3.42639
-0.00171467  0.000372399  3.26175
-0.00160891  0.000365443  3.03442
-0.00150644  0.000358712  2.8057
-0.00142613  0.000353344  2.62106
-0.00129291  0.000345446  2.29531
-0.00120807  0.000340671  2.07846
-0.00107603  0.000334469  1.72222
-0.000967723  0.000330938  1.41333
-0.000826119  0.000324516  1.00494
-0.000693514  0.000320421  0.603936
-0.000574796  0.000316106  0.236616
-0.000416795  0.000313686  -0.26525
-0.000374118  0.000311913  -0.403579
-9.58199e-05  0.000309891  -1.30427
