-0.003971  0.00164852  2.10552
-0.00395437  0.00152716  2.26195
-0.00393626  0.00141046  2.43627
-0.00391579  0.00129759  2.6324
-0.00389025  0.0011885  2.85254
-0.00385833  0.00109526  3.06623
-0.00381745  0.00101673  3.26285
-0.00377133  0.000925667  3.53402
-0.0037248  0.000859236  3.7531
-0.00368021  0.000798065  3.9849
-0.00361867  0.000730934  4.26669
-0.00356594  0.000691381  4.43452
-0.00349798  0.000646078  4.64028
-0.0034192  0.000617624  4.7265
-0.00335566  0.000589916  4.84079
-0.00327286  0.000567893  4.88272
-0.00320922  0.000555751  4.87489
-0.00314771  0.0005458  4.85107
-0.00307205  0.000533742  4.8189
-0.00303137  0.000525994  4.81255
-0.00296897  0.000515737  4.78727
-0.00289401  0.000504482  4.74548
-0.00282111  0.000495009  4.68903
-0.0027861  0.000487167  4.69264
-0.0026883  0.000474519  4.61163
-0.00263218  0.000465034  4.58501
-0.00253802  0.000453768  4.49133
-0.00248372  0.000446153  4.44629
-0.00240501  0.000438832  4.3411
-0.00234615  0.000429148  4.30191
-0.00225222  0.000419995  4.172
-0.00216576  0.000410231  4.06054
-0.00207134  0.000402935  3.89973
-0.00198128  0.00039501  3.74998
-0.00189056  0.000385428  3.60784
-0.00180871  0.000379182  3.4514
-0.00170862  0.000371883  3.25002
-0.00159475  0.000365699  2.99357
-0.00153548  0.000357661  2.89514
-0.00139737  0.000350337  2.56144
-0.00128633  0.00034469  2.28128
-0.00116946  0.000337088  1.98602
-0.00105685  0.000332679  1.67384
-0.000957025  0.000327131  1.39707
-0.000802983  0.000321815  0.94148
-0.000672001  0.000318003  0.54088
-0.000528379  0.000314315  0.0902889
-0.000381228  0.000310814  -0.382132
-0.000215284  0.000308889  -0.921742
-2.03788e-05  0.000308091  -1.55675
