-0.003971  0.00164852  2.10552
-0.00395364  0.00152255  2.26833
-0.00393166  0.00139215  2.465
-0.00391197  0.00128777  2.64953
-0.00388532  0.00117956  2.86999
-0.00385312  0.00109986  3.04869
-0.00380741  0.00100359  3.29559
-0.00376132  0.000923394  3.53188
-0.00372196  0.000859971  3.74659
-0.00365318  0.000776715  4.05964
-0.00360433  0.000727795  4.26539
-0.00351764  0.000681308  4.42918
-0.00345953  0.000640255  4.62242
-0.00337393  0.000606352  4.7397
-0.00330534  0.000578478  4.84952
-0.00319623  0.000552646  4.87877
-0.00313085  0.000544516  4.83153
-0.00306219  0.000530536  4.82944
-0.0030202  0.00052242  4.82408
-0.00295968  0.000513063  4.79412
-0.00290086  0.000502835  4.77466
-0.00283368  0.00049297  4.73391
-0.0027648  0.000482671  4.69222
-0.00269923  0.000473537  4.64427
-0.0026337  0.000467803  4.5611
-0.0025686  0.0004576  4.52055
-0.00250072  0.00044913  4.45465
-0.0024309  0.000441099  4.37747
-0.00237201  0.000432995  4.32339
-0.00228792  0.000423349  4.22327
-0.00220775  0.000414799  4.11706
-0.00212653  0.000406355  4.00273
-0.00204408  0.000398422  3.8755
-0.00196124  0.000390583  3.74119
-0.00187582  0.000383528  3.58729
-0.00177753  0.000377629  3.38302
-0.00168752  0.00036939  3.21481
-0.00159137  0.000361949  3.01527
-0.00152414  0.000357728  2.86289
-0.00138985  0.000350064  2.54195
-0.00129215  0.000343825  2.30392
-0.00118673  0.000336827  2.03882
-0.00107067  0.000332887  1.71432
-0.000946621  0.000327738  1.36274
-0.000850183  0.000322681  1.08523
-0.000714467  0.000318554  0.673253
-0.000577952  0.000314408  0.247931
-0.000423335  0.00031152  -0.246098
-0.000297744  0.000308929  -0.654701
-0.000101112  0.000307467  -1.29734
