-0.003971  0.00164852  2.10552
-0.00395485  0.00153073  2.257
-0.00393627  0.00141615  2.42649
-0.00391465  0.00130313  2.62034
-0.00388934  0.00119371  2.83933
-0.00385751  0.00110162  3.04779
-0.00381582  0.00102349  3.23973
-0.00377028  0.000941002  3.47532
-0.00372711  0.00086974  3.71043
-0.00368095  0.00080457  3.9536
-0.00362051  0.000746691  4.17912
-0.00357171  0.000694243  4.42455
-0.00349702  0.000646739  4.63405
-0.00343001  0.000614201  4.77043
-0.00334775  0.000586743  4.85348
-0.00321328  0.00055613  4.87887
-0.00314176  0.000545696  4.84108
-0.00309985  0.000535724  4.85297
-0.00305091  0.00052814  4.82999
-0.00295216  0.000511318  4.79577
-0.00295216  0.000511318  4.79577
-0.00282702  0.000501584  4.63934
-0.00276445  0.000483014  4.68816
-0.00272643  0.000477531  4.66237
-0.00265401  0.00046791  4.60348
-0.00259651  0.00046076  4.55012
-0.00256633  0.000455693  4.53448
-0.00250382  0.00044888  4.46405
-0.00231441  0.000438904  4.13395
-0.0023425  0.000427434  4.3106
-0.00222387  0.000416334  4.14059
-0.00210976  0.000404424  3.98039
-0.00204353  0.000397112  3.88689
-0.00196676  0.000391156  3.74982
-0.00191312  0.000385648  3.66428
-0.00182015  0.00037842  3.48858
-0.00172955  0.000371521  3.3095
-0.00161273  0.000363564  3.06062
-0.00154195  0.000358017  2.91033
-0.00132573  0.000348994  2.36602
-0.00126467  0.000342962  2.2296
-0.00123408  0.0003405  2.15589
-0.00107245  0.000334798  1.70984
-0.000962136  0.000326993  1.41329
-0.000839542  0.000325164  1.04422
-0.000665119  0.00031962  0.516611
-0.000594311  0.000316479  0.298001
-0.000405265  0.000311259  -0.30436
-0.000340799  0.000309594  -0.514223
-8.83069e-05  0.00030749  -1.33888
