-0.010865  0.0047755  2.17045
-0.0107795  0.00461498  2.22742
-0.010691  0.00445367  2.28822
-0.0105996  0.00429445  2.35177
-0.010506  0.00413875  2.41764
-0.0104118  0.00398605  2.48662
-0.0103124  0.0038322  2.56052
-0.0102082  0.00368526  2.63434
-0.0101025  0.00353966  2.71283
-0.00999321  0.00339737  2.79428
-0.00988469  0.00325266  2.88523
-0.0097652  0.00311094  2.97827
-0.00965548  0.00297633  3.0761
-0.00953248  0.00283926  3.18127
-0.00940948  0.00270505  3.29365
-0.00928809  0.00257419  3.41393
-0.0091572  0.00244624  3.53898
-0.00902629  0.00231899  3.67672
-0.00888358  0.00219487  3.81962
-0.0087515  0.00207686  3.97307
-0.00860238  0.00195884  4.13631
-0.00845022  0.00184831  4.30134
-0.00829634  0.00173786  4.48617
-0.00813897  0.00163451  4.67356
-0.00797374  0.00153501  4.86884
-0.00780251  0.00144109  5.06735
-0.00762947  0.00135447  5.26365
-0.00744381  0.0012673  5.47923
-0.00724809  0.00119132  5.66436
-0.0070245  0.00112294  5.81021
-0.0068195  0.00106045  5.95925
-0.00660461  0.00100615  6.06729
-0.00636792  0.000948537  6.18628
-0.00613829  0.000898115  6.27792
-0.00589875  0.000853038  6.32885
-0.00564466  0.00081038  6.34845
-0.00551908  0.000793102  6.32842
-0.00539209  0.000776597  6.29939
-0.00526059  0.000761094  6.25493
-0.00511459  0.000745831  6.18719
-0.00495349  0.000729972  6.10091
-0.00478759  0.000716966  5.98019
-0.00459233  0.000701417  5.83437
-0.00442381  0.000690147  5.68547
-0.00423675  0.000679914  5.49592
-0.0039644  0.000668837  5.17973
-0.00377622  0.000660113  4.96313
-0.00345683  0.000651637  4.53754
-0.00319391  0.000646247  4.16855
-0.00277019  0.000643011  3.53056
