-0.010865  0.0047755  2.17045
-0.0107783  0.00461375  2.22776
-0.01069  0.00445738  2.2861
-0.0106011  0.00430186  2.34808
-0.0105069  0.00414033  2.41695
-0.0104128  0.00398763  2.4859
-0.0103175  0.00384016  2.55653
-0.0102206  0.00369828  2.62841
-0.0101047  0.00353669  2.71572
-0.0100115  0.00341454  2.78559
-0.00989514  0.0032783  2.86586
-0.00978468  0.00313902  2.95783
-0.00967735  0.00300764  3.05134
-0.00955372  0.00286529  3.15979
-0.00942921  0.00273355  3.26653
-0.00930882  0.00260603  3.38016
-0.00918526  0.00247247  3.51279
-0.00906631  0.00235571  3.63641
-0.0089066  0.00222161  3.78402
-0.00876268  0.00210359  3.92789
-0.00863522  0.00199514  4.07751
-0.00850091  0.00188762  4.23862
-0.00832042  0.00175686  4.45136
-0.00816761  0.00166986  4.59177
-0.00802103  0.00157444  4.77695
-0.00788502  0.00149363  4.94434
-0.00769574  0.00139264  5.16698
-0.00751645  0.00130286  5.38543
-0.00730455  0.00122493  5.55507
-0.00709945  0.00115851  5.69648
-0.00696054  0.00112097  5.76334
-0.00670393  0.00103203  6.01139
-0.00645445  0.000974284  6.11161
-0.00625656  0.000926362  6.21416
-0.00600769  0.000881121  6.25078
-0.00577799  0.000832943  6.33656
-0.00557806  0.000806341  6.29766
-0.00553155  0.00079885  6.2985
-0.00536705  0.000774581  6.28346
-0.00523446  0.000763849  6.19816
-0.00505727  0.000742296  6.13942
-0.00485696  0.000725272  6.00734
-0.00468255  0.000715579  5.84499
-0.00449901  0.000702651  5.69131
-0.00427876  0.000687045  5.50002
-0.00404581  0.000674071  5.26029
-0.00378956  0.000665321  4.94432
-0.00356015  0.000656786  4.65928
-0.00318163  0.000648233  4.13683
-0.00280012  0.000645699  3.56222
