-0.00342091  0.000646229  4.51992
-0.00318511  0.000555882  4.83036
-0.00314264  0.000548175  4.82079
-0.00310645  0.000540908  4.81866
-0.00306607  0.000533885  4.8064
-0.00302009  0.000526546  4.78608
-0.00297389  0.000518113  4.77481
-0.00293466  0.00051142  4.76059
-0.0028868  0.000505156  4.72488
-0.00284458  0.000497597  4.7118
-0.00279986  0.000490707  4.68683
-0.00275533  0.000483422  4.66535
-0.00270835  0.000477002  4.62965
-0.00266023  0.000469416  4.60195
-0.00260433  0.000463093  4.54409
-0.00256135  0.000456801  4.51258
-0.00250539  0.000450435  4.45212
-0.00245666  0.000443582  4.41106
-0.00240024  0.000436549  4.35287
-0.00235353  0.000430701  4.30351
-0.00229502  0.00042395  4.23403
-0.00224638  0.000418874  4.16923
-0.00218244  0.000412379  4.07985
-0.00212386  0.000406163  3.99804
-0.00206435  0.00040115  3.89967
-0.00199574  0.000395711  3.77988
-0.00194978  0.000389788  3.7194
-0.00186738  0.000384126  3.55973
-0.00180747  0.000378606  3.45339
-0.00173648  0.000373808  3.3078
-0.00167522  0.000368867  3.18601
-0.00159688  0.00036366  3.01624
-0.00152504  0.00035935  2.85249
-0.00145792  0.000354452  2.70254
-0.00139201  0.000350441  2.5454
-0.00130001  0.000345997  2.3122
-0.00122681  0.000341579  2.1278
-0.00114505  0.00033703  1.91392
-0.00105253  0.000333677  1.65589
-0.000975308  0.000329759  1.44138
-0.000881772  0.000325972  1.17118
-0.000800052  0.0003228  0.929529
-0.000705795  0.000319837  0.643437
-0.000593458  0.000317099  0.294728
-0.000501844  0.000314173  0.00586855
-0.000400247  0.00031241  -0.319303
-0.000288455  0.000310559  -0.681173
-0.000178393  0.000309425  -1.03937
-4.56378e-05  0.000308533  -1.47265
-4.56378e-05  0.000308533  -1.47265
