-0.010865  0.0047755  2.17045
-0.0107532  0.00456543  2.24584
-0.0106378  0.00435842  2.32602
-0.0105132  0.00414632  2.41497
-0.0103941  0.00395434  2.50208
-0.0102613  0.00375306  2.60089
-0.010122  0.0035585  2.70396
-0.0099846  0.00338107  2.8052
-0.00983208  0.00318325  2.93162
-0.00969169  0.00301395  3.04971
-0.00954408  0.00284451  3.17949
-0.0093664  0.00268086  3.3073
-0.00917138  0.00252654  3.43212
-0.00902764  0.00235257  3.62481
-0.00883114  0.00219379  3.7976
-0.00868506  0.00205689  3.97934
-0.00851235  0.00192374  4.16498
-0.0082888  0.00175723  4.43244
-0.00807203  0.00163693  4.62575
-0.00783912  0.00150272  4.88388
-0.00768553  0.00143222  5.01705
-0.00740418  0.0013253  5.20952
-0.00711494  0.00123736  5.346
-0.00680942  0.00116098  5.43454
-0.00652303  0.00110251  5.46304
-0.00644962  0.00109292  5.4438
-0.00638037  0.00108291  5.43013
-0.00630419  0.00107306  5.40898
-0.00624722  0.00105876  5.42828
-0.00623181  0.00105113  5.45302
-0.00616593  0.00103894  5.45355
-0.00604043  0.00102722  5.3936
-0.00603984  0.00101789  5.44246
-0.00593211  0.00100418  5.40949
-0.00585075  0.000991575  5.39622
-0.0058  0.000987447  5.36738
-0.00572962  0.000976331  5.3564
-0.00566711  0.000970082  5.32647
-0.00557529  0.000959084  5.29181
-0.00550991  0.000950212  5.27241
-0.00543695  0.000943501  5.23258
-0.00532012  0.000935353  5.15326
-0.00524023  0.00092575  5.12042
-0.00517005  0.00091179  5.12185
-0.00513745  0.000907899  5.10789
-0.00496757  0.000905117  4.9359
-0.0049044  0.00089641  4.91338
-0.00480647  0.00088771  4.85121
-0.0046649  0.000874953  4.76014
-0.00460311  0.000874683  4.69097
