-0.010865  0.0047755  2.17045
-0.0107464  0.00455301  2.25048
-0.0106265  0.00433875  2.33397
-0.0105037  0.0041306  2.42186
-0.0103737  0.00392262  2.51712
-0.0102442  0.00372807  2.61373
-0.0101038  0.00353153  2.71944
-0.00993032  0.00335184  2.81347
-0.00977314  0.00316512  2.92979
-0.00964057  0.00297528  3.07217
-0.00946677  0.00277732  3.22857
-0.00933023  0.00261274  3.37968
-0.00913405  0.00241542  3.57455
-0.00896874  0.00226234  3.74335
-0.00881602  0.00214751  3.8724
-0.00857692  0.0019974  4.04372
-0.00835949  0.00179906  4.36867
-0.00815762  0.00171255  4.47149
-0.00795795  0.00156767  4.75734
-0.00769927  0.00147258  4.88889
-0.00746091  0.00136155  5.1125
-0.00721304  0.00128694  5.21627
-0.00691625  0.00120357  5.33101
-0.00658729  0.00115235  5.28248
-0.00632064  0.00106064  5.48788
-0.00616028  0.0010516  5.38256
-0.00607632  0.00103418  5.392
-0.0059909  0.0010177  5.3954
-0.00590694  0.00100234  5.39433
-0.00578339  0.000981662  5.38208
-0.00568818  0.000965031  5.37618
-0.00557247  0.000949385  5.3429
-0.0054919  0.000935025  5.33879
-0.00538214  0.000928198  5.2598
-0.00525248  0.000909162  5.22731
-0.00516828  0.000892573  5.23014
-0.00516828  0.000892573  5.23014
-0.00478714  0.000886445  4.83633
-0.00471256  0.000870673  4.83828
-0.00461695  0.000851473  4.83509
-0.00448282  0.000832294  4.78535
-0.00447373  0.000829007  4.79336
-0.0043305  0.000806852  4.74747
-0.00420762  0.000791477  4.68444
-0.00402502  0.000775054  4.54809
-0.00382043  0.000762043  4.35727
-0.00362418  0.000760168  4.10985
-0.00362418  0.000760168  4.10985
-0.00360481  0.000758973  4.09081
-0.00316399  0.00072552  3.67183
