-0.003971  0.00164852  2.10552
-0.00395414  0.00152555  2.2642
-0.00393437  0.00139904  2.45481
-0.00391378  0.0012876  2.65127
-0.00388989  0.00118427  2.86243
-0.00385723  0.00108817  3.08521
-0.00381635  0.00100245  3.30823
-0.00377558  0.000926525  3.53534
-0.00372942  0.000852617  3.78766
-0.00367806  0.000789807  4.02385
-0.00362409  0.000729506  4.28248
-0.00356744  0.000682994  4.49117
-0.00351443  0.000651856  4.62438
-0.00343242  0.000619882  4.73061
-0.00334539  0.0006041  4.71014
-0.00326813  0.000589688  4.69423
-0.00321998  0.000578576  4.70116
-0.00316552  0.000567903  4.69361
-0.00311061  0.000557437  4.68323
-0.00306671  0.000545761  4.703
-0.00300515  0.000535794  4.67558
-0.00294687  0.000525271  4.65831
-0.00288088  0.000515663  4.61711
-0.00280321  0.000506944  4.54333
-0.00274746  0.000496269  4.52872
-0.00267683  0.000487043  4.46948
-0.0026085  0.000477843  4.41254
-0.00253062  0.000468852  4.33105
-0.00244895  0.000459913  4.23766
-0.00237582  0.000451492  4.15471
-0.00229157  0.000443017  4.04401
-0.0022091  0.00043488  3.93005
-0.00213751  0.000425562  3.84787
-0.00205198  0.000417534  3.71702
-0.00196506  0.000410011  3.57322
-0.00187226  0.000402168  3.41216
-0.00177563  0.000394995  3.22948
-0.0016776  0.000388037  3.03477
-0.00156842  0.000381915  2.79753
-0.00146938  0.000375053  2.58466
-0.00135898  0.000369053  2.32751
-0.00124595  0.00036323  2.05367
-0.00113054  0.000357809  1.76223
-0.0010147  0.000352381  1.46064
-0.000891702  0.000347405  1.12751
-0.000763787  0.00034267  0.769801
-0.000628597  0.00033879  0.379578
-0.00048529  0.000335553  -0.0438367
-0.00033747  0.000333514  -0.487326
-0.00016109  0.000332393  -1.01961
