-0.003971  0.00164852  2.10552
-0.00395418  0.00152581  2.26383
-0.00393207  0.00138905  2.4708
-0.0039107  0.00130069  2.62223
-0.00388362  0.00118957  2.8444
-0.00385325  0.00109938  3.05013
-0.00381407  0.00102567  3.23113
-0.00376302  0.000931959  3.50125
-0.0037212  0.000860886  3.74173
-0.00366907  0.000791405  4.00436
-0.00361562  0.000734802  4.24008
-0.00355689  0.000690388  4.42779
-0.00347811  0.000643933  4.62488
-0.00340312  0.000611763  4.7455
-0.00332124  0.000580322  4.86151
-0.00323213  0.000558993  4.88759
-0.00318085  0.000550408  4.87065
-0.00311695  0.000539402  4.85157
-0.00305609  0.000528112  4.84004
-0.00299281  0.000519601  4.79754
-0.00292138  0.000507626  4.77001
-0.00287857  0.000499487  4.76203
-0.00280234  0.000490037  4.69831
-0.00273796  0.000480218  4.6603
-0.00267373  0.000470609  4.61897
-0.00260577  0.000461554  4.56234
-0.00253002  0.000452591  4.48533
-0.00245117  0.000442356  4.41085
-0.00237442  0.000434045  4.3185
-0.00230153  0.000425252  4.23637
-0.00222482  0.000416955  4.13671
-0.00213958  0.000409159  4.00719
-0.00206684  0.000400941  3.9079
-0.00197441  0.000392452  3.75691
-0.0018849  0.00038414  3.60519
-0.00178986  0.000377087  3.42058
-0.00169502  0.000369795  3.23158
-0.00159457  0.000362927  3.01595
-0.00149203  0.000355897  2.7874
-0.00140775  0.000350298  2.59137
-0.00128168  0.000342577  2.28176
-0.00116929  0.000337525  1.98295
-0.00104687  0.000331341  1.65046
-0.000936458  0.000326456  1.33696
-0.000804715  0.000321985  0.946367
-0.000679794  0.000317126  0.566946
-0.000534338  0.00031388  0.109398
-0.000393424  0.000310078  -0.343708
-0.000227535  0.000308058  -0.884458
-4.72255e-05  0.000307049  -1.4746
