-0.003971  0.00164852  2.10552
-0.00395418  0.00152581  2.26383
-0.00393305  0.00141422  2.42752
-0.00390824  0.00130385  2.61398
-0.00388488  0.00119379  2.8354
-0.00385618  0.00110195  3.04568
-0.00381513  0.00102025  3.24934
-0.00376759  0.000941595  3.47027
-0.00372326  0.000871102  3.70021
-0.00365806  0.000786477  4.01546
-0.00361519  0.000742512  4.19547
-0.00354592  0.000695456  4.37975
-0.00347953  0.000639575  4.6586
-0.00341815  0.000610687  4.77847
-0.00332844  0.000585462  4.83112
-0.00323457  0.000561503  4.8701
-0.00314546  0.000550897  4.80209
-0.00313181  0.000543265  4.84443
-0.00307158  0.000532777  4.82675
-0.0029995  0.000520506  4.80205
-0.00292011  0.000509466  4.75029
-0.00287938  0.000502496  4.73511
-0.00281313  0.000491858  4.70285
-0.00274091  0.000480685  4.66192
-0.00267079  0.000471411  4.60489
-0.00259504  0.000461667  4.53799
-0.00252363  0.00045349  4.46235
-0.00244127  0.000443515  4.37702
-0.00239135  0.000437152  4.32654
-0.00230638  0.000427245  4.22798
-0.00222888  0.000419684  4.11948
-0.00214097  0.000410616  3.99637
-0.0020544  0.000401852  3.86808
-0.0019695  0.000395361  3.71684
-0.00187734  0.000386577  3.56291
-0.00175973  0.000377708  3.33518
-0.00166709  0.000371009  3.14571
-0.00158564  0.000364175  2.98109
-0.00148312  0.000357674  2.74865
-0.00135991  0.000350061  2.45646
-0.00127166  0.000344746  2.23833
-0.00115798  0.00033853  1.94365
-0.00105086  0.000333738  1.65058
-0.000941349  0.000329345  1.34008
-0.00077111  0.000323091  0.839113
-0.000660261  0.000318302  0.503488
-0.000535834  0.000315213  0.113683
-0.000326797  0.000311569  -0.555905
-0.000245103  0.000309592  -0.823331
1.69306e-05  0.000308704  -1.67452
