-0.003971  0.00164852  2.10552
-0.003951  0.00151408  2.27927
-0.00393491  0.00142708  2.40695
-0.00391256  0.00130874  2.60752
-0.00388771  0.00121494  2.78838
-0.00386256  0.00112152  2.99823
-0.00382144  0.00103932  3.19579
-0.00377781  0.000970397  3.3778
-0.0037357  0.000895563  3.61304
-0.00367975  0.00083479  3.80904
-0.00363391  0.000768889  4.0759
-0.00356796  0.000714386  4.29454
-0.00350738  0.000662782  4.53751
-0.00344135  0.00062557  4.70188
-0.00337365  0.000600596  4.78467
-0.00328258  0.000573388  4.85288
-0.00319764  0.00055852  4.82998
-0.00312575  0.000543728  4.82916
-0.00306392  0.000532407  4.81572
-0.0030083  0.00052367  4.78986
-0.00294178  0.000513063  4.75921
-0.00288428  0.000502555  4.74432
-0.00281856  0.000493585  4.6974
-0.00275281  0.000484061  4.65399
-0.00268245  0.00047305  4.61357
-0.00262313  0.000465389  4.56206
-0.0025467  0.000455148  4.49678
-0.0024761  0.000445679  4.4339
-0.00240206  0.000436669  4.35584
-0.0023258  0.000428813  4.2578
-0.00224641  0.000419874  4.15936
-0.00216447  0.000411116  4.04866
-0.00206595  0.000401445  3.90079
-0.00198961  0.000394532  3.77563
-0.00190553  0.000387172  3.63025
-0.00179742  0.000379658  3.41735
-0.00171787  0.000371908  3.27464
-0.00162677  0.00036456  3.09076
-0.00151009  0.000356679  2.83193
-0.00142584  0.000351582  2.63336
-0.00130601  0.000345159  2.3352
-0.0011839  0.000339254  2.01589
-0.00108116  0.00033354  1.74239
-0.000968062  0.00032845  1.42506
-0.000814573  0.000323122  0.973545
-0.000695049  0.000318647  0.612116
-0.000627916  0.000318188  0.402015
-0.000627916  0.000318188  0.402015
-0.000278556  0.000309509  -0.715467
-9.23212e-05  0.000308159  -1.32295
