-0.003971  0.00164852  2.10552
-0.00395449  0.00153083  2.25661
-0.00393733  0.0014179  2.42424
-0.00391674  0.00130323  2.62175
-0.00389557  0.00120757  2.81189
-0.00386642  0.00111172  3.02812
-0.00382475  0.00103246  3.22021
-0.00377986  0.000948133  3.45928
-0.00374222  0.000882822  3.67256
-0.00369232  0.000825858  3.86546
-0.00364217  0.000759747  4.13581
-0.00357211  0.000701193  4.38127
-0.00351531  0.000661649  4.55727
-0.00343166  0.000630003  4.65341
-0.00336467  0.000597418  4.79509
-0.00327594  0.0005746  4.83107
-0.00319163  0.000555021  4.8496
-0.00312879  0.000543444  4.83727
-0.00307225  0.000534049  4.81651
-0.00301166  0.000525315  4.78123
-0.00294859  0.000513178  4.77141
-0.00288508  0.000504116  4.73122
-0.00282726  0.000494563  4.70568
-0.00274668  0.000485013  4.6322
-0.00268948  0.000474995  4.60948
-0.00260882  0.000466717  4.5184
-0.00254819  0.000455691  4.49468
-0.00247055  0.000447632  4.40215
-0.00239674  0.000437491  4.33548
-0.00231953  0.000430166  4.22983
-0.00224514  0.000420185  4.15326
-0.00215462  0.000412013  4.01595
-0.00206333  0.000404891  3.86111
-0.00198165  0.000395899  3.74251
-0.00188513  0.000387655  3.5731
-0.00180442  0.000379521  3.437
-0.00170976  0.000372946  3.2438
-0.00163002  0.000366362  3.08443
-0.00151127  0.00035904  2.8166
-0.00140128  0.000351742  2.56233
-0.00129387  0.000344566  2.30397
-0.00118475  0.000338539  2.02267
-0.00106623  0.000333854  1.69605
-0.000951192  0.00032867  1.37278
-0.000820824  0.000323493  0.991752
-0.000678703  0.000319286  0.559696
-0.00054851  0.000315431  0.15379
-0.000389813  0.000312189  -0.352949
-0.000234237  0.000309829  -0.857773
-5.37869e-05  0.00030884  -1.4448
