-0.003971  0.00164852  2.10552
-0.00395537  0.00153711  2.24796
-0.00393882  0.00143091  2.40324
-0.0039188  0.00131769  2.59453
-0.00389661  0.00121104  2.80471
-0.00386928  0.00113004  2.98156
-0.00383566  0.00104571  3.18983
-0.00379288  0.00097778  3.36772
-0.00375175  0.000909793  3.57416
-0.0037071  0.000842457  3.80684
-0.0036595  0.00079483  3.97506
-0.00360497  0.000730105  4.25277
-0.0035436  0.000679932  4.47633
-0.00347517  0.000647375  4.59574
-0.00342434  0.000616385  4.74435
-0.00334391  0.000593756  4.78969
-0.00326274  0.000568553  4.85924
-0.0031854  0.000555143  4.83732
-0.00313113  0.000546677  4.81295
-0.00306768  0.000537139  4.78029
-0.00300686  0.000527076  4.75617
-0.00293318  0.000516024  4.71524
-0.0028595  0.00050569  4.66591
-0.00279177  0.000494103  4.63824
-0.00272248  0.000486438  4.56888
-0.00265129  0.000475969  4.51982
-0.00257093  0.000466892  4.43556
-0.00249762  0.000458199  4.35972
-0.00242725  0.00045045  4.2785
-0.00235387  0.000439042  4.22253
-0.00227432  0.000430527  4.12128
-0.00219345  0.000420757  4.02477
-0.00212802  0.000413304  3.93904
-0.00203105  0.000403746  3.79211
-0.00192887  0.000396269  3.60581
-0.00182735  0.000388113  3.42002
-0.00174905  0.000381162  3.27696
-0.00163414  0.000371145  3.05577
-0.00153131  0.00036374  2.83528
-0.00145542  0.000359603  2.65687
-0.00130258  0.000348831  2.30078
-0.00121304  0.000345998  2.06083
-0.00109599  0.000338287  1.76178
-0.000975231  0.00033357  1.42468
-0.000825885  0.000327176  0.996055
-0.000730176  0.000323378  0.711786
-0.000534159  0.00031991  0.106778
-0.000409592  0.000315748  -0.28633
-0.000212178  0.000313587  -0.917837
-3.07138e-05  0.000313066  -1.499
