-0.003971  0.00164852  2.10552
-0.00395406  0.00152501  2.26494
-0.00393585  0.00140896  2.43858
-0.00391534  0.00129602  2.63524
-0.00388967  0.00118546  2.85937
-0.0038587  0.00109138  3.07747
-0.00381435  0.00101205  3.27487
-0.00377192  0.000930949  3.5146
-0.00372592  0.000856537  3.76624
-0.0036727  0.000791076  4.01061
-0.00361124  0.000729325  4.26592
-0.003549  0.000681559  4.47357
-0.0034885  0.000642319  4.65267
-0.00340469  0.000605215  4.79944
-0.00332294  0.000580556  4.86249
-0.00323702  0.000559713  4.89004
-0.00317488  0.000548511  4.87662
-0.00311651  0.000538778  4.85638
-0.00305884  0.000529287  4.83451
-0.00300288  0.000518941  4.82305
-0.00293488  0.000509492  4.77904
-0.00286634  0.0004989  4.74312
-0.00280569  0.000490301  4.70259
-0.00274821  0.000480456  4.67933
-0.00267995  0.000471353  4.62487
-0.00260581  0.000461701  4.56098
-0.00254035  0.000453052  4.50355
-0.0024567  0.000443791  4.40905
-0.00239419  0.000434767  4.35679
-0.00231938  0.000426305  4.2678
-0.0022488  0.000418218  4.18154
-0.0021511  0.000408584  4.04102
-0.00207094  0.000401256  3.91507
-0.00198262  0.000394096  3.76208
-0.00188313  0.000385819  3.58493
-0.00178693  0.000377583  3.40833
-0.00170178  0.000371452  3.23535
-0.00159477  0.000363734  3.00981
-0.0014978  0.000357817  2.78857
-0.00140585  0.000351491  2.57716
-0.00128983  0.000345805  2.28403
-0.00117873  0.000338579  2.00465
-0.00109175  0.000334548  1.7688
-0.000990068  0.000329663  1.48657
-0.0008301  0.000323989  1.01886
-0.000706308  0.000320293  0.644123
-0.000552165  0.000315423  0.165381
-0.000475465  0.000313743  -0.0782
-0.000324947  0.000310652  -0.563502
-9.06351e-05  0.000308907  -1.3252
