-0.010865  0.0047755  2.17045
-0.0107788  0.00461551  2.22701
-0.010692  0.00445689  2.28679
-0.0106021  0.00429833  2.35024
-0.0105102  0.00414509  2.41496
-0.0104149  0.00399077  2.48445
-0.010318  0.00384047  2.55647
-0.0102173  0.0036936  2.63085
-0.0101136  0.00354748  2.70998
-0.0100039  0.00340484  2.79128
-0.00989372  0.00326418  2.87782
-0.00978085  0.00312533  2.96956
-0.0096622  0.00298983  3.06445
-0.00954741  0.00285329  3.17087
-0.00942617  0.0027218  3.27951
-0.00930029  0.00259157  3.39573
-0.00917472  0.00246246  3.52278
-0.00904328  0.00233564  3.65779
-0.00890569  0.00221485  3.79516
-0.00876854  0.00209418  3.94833
-0.00862746  0.00197898  4.1069
-0.00848403  0.00186965  4.27033
-0.00832563  0.00175791  4.45166
-0.00816628  0.00165465  4.63316
-0.00801239  0.0015572  4.82428
-0.00783748  0.00146224  5.01799
-0.00765295  0.00137356  5.20762
-0.00747208  0.00128873  5.41005
-0.00727716  0.00121047  5.59879
-0.00707321  0.0011406  5.76293
-0.00686924  0.00107903  5.90277
-0.0066558  0.0010208  6.03039
-0.00642457  0.000965323  6.1374
-0.00619781  0.000915185  6.22586
-0.00596404  0.000868682  6.29003
-0.00572055  0.000826922  6.31324
-0.00559535  0.000806943  6.31439
-0.00547105  0.000788981  6.3006
-0.0053403  0.000771705  6.27221
-0.00519698  0.000755364  6.21817
-0.00504186  0.000740107  6.13677
-0.0048709  0.000725572  6.02407
-0.00467832  0.000710556  5.88036
-0.00450195  0.000697088  5.74095
-0.0042956  0.000684687  5.54356
-0.0040363  0.000673812  5.2482
-0.00383284  0.00066408  5.01873
-0.00356302  0.000655442  4.67321
-0.00322299  0.000649239  4.19413
-0.00285921  0.000645879  3.65271
