-0.003971  0.00164852  2.10552
-0.00395338  0.00152036  2.27142
-0.00393269  0.00138915  2.47107
-0.00390865  0.00126309  2.69867
-0.00387301  0.00114794  2.93833
-0.00383367  0.00105121  3.17126
-0.00377533  0.000956578  3.42401
-0.00372974  0.000870739  3.70919
-0.00365692  0.000786553  4.01362
-0.00361672  0.000734157  4.24531
-0.00352038  0.000674706  4.47659
-0.0034318  0.000633132  4.63063
-0.00333723  0.000597172  4.7511
-0.0032364  0.000572689  4.77817
-0.00314135  0.000544891  4.84748
-0.00304907  0.00053159  4.79517
-0.0030317  0.000528764  4.78797
-0.00295658  0.000514919  4.77081
-0.00291616  0.000510631  4.73172
-0.00285133  0.000501348  4.69002
-0.00282237  0.000494281  4.69847
-0.00273554  0.000484136  4.61759
-0.0026791  0.000476545  4.57271
-0.00258765  0.000463357  4.50547
-0.00257121  0.000459925  4.50337
-0.0024905  0.000450389  4.41952
-0.00241744  0.000440277  4.35507
-0.00233833  0.000434742  4.22856
-0.00227996  0.000427256  4.16603
-0.00219667  0.000421937  4.02114
-0.00213463  0.000409955  3.98734
-0.00204529  0.000401657  3.84729
-0.00195876  0.000398446  3.66112
-0.00191353  0.000391077  3.61445
-0.00181123  0.000385402  3.40223
-0.0017118  0.000377729  3.20813
-0.00163178  0.000372115  3.04147
-0.00154065  0.000364796  2.8527
-0.00147053  0.000360267  2.69393
-0.00136983  0.000354251  2.45541
-0.00125652  0.000348312  2.17195
-0.00114398  0.000342078  1.88256
-0.00106441  0.000338702  1.6664
-0.000965063  0.000332281  1.39961
-0.000821097  0.000328523  0.977395
-0.00069058  0.000324774  0.586809
-0.000578946  0.000320835  0.246064
-0.000466275  0.00031986  -0.105437
-0.000272927  0.000317187  -0.715896
-9.90586e-05  0.000315977  -1.2689
