-0.010865  0.0047755  2.17045
-0.0107391  0.00453956  2.25552
-0.0106316  0.00434759  2.33039
-0.0105161  0.00415113  2.41287
-0.0103764  0.00394577  2.50303
-0.0102484  0.00375272  2.59768
-0.0101202  0.00355382  2.70702
-0.00997063  0.00337368  2.80721
-0.00981385  0.00317581  2.93275
-0.00965483  0.00298483  3.06711
-0.00952275  0.00282036  3.19915
-0.00935161  0.00263747  3.3561
-0.00917822  0.0024852  3.49197
-0.00898193  0.00231922  3.65723
-0.00879147  0.00217256  3.81645
-0.00862519  0.00204487  3.97345
-0.00841499  0.00188839  4.1914
-0.00821196  0.00178381  4.32331
-0.00793737  0.00166432  4.46871
-0.00767901  0.00155822  4.60719
-0.00745981  0.00149124  4.66712
-0.00719192  0.001404  4.76632
-0.00692673  0.00131298  4.89478
-0.00671389  0.00115636  5.37368
-0.00640797  0.00108912  5.42454
-0.00629855  0.00107362  5.40094
-0.00616144  0.00105004  5.39166
-0.00603769  0.00103976  5.32592
-0.00588377  0.00102077  5.27424
-0.00575468  0.00100362  5.23575
-0.00558541  0.000987437  5.15012
-0.00543097  0.000965668  5.10627
-0.00531253  0.000950821  5.06145
-0.00516414  0.000933671  4.99549
-0.00499205  0.000917671  4.89506
-0.00489329  0.000907526  4.84095
-0.00489329  0.000907526  4.84095
-0.00489329  0.000907526  4.84095
-0.00489329  0.000907526  4.84095
-0.00489329  0.000907526  4.84095
-0.00489329  0.000907526  4.84095
-0.00489329  0.000907526  4.84095
-0.00284548  0.000880559  2.66363
-0.00280411  0.000853996  2.69804
-0.00275274  0.000824015  2.73386
-0.00268907  0.000802378  2.72823
-0.00264098  0.000743908  2.87802
-0.00264098  0.000743908  2.87802
-0.00254299  0.000728643  2.80383
-0.00241118  0.000708913  2.69592
