-0.003971  0.00164852  2.10552
-0.00395422  0.00152612  2.2634
-0.00392807  0.00136275  2.51555
-0.00391245  0.00128112  2.66364
-0.00388855  0.00117933  2.87329
-0.00385705  0.00108785  3.08594
-0.00379616  0.00097963  3.3647
-0.00376143  0.000907119  3.59537
-0.00370047  0.000817736  3.91382
-0.00366614  0.000779247  4.06308
-0.00359678  0.000737523  4.19889
-0.00354771  0.000677952  4.49546
-0.00346716  0.000634597  4.67566
-0.0033908  0.000616225  4.69115
-0.00331078  0.000585695  4.79905
-0.00322457  0.000570844  4.77287
-0.00317726  0.000564808  4.74013
-0.00313869  0.000555652  4.74883
-0.00306446  0.000544034  4.71379
-0.00300074  0.000532599  4.69535
-0.00294958  0.000524333  4.67181
-0.00288004  0.000512917  4.64021
-0.00282789  0.000504232  4.6167
-0.00276523  0.000494814  4.57794
-0.00266952  0.000482316  4.49814
-0.00262857  0.000478104  4.45211
-0.00252934  0.00046612  4.35368
-0.00250118  0.000460483  4.34581
-0.00238443  0.00044517  4.23305
-0.00234446  0.000440895  4.18344
-0.00226657  0.000429762  4.11058
-0.00218921  0.000423582  3.98792
-0.00212963  0.000415544  3.92169
-0.0020153  0.000406523  3.72746
-0.00190644  0.000399093  3.52408
-0.0018638  0.000390686  3.49078
-0.00174131  0.000384689  3.2268
-0.00166263  0.000376109  3.0912
-0.00160412  0.000372654  2.96285
-0.00145418  0.000365527  2.61044
-0.0013294  0.000356142  2.32883
-0.00126271  0.000351282  2.17121
-0.00116057  0.000344545  1.91724
-0.00101299  0.000338812  1.51409
-0.000936463  0.000336046  1.29882
-0.00077493  0.000330919  0.830809
-0.000662338  0.000327054  0.496365
-0.000621146  0.000326922  0.370564
-0.000362464  0.000321512  -0.427778
-0.000204737  0.000319689  -0.923596
