-0.003971  0.00164852  2.10552
-0.00395425  0.00152629  2.26317
-0.00393575  0.00140724  2.44148
-0.003915  0.00129362  2.63988
-0.00389024  0.00118558  2.85957
-0.00385808  0.00109001  3.08079
-0.00381865  0.00100673  3.29646
-0.0037765  0.000928552  3.52862
-0.00372796  0.000860128  3.75289
-0.00367576  0.000798217  3.97856
-0.00362377  0.000736391  4.24199
-0.00355425  0.000704618  4.33462
-0.00350064  0.000644929  4.65266
-0.00342728  0.000619075  4.72848
-0.00339741  0.000611938  4.73482
-0.00327692  0.000590872  4.69969
-0.00322537  0.000579933  4.69946
-0.00317161  0.000569148  4.69405
-0.00311734  0.000558447  4.68682
-0.00305917  0.000548022  4.66983
-0.00300259  0.000537589  4.6552
-0.00294473  0.000527258  4.63669
-0.00288292  0.000517173  4.60759
-0.00282103  0.000507181  4.57633
-0.00275202  0.000497222  4.52921
-0.00268533  0.000488017  4.47798
-0.00261158  0.00047869  4.41117
-0.00253392  0.000470023  4.32727
-0.00246262  0.000461079  4.25657
-0.00238387  0.000452545  4.16283
-0.00230183  0.000443742  4.06053
-0.00222669  0.000435157  3.96796
-0.00214412  0.000427044  3.85
-0.00205465  0.000417832  3.72076
-0.00197424  0.000410725  3.58935
-0.00187902  0.000402747  3.42404
-0.00178764  0.000395564  3.2552
-0.00169877  0.000389446  3.07814
-0.00158626  0.000382236  2.84187
-0.00147861  0.0003763  2.60061
-0.00136718  0.000370148  2.3428
-0.00126787  0.000363951  2.10982
-0.00114691  0.000358466  1.80467
-0.00102225  0.000353353  1.478
-0.00090811  0.000348103  1.17238
-0.000786278  0.000343316  0.833861
-0.000654516  0.000339371  0.455303
-0.000504044  0.000336077  0.0120344
-0.000386125  0.000334022  -0.340921
-0.000185707  0.000332443  -0.945404
