-0.003971  0.00164852  2.10552
-0.00394927  0.00153071  2.25338
-0.00392858  0.00140789  2.43526
-0.00390238  0.00130516  2.60687
-0.00387579  0.00119828  2.81719
-0.00384081  0.00110967  3.01064
-0.00379863  0.00102084  3.23128
-0.00375481  0.000926611  3.5126
-0.00370521  0.000861734  3.71949
-0.00365868  0.000799461  3.95101
-0.00359931  0.000734225  4.2212
-0.00353362  0.000684655  4.43088
-0.00347631  0.000644576  4.61747
-0.00338952  0.000608347  4.74978
-0.00328449  0.000583284  4.77382
-0.00321629  0.000559211  4.85736
-0.00314294  0.000547322  4.82886
-0.00307124  0.000536047  4.79667
-0.00301708  0.000526359  4.78205
-0.00294899  0.000515592  4.74985
-0.00290871  0.000506672  4.75399
-0.00284702  0.0004988  4.70534
-0.00276196  0.000486803  4.64656
-0.00273096  0.000482397  4.62474
-0.00264808  0.000472108  4.54998
-0.00256803  0.000461227  4.48376
-0.00251335  0.000451609  4.45817
-0.00244044  0.00044252  4.38496
-0.00236342  0.000433414  4.2994
-0.00227923  0.000424679  4.18958
-0.00221276  0.000416726  4.11004
-0.00213274  0.000407625  4.00551
-0.00205266  0.000400742  3.87446
-0.00196969  0.000393234  3.73743
-0.00188061  0.000384501  3.59065
-0.00180362  0.00037833  3.44572
-0.00169227  0.000370225  3.22039
-0.0016087  0.00036484  3.03887
-0.00150505  0.000357231  2.81344
-0.00139103  0.000350935  2.53903
-0.00129782  0.000344938  2.31293
-0.00117182  0.000337508  1.99052
-0.00107106  0.000332777  1.71606
-0.000947751  0.000326689  1.37057
-0.000826608  0.000324239  1.00731
-0.000700657  0.000318523  0.629963
-0.000581599  0.000315337  0.258769
-0.000439928  0.000313273  -0.191755
-0.000273911  0.000310135  -0.729004
-8.64189e-05  0.00030877  -1.33945
