-0.010865  0.0047755  2.17045
-0.0107794  0.00461456  2.22761
-0.0106912  0.00445753  2.28629
-0.0106  0.00429465  2.35176
-0.0105107  0.00414843  2.41314
-0.0104184  0.00399639  2.48183
-0.0103182  0.0038423  2.55529
-0.0102136  0.00369066  2.63194
-0.0101112  0.00354657  2.71001
-0.0100019  0.00340365  2.79168
-0.00989317  0.00326475  2.87715
-0.00978077  0.00312779  2.9672
-0.00966129  0.00298058  3.07366
-0.00954682  0.00285833  3.16507
-0.00942681  0.00272155  3.28004
-0.00930414  0.0025902  3.39902
-0.00918121  0.00246669  3.51937
-0.00905003  0.00233633  3.65961
-0.00892044  0.00221911  3.79451
-0.00877937  0.00210358  3.93584
-0.00863241  0.00198631  4.09422
-0.00848791  0.00187137  4.26849
-0.00834345  0.00176972  4.43202
-0.0081844  0.0016622  4.62303
-0.00801175  0.00156105  4.812
-0.00784639  0.00146355  5.01955
-0.00767292  0.00137341  5.2227
-0.00749753  0.00129919  5.38608
-0.00728854  0.00121358  5.59379
-0.00708252  0.0011411  5.7686
-0.00688068  0.00108377  5.88747
-0.00667746  0.00102945  6.00073
-0.00646054  0.000972949  6.12626
-0.00621802  0.00092305  6.19471
-0.00602059  0.000876933  6.29534
-0.00574481  0.000827595  6.33741
-0.00559945  0.00080945  6.2999
-0.00548416  0.000791749  6.29512
-0.00530608  0.000772958  6.21778
-0.00518943  0.000754473  6.21551
-0.00500761  0.00073717  6.11475
-0.00486933  0.000726495  6.01426
-0.00467559  0.000709251  5.88732
-0.0044994  0.000696253  5.74418
-0.00423534  0.000682145  5.47587
-0.00401126  0.000671654  5.22778
-0.00374004  0.000660546  4.90509
-0.00348418  0.000653229  4.56835
-0.00315205  0.000646151  4.10438
-0.00274683  0.000642903  3.49482
