-0.010865  0.0047755  2.17045
-0.0107816  0.00461815  2.22634
-0.0106954  0.00446056  2.28568
-0.0106083  0.00430808  2.34635
-0.010518  0.00415529  2.4109
-0.0104266  0.00400648  2.47764
-0.0103314  0.00385805  2.54828
-0.0102331  0.00371406  2.62062
-0.0101305  0.00357067  2.69712
-0.0100239  0.00343342  2.77389
-0.00991832  0.00329362  2.85957
-0.00980834  0.003156  2.94941
-0.00969679  0.00302134  3.04395
-0.00958082  0.00288831  3.14399
-0.00946334  0.00275743  3.25061
-0.00934278  0.00262933  3.36313
-0.00921791  0.00250094  3.48585
-0.00909181  0.00237678  3.61489
-0.00895996  0.0022556  3.75064
-0.00883049  0.00214036  3.8921
-0.00868865  0.00202364  4.0465
-0.0085461  0.00191124  4.2099
-0.00840091  0.00180437  4.37876
-0.00824361  0.00170116  4.55197
-0.00808711  0.00160062  4.74011
-0.00792235  0.00150135  4.9438
-0.0077514  0.00141128  5.13815
-0.00758047  0.00132862  5.32918
-0.00739736  0.00124841  5.52494
-0.00720182  0.00117584  5.69959
-0.00699604  0.0011134  5.83444
-0.00678592  0.00104955  5.98916
-0.00656428  0.000993698  6.10274
-0.00634063  0.000943383  6.19115
-0.00612338  0.000895818  6.27738
-0.00589282  0.000853786  6.31636
-0.00565125  0.000815153  6.31936
-0.00550846  0.000793883  6.30881
-0.00537166  0.000775341  6.28324
-0.00523486  0.000759651  6.23294
-0.00508046  0.000743514  6.16056
-0.0049086  0.000727107  6.0632
-0.0047258  0.000712566  5.9304
-0.00451805  0.000698399  5.75323
-0.00431441  0.000686  5.56036
-0.00406543  0.000674898  5.28292
-0.00381631  0.000664632  4.9897
-0.00354356  0.000654682  4.64891
-0.00327094  0.000648578  4.27233
-0.00289772  0.000643819  3.72422
