-0.003971  0.00164852  2.10552
-0.00396105  0.00157426  2.19853
-0.00393689  0.00146374  2.34803
-0.00393306  0.00139133  2.46747
-0.00393306  0.00139133  2.46747
-0.00391332  0.00128535  2.65556
-0.00390596  0.00125071  2.72322
-0.00386266  0.00118796  2.83061
-0.00386266  0.00118796  2.83061
-0.00381338  0.00104113  3.18249
-0.00381338  0.00104113  3.18249
-0.0037992  0.000993518  3.32072
-0.00374384  0.000878339  3.69315
-0.00374384  0.000878339  3.69315
-0.00371736  0.000835459  3.85101
-0.00370541  0.000819723  3.91035
-0.00365811  0.000768576  4.10904
-0.0036288  0.000743056  4.21071
-0.00358413  0.000716285  4.30572
-0.00357866  0.00069458  4.4324
-0.00349637  0.000685821  4.36903
-0.00348537  0.000638057  4.67884
-0.00348537  0.000638057  4.67884
-0.00338891  0.000611138  4.7271
-0.00334067  0.000598109  4.74943
-0.00323305  0.000581465  4.70028
-0.0031894  0.000572593  4.69688
-0.00307292  0.00055454  4.63974
-0.00298775  0.000541288  4.59598
-0.00294931  0.000528061  4.6383
-0.00285023  0.000512036  4.58997
-0.00275673  0.000498137  4.53035
-0.00267919  0.000487303  4.47195
-0.00256898  0.000473455  4.36995
-0.00245723  0.000461158  4.24416
-0.00234516  0.000448669  4.11251
-0.00220865  0.000435875  3.92004
-0.00208806  0.000430261  3.69091
-0.00196511  0.000417604  3.50837
-0.00196511  0.000417604  3.50837
-0.00166393  0.000408718  2.84775
-0.00147187  0.000396398  2.45175
-0.00128426  0.00038852  2.01858
-0.00116642  0.00036537  1.82396
-0.00113822  0.000362809  1.75911
-0.000999267  0.000351758  1.41935
-0.000825995  0.000344921  0.945129
-0.00063129  0.000338941  0.387355
-0.000626329  0.000338931  0.372728
-0.000218015  0.000332561  -0.847919
