-0.003971  0.00164852  2.10552
-0.00395409  0.00152523  2.26463
-0.00393507  0.0014062  2.44281
-0.00391444  0.00129088  2.64504
-0.00388517  0.00117775  2.87426
-0.00384928  0.00109087  3.07029
-0.00380533  0.00100801  3.27907
-0.00375413  0.000921514  3.53128
-0.00371505  0.000856587  3.75333
-0.00364495  0.000787469  3.99374
-0.00357738  0.000733105  4.19774
-0.00352582  0.000685047  4.41695
-0.00345532  0.00063751  4.63572
-0.00335929  0.000597914  4.78211
-0.0032752  0.00057641  4.81463
-0.00318186  0.000552904  4.85049
-0.0031236  0.000541567  4.84446
-0.00305897  0.000530884  4.82021
-0.00301005  0.000522684  4.80223
-0.00295899  0.000513676  4.78705
-0.00288538  0.000501482  4.75665
-0.00283017  0.000493974  4.71719
-0.00275422  0.000482405  4.67289
-0.00269342  0.000474571  4.62191
-0.00263916  0.000465902  4.59143
-0.00256797  0.000456747  4.52759
-0.00250037  0.000447808  4.46702
-0.00240634  0.000437814  4.35421
-0.00234994  0.000430715  4.29505
-0.0022716  0.000421861  4.19948
-0.00219394  0.000412991  4.10165
-0.0021085  0.000404458  3.97692
-0.00202028  0.000395963  3.83946
-0.00195596  0.000390173  3.73157
-0.00185902  0.000382285  3.55498
-0.00175748  0.000375149  3.35195
-0.00168558  0.000368927  3.2136
-0.00157121  0.000360657  2.97017
-0.00147363  0.000354988  2.74273
-0.00137088  0.000348556  2.49855
-0.00125751  0.00034144  2.21857
-0.00118085  0.000336795  2.02156
-0.00105277  0.000331525  1.66737
-0.000949463  0.00032649  1.37665
-0.000817202  0.000321171  0.987645
-0.000660188  0.000316574  0.506004
-0.000520672  0.00031283  0.0660805
-0.000387006  0.000310616  -0.363773
-0.000236088  0.000308599  -0.855195
-4.12541e-05  0.000307571  -1.49151
