-0.003971  0.00164852  2.10552
-0.00395422  0.00152612  2.2634
-0.00393606  0.00140912  2.43844
-0.00391566  0.00129693  2.63365
-0.00388855  0.00119264  2.84121
-0.0038565  0.00109752  3.05826
-0.00381816  0.00102103  3.24981
-0.00376946  0.000939172  3.48121
-0.00372461  0.000866323  3.72218
-0.00367929  0.000804937  3.94973
-0.00361514  0.000736849  4.22765
-0.00355037  0.000686389  4.44409
-0.00349156  0.000646244  4.62915
-0.00341683  0.000612304  4.7637
-0.00333189  0.000589118  4.80699
-0.0032493  0.000565106  4.86511
-0.00318578  0.000553181  4.85517
-0.00313687  0.000543886  4.8482
-0.00308007  0.000533297  4.83795
-0.00300073  0.000524388  4.76884
-0.00294622  0.000512404  4.77401
-0.0028889  0.000502511  4.75393
-0.00282871  0.000493834  4.71558
-0.00274827  0.00048446  4.64078
-0.00268269  0.000472964  4.61492
-0.00261288  0.000464518  4.54854
-0.002545  0.00045447  4.49975
-0.00247659  0.000446059  4.43122
-0.00240567  0.000437314  4.35767
-0.00230984  0.000426294  4.24552
-0.00223428  0.000418152  4.14748
-0.0021536  0.000409928  4.03387
-0.00208256  0.000403214  3.92486
-0.00199688  0.000394939  3.79014
-0.00188169  0.000386834  3.57179
-0.00182443  0.000380361  3.48203
-0.00170605  0.000371987  3.24218
-0.00160687  0.000363619  3.04403
-0.00151123  0.000357598  2.82784
-0.0013958  0.000350525  2.55559
-0.00129239  0.000344563  2.29969
-0.00118997  0.000339058  2.03496
-0.0010528  0.000333764  1.65625
-0.000929454  0.00032761  1.31087
-0.000802682  0.000323278  0.936291
-0.000710043  0.00032006  0.656262
-0.000546184  0.000315894  0.146201
-0.000392061  0.000313407  -0.344405
-0.000221709  0.000310719  -0.895637
-3.78945e-05  0.000309282  -1.49412
