-0.010865  0.0047755  2.17045
-0.0107795  0.00461559  2.22712
-0.0106924  0.00445643  2.28713
-0.0106027  0.00429935  2.34981
-0.0105113  0.00414386  2.41594
-0.010416  0.00399075  2.48475
-0.0103175  0.00383895  2.55734
-0.0102164  0.00369306  2.631
-0.0101119  0.003546  2.71062
-0.0100034  0.00340203  2.79345
-0.00989347  0.00326154  2.88007
-0.00977997  0.00312113  2.97328
-0.00966577  0.00298582  3.06977
-0.00954568  0.00284916  3.17485
-0.00942546  0.00271786  3.284
-0.00930258  0.00258501  3.40523
-0.00917609  0.00245835  3.52924
-0.00904433  0.00233359  3.66146
-0.00891135  0.00220882  3.80807
-0.0087708  0.00208749  3.96209
-0.00862901  0.00197319  4.11973
-0.00848066  0.0018619  4.28629
-0.00832613  0.00175623  4.45621
-0.00816875  0.00164928  4.64975
-0.00800601  0.00154919  4.84513
-0.00783546  0.00145446  5.04342
-0.00765926  0.00136344  5.25087
-0.00747624  0.00127984  5.45087
-0.00728195  0.00120293  5.63785
-0.00708437  0.00113396  5.80651
-0.0068652  0.00107012  5.9481
-0.00664627  0.00101324  6.06598
-0.00642053  0.000958773  6.17512
-0.00619479  0.000909865  6.25894
-0.00596465  0.000863506  6.32845
-0.00571841  0.000821478  6.35247
-0.00559695  0.000803024  6.3472
-0.00546655  0.000785301  6.32439
-0.00533615  0.000769187  6.28736
-0.00518808  0.000752428  6.23061
-0.00502337  0.000736231  6.14395
-0.00485563  0.000721762  6.03472
-0.00466884  0.000706405  5.90148
-0.00448253  0.000694647  5.73317
-0.00426347  0.000681966  5.51856
-0.00402166  0.000671206  5.24677
-0.00378349  0.000661592  4.96302
-0.00349871  0.000652987  4.5923
-0.00318219  0.00064653  4.1486
-0.0028138  0.000643621  3.59497
