-0.00353871  0.000891826  3.40729
-0.00318511  0.000555882  4.83036
-0.00314562  0.000547962  4.82811
-0.00310645  0.000540908  4.81866
-0.00306668  0.000533518  4.81087
-0.00302989  0.000526309  4.80686
-0.00298232  0.00051912  4.78179
-0.00293824  0.00051191  4.76303
-0.00289403  0.000504745  4.74305
-0.00284986  0.000497357  4.72468
-0.00280959  0.000490301  4.71056
-0.00275992  0.000483343  4.6756
-0.00271228  0.000476896  4.63891
-0.0026652  0.00046887  4.61791
-0.0026146  0.000463609  4.56118
-0.0025647  0.000456488  4.52301
-0.00251825  0.000450021  4.48479
-0.0024688  0.000443113  4.44311
-0.00242552  0.000437489  4.4013
-0.0023712  0.000431041  4.34113
-0.00230926  0.000424205  4.26507
-0.00225321  0.000419029  4.18399
-0.0022095  0.000413391  4.1353
-0.00213243  0.000406855  4.01231
-0.00208033  0.000400663  3.94428
-0.00201458  0.000394235  3.84181
-0.00195329  0.000389703  3.72921
-0.00190346  0.000384325  3.65176
-0.00182619  0.000378432  3.50442
-0.00176753  0.000373972  3.38937
-0.00169082  0.000369043  3.22677
-0.0016291  0.000364003  3.10189
-0.00154724  0.000359429  2.91361
-0.00146946  0.000354043  2.73826
-0.00139656  0.000349194  2.56752
-0.00132124  0.000345878  2.37435
-0.00125681  0.000341704  2.21483
-0.00117121  0.000336693  1.99354
-0.00108738  0.000333502  1.76124
-0.00100755  0.000330001  1.53804
-0.000916619  0.00032607  1.2777
-0.000820816  0.000322718  0.994106
-0.000757277  0.000320075  0.803803
-0.000635673  0.00031715  0.42779
-0.000539259  0.000314273  0.124918
-0.000439711  0.000311869  -0.193315
-0.000344017  0.000310179  -0.50288
-0.000215364  0.000308509  -0.922617
-0.000102272  0.000307865  -1.29189
-0.000102272  0.000307865  -1.29189
