-0.010865  0.0047755  2.17045
-0.01078  0.00461729  2.22641
-0.0106883  0.00445805  2.28537
-0.0105999  0.00429786  2.34998
-0.0105091  0.004148  2.41298
-0.0104116  0.00399413  2.48153
-0.0103162  0.00384269  2.5545
-0.0102113  0.00368915  2.63238
-0.0101131  0.00355046  2.70756
-0.00999741  0.00340178  2.79189
-0.00988679  0.00326564  2.87441
-0.00976924  0.00312507  2.96609
-0.00965504  0.00299336  3.05845
-0.00954244  0.00285498  3.16726
-0.00942481  0.00272106  3.2799
-0.00929568  0.00258762  3.39914
-0.00916769  0.00246417  3.51749
-0.0090411  0.00233383  3.6597
-0.00890699  0.00221621  3.79341
-0.008764  0.00209626  3.94225
-0.00862541  0.00198387  4.09574
-0.00848446  0.00187023  4.26924
-0.00832184  0.0017565  4.45308
-0.00815892  0.0016536  4.63166
-0.00799805  0.00155416  4.82449
-0.00782865  0.00145795  5.02668
-0.00765221  0.00136651  5.23394
-0.00746993  0.00128314  5.43192
-0.00728725  0.00120483  5.63336
-0.00708288  0.0011369  5.79022
-0.0068704  0.00107968  5.90025
-0.00665668  0.00101926  6.04034
-0.00642541  0.000961414  6.16323
-0.00619513  0.000913899  6.23169
-0.00595966  0.000863539  6.32243
-0.00571795  0.000822478  6.34419
-0.00558572  0.00080514  6.31656
-0.00544733  0.000785996  6.29435
-0.00531284  0.000768765  6.26048
-0.00515972  0.000754387  6.17683
-0.00501146  0.000738686  6.10741
-0.00484874  0.000722593  6.01824
-0.00465473  0.000710738  5.84566
-0.00445758  0.000697706  5.67227
-0.00425981  0.000685766  5.48265
-0.00400079  0.000674752  5.18826
-0.00374703  0.000662683  4.89982
-0.00348942  0.000655796  4.55846
-0.00313489  0.000647145  4.07156
-0.00278858  0.000644295  3.55207
