-0.010865  0.0047755  2.17045
-0.0107507  0.00456085  2.24755
-0.0106356  0.0043546  2.32756
-0.0105135  0.0041468  2.41476
-0.010388  0.00394485  2.50656
-0.0102492  0.00373542  2.60994
-0.0101233  0.00355793  2.70474
-0.00997026  0.00335684  2.82118
-0.00981585  0.00316724  2.94132
-0.00968181  0.00300228  3.05828
-0.00953391  0.00283343  3.18832
-0.00935237  0.00266437  3.3225
-0.00917389  0.00249938  3.47042
-0.00896916  0.00237621  3.56415
-0.00886117  0.00221569  3.77361
-0.00867669  0.00203701  4.01407
-0.00843536  0.00190312  4.16967
-0.00824512  0.00173526  4.46338
-0.00802453  0.00161837  4.64944
-0.00778169  0.00152916  4.76189
-0.00755752  0.00140953  5.00701
-0.00730373  0.00131307  5.18154
-0.00705726  0.00123081  5.32759
-0.00677838  0.00115792  5.42211
-0.0064599  0.00109064  5.4646
-0.00636928  0.00107748  5.44724
-0.00621146  0.00105572  5.40999
-0.00608123  0.00103726  5.38075
-0.00593653  0.00101764  5.34229
-0.00581509  0.00100536  5.28677
-0.00568208  0.000988047  5.24477
-0.00552425  0.000968246  5.18902
-0.00540953  0.000951882  5.15772
-0.00528193  0.000940997  5.08177
-0.00500826  0.000916766  4.91757
-0.00500216  0.000912226  4.93535
-0.00478981  0.000889618  4.82208
-0.00471104  0.000870945  4.83503
-0.00458889  0.000847561  4.8243
-0.0045082  0.00083388  4.80669
-0.00436674  0.000812645  4.75822
-0.00421524  0.000791777  4.69228
-0.00409642  0.000777757  4.62409
-0.00395551  0.000765901  4.51169
-0.00373453  0.000757907  4.26771
-0.00357823  0.000756125  4.07106
-0.00337336  0.000725049  3.96298
-0.00337336  0.000725049  3.96298
-0.00337336  0.000725049  3.96298
-0.00269092  0.000707341  3.09739
