-0.003971  0.00164852  2.10552
-0.00395326  0.00151949  2.27264
-0.00393277  0.00138964  2.47025
-0.00391225  0.00128014  2.66552
-0.00388503  0.00116669  2.90139
-0.00384733  0.00106624  3.13937
-0.00380363  0.000988048  3.3436
-0.00376226  0.000909551  3.58667
-0.00371121  0.000841763  3.81486
-0.00365232  0.000769551  4.09631
-0.0035941  0.000711824  4.34672
-0.00351997  0.000677803  4.45553
-0.00345756  0.00062964  4.69722
-0.00335298  0.000597162  4.77757
-0.00327151  0.000570649  4.85676
-0.00319297  0.000558847  4.8188
-0.00310335  0.000543126  4.79327
-0.00310215  0.000540376  4.81544
-0.00306048  0.000534283  4.79237
-0.00295833  0.000522331  4.70647
-0.00292664  0.000510731  4.75131
-0.00283773  0.000500052  4.67496
-0.00276511  0.000488586  4.63605
-0.00271567  0.000481673  4.59994
-0.00264842  0.000472424  4.54766
-0.00260754  0.00046664  4.51641
-0.00250199  0.000455728  4.39295
-0.00244279  0.000446926  4.347
-0.00239883  0.000438515  4.33014
-0.00230771  0.000428557  4.21814
-0.00219565  0.000418681  4.04997
-0.00214101  0.000409772  4.0047
-0.00205277  0.000403389  3.84932
-0.00196826  0.000395739  3.71016
-0.00187612  0.000387482  3.55143
-0.00181062  0.000381752  3.43319
-0.00172304  0.000373564  3.27397
-0.00159179  0.00036572  2.9853
-0.00149096  0.000358862  2.7614
-0.00140823  0.000353176  2.5716
-0.00128772  0.000347014  2.26999
-0.00117531  0.000339333  1.9901
-0.00106681  0.000333824  1.69793
-0.000956286  0.000329237  1.38589
-0.000834082  0.000324149  1.03064
-0.000717021  0.000321099  0.675869
-0.000583695  0.000316376  0.264544
-0.000493756  0.000314026  -0.0198839
-0.000292271  0.000310457  -0.669107
-8.8381e-05  0.000309425  -1.33027
