-0.00314491  0.000545805  4.8459
-0.00308713  0.000536571  4.8216
-0.00304974  0.000529677  4.81377
-0.0030126  0.000522899  4.80513
-0.0029724  0.000516103  4.79051
-0.00286509  0.000499153  4.73821
-0.00286509  0.000499153  4.73821
-0.0028207  0.000492208  4.71487
-0.00280217  0.000488782  4.71001
-0.0027575  0.000482349  4.68021
-0.00271428  0.000475749  4.65431
-0.00265414  0.000467355  4.60922
-0.00259177  0.000458656  4.56064
-0.00253184  0.000451219  4.503
-0.00253184  0.000451219  4.503
-0.00246838  0.000443946  4.43384
-0.00237746  0.000433215  4.33378
-0.002379  0.000432862  4.34087
-0.00229313  0.000423862  4.23045
-0.00226088  0.000419724  4.19533
-0.00221851  0.000414757  4.14341
-0.00215475  0.00040766  4.05914
-0.00209451  0.000402723  3.95933
-0.00203554  0.000397376  3.8642
-0.00197532  0.00039134  3.76991
-0.00192729  0.000387307  3.68517
-0.0018564  0.000381659  3.55396
-0.0017645  0.000374045  3.38061
-0.00171103  0.000369552  3.27702
-0.00167012  0.000366601  3.19181
-0.00160036  0.000362235  3.03771
-0.00154164  0.000357901  2.9104
-0.00147204  0.000353285  2.75144
-0.00137758  0.000349909  2.50802
-0.00131283  0.000344914  2.35663
-0.00123092  0.000340149  2.14881
-0.00115458  0.00033613  1.94739
-0.00107325  0.000332034  1.72647
-0.00104166  0.000329866  1.64207
-0.000925123  0.000325594  1.30569
-0.000826181  0.000321894  1.01332
-0.000759857  0.000319042  0.814493
-0.000660474  0.000316123  0.507631
-0.000541481  0.000313708  0.132227
-0.000449988  0.000311458  -0.160573
-0.000379609  0.000309682  -0.388758
-0.000295417  0.000308523  -0.663105
-0.000132622  0.000307009  -1.19664
6.64654e-08  0.000306649  -1.63075
6.64654e-08  0.000306649  -1.63075
