-0.003971  0.00164852  2.10552
-0.00395422  0.00152612  2.2634
-0.00393648  0.00141162  2.43442
-0.00391566  0.00129693  2.63365
-0.00389159  0.00119721  2.83291
-0.00386091  0.00109896  3.05827
-0.00382067  0.00102502  3.23961
-0.00377151  0.000941933  3.47319
-0.00372582  0.000878298  3.67281
-0.00367701  0.00081535  3.8965
-0.00362301  0.000755205  4.13531
-0.00356505  0.000696705  4.39935
-0.0034955  0.000657384  4.5567
-0.0034288  0.000616114  4.75366
-0.00335317  0.000592701  4.81384
-0.00327318  0.000570702  4.85924
-0.00320807  0.000560764  4.82925
-0.00315951  0.000549694  4.83817
-0.00309836  0.000539404  4.81709
-0.00303537  0.000528819  4.7944
-0.00297869  0.000517821  4.78676
-0.00291769  0.000509209  4.74793
-0.00285356  0.000499689  4.71004
-0.00279286  0.000489709  4.6821
-0.00271924  0.000479451  4.62871
-0.00263832  0.000470973  4.54022
-0.00257339  0.000461037  4.49723
-0.00249316  0.000452716  4.40267
-0.00243369  0.000442049  4.37438
-0.00234778  0.000432597  4.27136
-0.00227592  0.000423875  4.18974
-0.00219602  0.000416346  4.07359
-0.00210643  0.000408724  3.93037
-0.0020273  0.000398612  3.83155
-0.00192801  0.000393019  3.63345
-0.00186266  0.000384229  3.54649
-0.00175577  0.00037544  3.34479
-0.0016568  0.000369204  3.13322
-0.00156573  0.00036318  2.93445
-0.00145354  0.000356167  2.67724
-0.00134385  0.000349149  2.41687
-0.00124823  0.000343958  2.17534
-0.00113007  0.00033798  1.86423
-0.00104213  0.000333203  1.62704
-0.000893257  0.000327291  1.20155
-0.000762887  0.000322797  0.814402
-0.000633684  0.000319134  0.418895
-0.000503095  0.000316068  0.00979131
-0.000312986  0.000313339  -0.596842
-8.38028e-05  0.000311337  -1.33681
