-0.010865  0.0047755  2.17045
-0.0107798  0.00461518  2.2274
-0.0106919  0.00445612  2.28718
-0.0106034  0.00430007  2.34958
-0.01051  0.00414349  2.41583
-0.0104166  0.00399194  2.48416
-0.010318  0.00384011  2.55669
-0.0102173  0.00369047  2.63308
-0.0101125  0.00354467  2.71183
-0.0100051  0.003403  2.79317
-0.00989339  0.00326271  2.87901
-0.0097781  0.00312396  2.96998
-0.00966561  0.00298713  3.06837
-0.00954854  0.00285471  3.16969
-0.00942721  0.00272174  3.27997
-0.00930818  0.00259251  3.39755
-0.00917953  0.00246331  3.52352
-0.00904831  0.0023356  3.66001
-0.0089163  0.00221435  3.8008
-0.00877343  0.00209277  3.95335
-0.00862597  0.00197326  4.11805
-0.00848272  0.00186814  4.27309
-0.00833051  0.00175813  4.45389
-0.00817021  0.00165561  4.63286
-0.00801036  0.0015578  4.82112
-0.00785185  0.00146354  5.02334
-0.00766644  0.00136836  5.23726
-0.00747955  0.00128474  5.43264
-0.00729657  0.00121056  5.61442
-0.0071063  0.0011468  5.76062
-0.00687246  0.00107614  5.92157
-0.00666953  0.00101998  6.04866
-0.00642987  0.000963664  6.15346
-0.00620214  0.000910788  6.26067
-0.00598471  0.000868339  6.31633
-0.00573473  0.000824382  6.34989
-0.00560764  0.000806557  6.33265
-0.00548405  0.000788473  6.32114
-0.00533896  0.000771478  6.27233
-0.00519148  0.000754848  6.21514
-0.00503819  0.000738239  6.14732
-0.00485413  0.000721523  6.03464
-0.00468026  0.000707906  5.90511
-0.00448017  0.000694071  5.73453
-0.0042608  0.000681667  5.51706
-0.00403095  0.000670701  5.26457
-0.00378876  0.000661813  4.96931
-0.00347366  0.000653221  4.55231
-0.00317357  0.0006476  4.12842
-0.00278133  0.000644836  3.53784
