-0.00397038  0.00164829  2.10545
-0.00394941  0.00152515  2.26168
-0.00392975  0.00141252  2.4281
-0.00390398  0.00129608  2.62636
-0.00387734  0.00119896  2.81688
-0.00384013  0.00110316  3.02778
-0.0038008  0.00101676  3.2464
-0.00375809  0.000940884  3.46279
-0.00370744  0.000853404  3.75841
-0.00365692  0.000790319  3.99448
-0.00360686  0.000737852  4.21068
-0.00352375  0.000690195  4.38102
-0.00345415  0.000642452  4.59824
-0.0033762  0.000614765  4.67854
-0.00329212  0.000584479  4.7771
-0.0032051  0.000561091  4.82115
-0.00315129  0.000550501  4.81613
-0.00308464  0.000539816  4.788
-0.00302978  0.000528724  4.78469
-0.00296214  0.000519791  4.73679
-0.00289032  0.00050971  4.68958
-0.00283258  0.000500441  4.66104
-0.00277436  0.000490462  4.63718
-0.00270453  0.000480456  4.5884
-0.00264194  0.000472709  4.5312
-0.002574  0.000462785  4.48156
-0.00250047  0.000453245  4.41365
-0.00242908  0.000445192  4.33314
-0.00235739  0.000435954  4.26051
-0.00227454  0.000425266  4.17278
-0.0021983  0.000418529  4.05778
-0.00211551  0.000409388  3.94617
-0.00203781  0.000401338  3.83172
-0.00195306  0.000393567  3.69202
-0.00185945  0.00038535  3.52783
-0.00178723  0.000378829  3.39791
-0.00166595  0.000370458  3.14732
-0.00156479  0.000362821  2.93475
-0.00147587  0.000356374  2.73832
-0.00137081  0.000349919  2.48859
-0.00126661  0.000343624  2.23095
-0.00116214  0.000338071  1.95857
-0.00103863  0.000332007  1.62233
-0.000940003  0.000327268  1.34447
-0.000787594  0.000321782  0.893754
-0.000665079  0.000316898  0.520922
-0.000522694  0.0003138  0.0723205
-0.000379345  0.000311186  -0.387725
-0.00023588  0.000308908  -0.855012
-3.6227e-05  0.000307945  -1.50602
