-0.003971  0.00164852  2.10552
-0.00395381  0.00152328  2.26735
-0.00393443  0.00139942  2.45418
-0.00391471  0.00129221  2.64254
-0.00388966  0.00118342  2.86428
-0.00385592  0.00109059  3.07715
-0.00381691  0.00100443  3.30227
-0.00376994  0.000932041  3.50836
-0.00372766  0.000864633  3.73299
-0.00367388  0.000805713  3.93921
-0.00360721  0.000754483  4.11832
-0.00355194  0.000708625  4.30684
-0.00349861  0.000643958  4.65653
-0.00341314  0.000636921  4.57379
-0.00334097  0.000598214  4.74909
-0.00326204  0.000588991  4.68945
-0.0032039  0.000575725  4.69651
-0.00316233  0.000567466  4.6916
-0.00310202  0.000555486  4.68421
-0.00304868  0.000545783  4.66977
-0.00299135  0.00053535  4.65368
-0.0029309  0.000525102  4.62939
-0.00286681  0.000516427  4.58305
-0.00280195  0.000505686  4.55213
-0.00273751  0.000494921  4.52094
-0.0026712  0.00048677  4.46042
-0.00259294  0.000476383  4.39341
-0.00252374  0.00046874  4.3174
-0.00243754  0.000458632  4.22461
-0.0023615  0.000450054  4.13616
-0.00228545  0.000442078  4.03876
-0.00220129  0.000432539  3.93326
-0.00211553  0.000423874  3.81135
-0.00203099  0.000415645  3.6834
-0.00193343  0.000407882  3.51434
-0.00185882  0.000403582  3.36691
-0.0017469  0.000393039  3.17246
-0.0016474  0.000386117  2.97165
-0.00157612  0.000381584  2.82014
-0.00146514  0.000375994  2.56691
-0.00134541  0.000368041  2.29704
-0.00124432  0.000362866  2.05123
-0.00109187  0.000356116  1.66201
-0.00101625  0.000352376  1.46505
-0.000880633  0.000346625  1.09811
-0.000753379  0.000342519  0.739752
-0.000588839  0.000337735  0.263044
-0.000561403  0.000337113  0.182145
-0.000561403  0.000337113  0.182145
-0.0001146  0.000332406  -1.15943
