-0.010865  0.0047755  2.17045
-0.0107789  0.00461545  2.22705
-0.0106885  0.00445958  2.28464
-0.0106002  0.00429965  2.34907
-0.0105086  0.00414315  2.41569
-0.0104131  0.00398755  2.48601
-0.0103148  0.00383717  2.55781
-0.0102111  0.00368549  2.63495
-0.0101064  0.00354188  2.71223
-0.0100006  0.00340208  2.7926
-0.00989011  0.00326163  2.87896
-0.00976895  0.00312482  2.96624
-0.00965954  0.00298293  3.07066
-0.00954076  0.00284656  3.17603
-0.00941368  0.0027079  3.29173
-0.00929271  0.00257837  3.41018
-0.00916311  0.00245015  3.53575
-0.00903752  0.00232919  3.66545
-0.00889038  0.0021951  3.82232
-0.00875141  0.00207754  3.97171
-0.00861362  0.00196667  4.12557
-0.00846522  0.00185509  4.29372
-0.00830384  0.00174077  4.48299
-0.00814625  0.00164017  4.66187
-0.00797744  0.00154014  4.85505
-0.00780025  0.00144139  5.06472
-0.00762538  0.00135147  5.27233
-0.00744816  0.00127322  5.45714
-0.00727291  0.00120208  5.63432
-0.00704067  0.00112298  5.82441
-0.00682735  0.00106513  5.94045
-0.00660935  0.00100753  6.06368
-0.0064078  0.000957792  6.16815
-0.00618344  0.000908023  6.25914
-0.00593289  0.000859567  6.3205
-0.00566549  0.000813933  6.34633
-0.00553652  0.000797934  6.31195
-0.00540605  0.000780777  6.28355
-0.00525779  0.00076593  6.21178
-0.00511128  0.000747142  6.1719
-0.00499282  0.000734786  6.11446
-0.00484818  0.000721293  6.02832
-0.00464168  0.000707573  5.85336
-0.00443251  0.000694944  5.65875
-0.00425209  0.000683234  5.49166
-0.00406658  0.000672688  5.30198
-0.00377123  0.000662394  4.93849
-0.00352327  0.000653861  4.62371
-0.00319831  0.000647571  4.16683
-0.00283555  0.000644681  3.62281
