-0.003971  0.00164852  2.10552
-0.00395429  0.0015267  2.26259
-0.00393511  0.00140631  2.44264
-0.00391222  0.00129656  2.63175
-0.00388421  0.00118732  2.85031
-0.00385254  0.0010916  3.07121
-0.00381071  0.00100606  3.29075
-0.00376472  0.00092141  3.54318
-0.00371948  0.000844978  3.81013
-0.00366549  0.000777754  4.07004
-0.00360184  0.000727292  4.26492
-0.00353506  0.000675961  4.48999
-0.00345943  0.000637337  4.64343
-0.00337913  0.000603792  4.76841
-0.00329768  0.000579303  4.82939
-0.00320944  0.000557741  4.85788
-0.00315074  0.000547723  4.83957
-0.00309518  0.000537126  4.83161
-0.0030373  0.000527453  4.81048
-0.00298257  0.000517331  4.79881
-0.00291459  0.000507017  4.76235
-0.00285449  0.00049786  4.72921
-0.00278796  0.000487811  4.69026
-0.00272401  0.000478782  4.64514
-0.00265715  0.000469507  4.59451
-0.00258773  0.000460293  4.53565
-0.00252148  0.000450716  4.48504
-0.00245058  0.000442298  4.41011
-0.00237283  0.000433251  4.32274
-0.00229368  0.000425221  4.21824
-0.0022143  0.000416281  4.11812
-0.00213647  0.000407833  4.01261
-0.0020512  0.000399978  3.87823
-0.00196393  0.000391156  3.74256
-0.00188171  0.000384303  3.59537
-0.00178781  0.000376543  3.42009
-0.00169462  0.000369579  3.23238
-0.00160444  0.000362363  3.04789
-0.00150415  0.000356074  2.82005
-0.00139169  0.000349115  2.55414
-0.00130103  0.000343287  2.3334
-0.00117793  0.000337019  2.01156
-0.00106313  0.000331837  1.69702
-0.000950124  0.000326991  1.37656
-0.00081316  0.000321801  0.973149
-0.000682882  0.000317895  0.57529
-0.000548591  0.000313662  0.154915
-0.00040863  0.000311032  -0.293766
-0.000281341  0.000309224  -0.70712
-7.49063e-05  0.000307684  -1.38159
