-0.003971  0.00164852  2.10552
-0.00395344  0.00152076  2.27086
-0.00393534  0.00140483  2.44539
-0.00391466  0.00129194  2.64305
-0.00388961  0.00118325  2.86465
-0.00385668  0.00108785  3.08562
-0.00381286  0.000995518  3.32778
-0.00377448  0.000924557  3.54168
-0.00372846  0.000851674  3.79072
-0.00367264  0.000786713  4.03277
-0.00361493  0.000741288  4.20205
-0.00354547  0.000708908  4.296
-0.00349396  0.000642302  4.6613
-0.00341752  0.000629856  4.63205
-0.0033401  0.000597987  4.74943
-0.0032626  0.000588568  4.69377
-0.00322767  0.000580802  4.69639
-0.00312983  0.00056499  4.65464
-0.00310585  0.000556701  4.68088
-0.00304887  0.00054637  4.6651
-0.00299275  0.000536003  4.65063
-0.00293457  0.000525761  4.63056
-0.00287218  0.000516113  4.59625
-0.00281221  0.000505775  4.57161
-0.00274271  0.00049632  4.51869
-0.00266867  0.000487614  4.4475
-0.00259324  0.000477667  4.38221
-0.00252456  0.000468575  4.32068
-0.0024545  0.00046005  4.24845
-0.00237067  0.000451301  4.14507
-0.00229605  0.000443029  4.05402
-0.00221703  0.000434132  3.95507
-0.00213448  0.000425495  3.84137
-0.00205294  0.000417793  3.717
-0.00196598  0.000410133  3.57439
-0.00187379  0.000402577  3.41248
-0.00177984  0.000395534  3.23573
-0.00168486  0.000388411  3.05052
-0.00156805  0.000382734  2.79058
-0.00147922  0.000375466  2.60802
-0.00137281  0.000369985  2.35904
-0.00125466  0.000363899  2.07383
-0.0011407  0.000358183  1.78875
-0.00101359  0.000353791  1.45169
-0.000901052  0.000348078  1.15219
-0.00077752  0.000343096  0.808871
-0.000642388  0.000339498  0.419407
-0.000532411  0.000337475  0.0960407
-0.000432343  0.00033468  -0.202153
-0.00018515  0.000332446  -0.947071
