-0.00384696  0.00108471  3.08558
-0.00380123  0.00098048  3.36695
-0.0037585  0.00089758  3.63032
-0.00370358  0.000825604  3.88029
-0.00364909  0.000755495  4.16826
-0.00355072  0.000707464  4.31219
-0.00348512  0.000650419  4.58953
-0.00339997  0.000615025  4.71521
-0.00327879  0.00057949  4.79524
-0.0032306  0.000571357  4.77915
-0.00318464  0.000562703  4.77098
-0.00313715  0.000554466  4.7562
-0.00306147  0.000545602  4.69475
-0.00302265  0.000538914  4.68099
-0.00299117  0.000528977  4.70941
-0.00291472  0.000522418  4.62219
-0.00287169  0.000514714  4.60778
-0.00281044  0.000502784  4.59529
-0.00276364  0.000499322  4.53343
-0.00269054  0.000488942  4.48016
-0.00265525  0.000482434  4.46745
-0.00258362  0.000474302  4.39303
-0.00254377  0.000464476  4.40017
-0.00247141  0.000461013  4.27625
-0.00243389  0.000452321  4.27547
-0.00235271  0.000445262  4.16094
-0.00233991  0.000437136  4.20901
-0.00225548  0.000430121  4.08136
-0.00217509  0.000422968  3.96032
-0.00215364  0.000418958  3.94702
-0.00204415  0.000410599  3.76073
-0.00195944  0.000405246  3.60136
-0.0019005  0.000397115  3.52669
-0.00180164  0.000392747  3.31421
-0.00178066  0.000385031  3.32613
-0.0016404  0.000379424  3.00561
-0.00159654  0.000372671  2.94238
-0.00149732  0.00036613  2.72394
-0.00142385  0.000361916  2.55267
-0.00133221  0.000355151  2.34327
-0.00126983  0.000351053  2.19293
-0.00120075  0.000347088  2.01894
-0.00108901  0.000342747  1.7185
-0.000984522  0.000338024  1.4334
-0.000861291  0.000332181  1.08763
-0.000791241  0.00032947  0.883969
-0.000705362  0.000328615  0.624932
-0.000575528  0.000327101  0.230902
-0.000443372  0.000324688  -0.174408
-0.000281646  0.00032297  -0.676082
