-0.003971  0.00164852  2.10552
-0.00395248  0.00151419  2.28008
-0.00393277  0.00138964  2.47025
-0.00391167  0.00127735  2.67089
-0.00388503  0.00116669  2.90139
-0.00383845  0.00107179  3.11484
-0.00380868  0.000988816  3.3461
-0.00375675  0.000893296  3.64577
-0.00372012  0.000850454  3.78635
-0.00365897  0.000774466  4.07891
-0.00360343  0.000711899  4.35937
-0.00353517  0.000668118  4.54286
-0.0034585  0.000632577  4.6769
-0.00338155  0.000611145  4.71501
-0.00330238  0.00058616  4.78092
-0.00324023  0.000576251  4.75527
-0.00317779  0.000564485  4.74377
-0.00311016  0.000555077  4.70234
-0.00307082  0.000541816  4.74482
-0.00302387  0.000532978  4.73542
-0.00295634  0.000522727  4.69909
-0.00289637  0.000511974  4.68065
-0.00284599  0.000502702  4.66676
-0.00275089  0.00049264  4.56905
-0.002695  0.000483176  4.54285
-0.00259863  0.000475568  4.41289
-0.0025535  0.000466382  4.40303
-0.00247045  0.000456611  4.31538
-0.00238847  0.000448596  4.20973
-0.00230994  0.000437313  4.13878
-0.00223824  0.000427382  4.06718
-0.00213741  0.000423482  3.86653
-0.00207835  0.000414476  3.80807
-0.0020153  0.000404357  3.74744
-0.00192663  0.000396102  3.60168
-0.00182766  0.000389531  3.40836
-0.00173209  0.000381824  3.22685
-0.00159111  0.000373975  2.9176
-0.00153029  0.000367136  2.80629
-0.00141054  0.000359583  2.53222
-0.00136474  0.000354961  2.43615
-0.0012179  0.000345668  2.07685
-0.00112338  0.000342494  1.82013
-0.000986089  0.000336502  1.44454
-0.000901244  0.000332469  1.20686
-0.000684965  0.000327737  0.564369
-0.000639951  0.000324677  0.431048
-0.000436347  0.000319993  -0.198919
-0.000291567  0.000319443  -0.652489
-7.37238e-05  0.000317928  -1.3408
