-0.00347795  0.000635945  4.68271
-0.00347409  0.000631774  4.70753
-0.00347409  0.000631774  4.70753
-0.00347201  0.000630988  4.71009
-0.00346882  0.000629811  4.71382
-0.00346562  0.000628674  4.71726
-0.00346271  0.000627636  4.72043
-0.00346027  0.000626726  4.72339
-0.00345507  0.000625433  4.72485
-0.00345142  0.000625128  4.72131
-0.00344442  0.000621699  4.73609
-0.00344442  0.000621699  4.73609
-0.00344275  0.000620539  4.74224
-0.00343964  0.000619431  4.7457
-0.0034366  0.000618351  4.74909
-0.00343272  0.00061732  4.75073
-0.00342841  0.000616522  4.74989
-0.00342565  0.000615201  4.75559
-0.00342459  0.000613361  4.76815
-0.00341909  0.00061293  4.76253
-0.00341654  0.000611348  4.77067
-0.00341354  0.000610755  4.77038
-0.00341185  0.000609434  4.77796
-0.0034081  0.000608851  4.77638
-0.00340313  0.000607064  4.78225
-0.00329398  0.000594186  4.70219
-0.00324131  0.000578375  4.73967
-0.00317897  0.000565658  4.73603
-0.00310335  0.000552504  4.7119
-0.00302027  0.000538776  4.67778
-0.00294743  0.000526438  4.64903
-0.00286161  0.000511284  4.61898
-0.00277491  0.000497905  4.56896
-0.0026857  0.000487514  4.48336
-0.00258873  0.000474421  4.40269
-0.00248744  0.000463917  4.28404
-0.00240315  0.000452986  4.20134
-0.00228069  0.000441485  4.03341
-0.00217075  0.000429252  3.89225
-0.00205297  0.000417633  3.71851
-0.00195853  0.000409382  3.56276
-0.001847  0.000399365  3.37285
-0.00171758  0.000390245  3.12005
-0.00159632  0.000382419  2.8668
-0.00146438  0.000373287  2.58347
-0.00132536  0.000365632  2.25735
-0.00119099  0.000358394  1.92801
-0.00104508  0.000351012  1.55288
-0.000883861  0.00034826  1.10222
-0.000709125  0.000341587  0.612217
