-0.003971  0.00164852  2.10552
-0.00395865  0.00155706  2.22127
-0.00395102  0.00150432  2.29407
-0.0039336  0.00139448  2.46228
-0.00392908  0.00136843  2.50585
-0.00391577  0.00129747  2.63264
-0.00389623  0.00120898  2.80918
-0.0038844  0.00116447  2.90637
-0.00386951  0.0011182  3.01334
-0.0038444  0.00106937  3.12746
-0.00382655  0.00104072  3.19639
-0.00380563  0.000981327  3.36853
-0.00377483  0.000931088  3.51721
-0.00374935  0.000882971  3.68001
-0.0037229  0.000849586  3.7935
-0.00369194  0.000802945  3.97529
-0.00365739  0.000771638  4.0918
-0.00362519  0.000743314  4.20441
-0.00358958  0.000719477  4.2942
-0.00354639  0.000680609  4.47597
-0.00353099  0.000675902  4.48436
-0.00348962  0.000657109  4.54965
-0.00344161  0.000631743  4.65634
-0.0034172  0.000620685  4.69997
-0.00334338  0.000598691  4.74933
-0.00324369  0.000584249  4.69609
-0.00317667  0.000570049  4.69552
-0.0030812  0.000556432  4.63885
-0.00300137  0.000540121  4.63114
-0.00292563  0.000527121  4.60166
-0.00283053  0.000512756  4.54512
-0.00274786  0.000499157  4.50331
-0.00265174  0.000486266  4.42503
-0.00255221  0.000474319  4.32663
-0.00244074  0.000460377  4.21555
-0.00232505  0.000447776  4.07581
-0.00222464  0.000435418  3.96089
-0.00210656  0.000424577  3.78392
-0.00198476  0.00041449  3.58213
-0.00184545  0.000404412  3.32692
-0.001705  0.000394875  3.05158
-0.00156966  0.000384804  2.77974
-0.00145782  0.000373267  2.56604
-0.00130192  0.000364495  2.20008
-0.00111995  0.00035741  1.73457
-0.000965909  0.000350001  1.33117
-0.000785478  0.000343926  0.830055
-0.000595686  0.000338264  0.282875
-0.000406775  0.000334287  -0.278876
-0.000157893  0.000332436  -1.02909
