-0.010865  0.0047755  2.17045
-0.0107572  0.0045727  2.24313
-0.0106256  0.00433714  2.33463
-0.0104951  0.00411642  2.42811
-0.0103743  0.00392347  2.51672
-0.0102514  0.00373864  2.60829
-0.0100942  0.00351869  2.72665
-0.00996623  0.00335173  2.82428
-0.00980774  0.00315323  2.95181
-0.00966632  0.00298484  3.07096
-0.00952891  0.00284168  3.17732
-0.00934057  0.00265087  3.33497
-0.00918344  0.0024753  3.50803
-0.00900334  0.00229485  3.70541
-0.00882135  0.00214376  3.88167
-0.00860746  0.00202847  3.99685
-0.00838192  0.00181824  4.33492
-0.00822717  0.00172464  4.48046
-0.00799429  0.00159042  4.71214
-0.0077866  0.00151047  4.82404
-0.00755737  0.00140947  5.00712
-0.00729362  0.00131364  5.17159
-0.00696877  0.00121321  5.33195
-0.0067277  0.00114882  5.42094
-0.00640441  0.00108026  5.46574
-0.00624093  0.00106993  5.36569
-0.00623024  0.00105515  5.43076
-0.00607744  0.00103048  5.41247
-0.00596819  0.00101408  5.39229
-0.0059386  0.000996953  5.45522
-0.00577866  0.000978586  5.39417
-0.00566661  0.000959065  5.38714
-0.00557498  0.000941646  5.38947
-0.00548052  0.000924266  5.38862
-0.00531644  0.00088497  5.4425
-0.00531644  0.00088497  5.4425
-0.00518781  0.000869353  5.39229
-0.00506179  0.000861589  5.29463
-0.00488741  0.000847263  5.17834
-0.0046828  0.000826658  5.05989
-0.00458407  0.000814112  5.01659
-0.00456938  0.000813205  5.00413
-0.0042822  0.000798083  4.73911
-0.00414831  0.000782566  4.66198
-0.0040395  0.000765494  4.62381
-0.00388376  0.000751186  4.50455
-0.00367966  0.000737823  4.30952
-0.00362958  0.000732642  4.27163
-0.00362958  0.000732642  4.27163
-0.00315845  0.000720754  3.68843
