-0.010865  0.0047755  2.17045
-0.0107291  0.0045213  2.26242
-0.0105994  0.00429173  2.35321
-0.0104544  0.00405017  2.45777
-0.0103074  0.00382148  2.56639
-0.0101552  0.00360181  2.68066
-0.0099413  0.00341416  2.76533
-0.00972888  0.00320547  2.8791
-0.00951549  0.00301075  2.99444
-0.00926405  0.00281291  3.11566
-0.00907085  0.00268171  3.19604
-0.00881679  0.00246643  3.372
-0.00855922  0.00228832  3.52189
-0.00834001  0.00215507  3.63793
-0.00805967  0.00199294  3.79323
-0.00776457  0.00187671  3.87092
-0.00745794  0.00174965  3.97676
-0.00712887  0.00163209  4.06159
-0.00677989  0.00152745  4.11137
-0.00640712  0.00143797  4.10796
-0.00599454  0.00137517  3.99552
-0.005817  0.00128508  4.13749
-0.00544175  0.0010903  4.53247
-0.00524995  0.00101699  4.67059
-0.00474213  0.000873399  4.85703
-0.00468501  0.000861982  4.8551
-0.00462224  0.000849299  4.8537
-0.00462224  0.000849299  4.8537
-0.00455021  0.000837091  4.83843
-0.00448957  0.000826904  4.82471
-0.00444956  0.000820675  4.81258
-0.00441446  0.000815094  4.80246
-0.00433949  0.000806831  4.75872
-0.00428711  0.000797039  4.75148
-0.00419393  0.000784112  4.71098
-0.00416058  0.000780153  4.69214
-0.00410102  0.000773408  4.65604
-0.00401078  0.000765838  4.58424
-0.00394666  0.000759324  4.53912
-0.00386869  0.000749816  4.49269
-0.00375189  0.000740158  4.39351
-0.00371913  0.000738868  4.35684
-0.00363917  0.000733164  4.28168
-0.00351911  0.000728481  4.14439
-0.00342104  0.000725069  4.02863
-0.00328478  0.000722317  3.85535
-0.0031572  0.00072034  3.68881
-0.0031572  0.00072034  3.68881
-0.0031572  0.00072034  3.68881
-0.00268263  0.000718016  3.0398
