-0.00397087  0.00164847  2.10551
-0.0039523  0.00152984  2.25663
-0.00393112  0.00141523  2.42442
-0.00390073  0.00129911  2.61773
-0.00387011  0.00120229  2.80307
-0.00383999  0.00111213  3.00323
-0.00379178  0.00101644  3.23854
-0.00374868  0.000931481  3.48765
-0.00370657  0.000865768  3.70373
-0.00364217  0.000787216  3.9915
-0.00359012  0.000736059  4.1982
-0.00353113  0.00068845  4.40283
-0.00345507  0.00064516  4.58038
-0.00336866  0.000600608  4.77626
-0.00328337  0.000578229  4.81361
-0.00319193  0.000556514  4.83712
-0.00313612  0.000546711  4.82179
-0.00307759  0.00053558  4.8127
-0.00301566  0.000525884  4.78368
-0.0029591  0.00051707  4.75583
-0.00289366  0.000506785  4.72322
-0.00283123  0.000498782  4.67384
-0.00276516  0.000488152  4.64027
-0.00271072  0.000478704  4.61814
-0.00263953  0.0004704  4.54831
-0.00256582  0.000460563  4.48541
-0.00249714  0.000452319  4.41534
-0.00242844  0.0004434  4.34922
-0.00236355  0.000435101  4.28302
-0.00228387  0.000425907  4.1884
-0.00220315  0.000417362  4.08075
-0.00212502  0.000408137  3.98154
-0.00205308  0.000401205  3.87105
-0.00195695  0.000393849  3.69925
-0.00187032  0.000386035  3.54972
-0.00178854  0.000378862  3.40108
-0.00168946  0.000371186  3.20447
-0.00158879  0.00036373  2.99339
-0.00152681  0.00035803  2.86795
-0.00141202  0.000351906  2.59164
-0.00128691  0.000345394  2.27829
-0.00119074  0.000339376  2.03533
-0.00107516  0.000333727  1.72345
-0.000949671  0.000328739  1.36787
-0.000833998  0.000323657  1.03195
-0.000691552  0.000319692  0.599175
-0.000564252  0.000316257  0.203164
-0.000425578  0.000313183  -0.237629
-0.000262263  0.000311475  -0.763264
-8.69491e-05  0.000310224  -1.33146
