-0.003971  0.00164852  2.10552
-0.00395131  0.00150624  2.29134
-0.00393468  0.00140089  2.45178
-0.00391481  0.00129271  2.6416
-0.00389085  0.00118792  2.85446
-0.00386013  0.0010946  3.06974
-0.00382421  0.00101791  3.26572
-0.00377977  0.000933982  3.5116
-0.00373509  0.000864335  3.74286
-0.00368661  0.00079613  4.00263
-0.00362743  0.000755856  4.1376
-0.00357621  0.000694775  4.42763
-0.0035294  0.000660351  4.58757
-0.00345341  0.000628016  4.70276
-0.00336873  0.000605092  4.74098
-0.0032914  0.00059151  4.71912
-0.00323039  0.000581386  4.69635
-0.00317554  0.000569801  4.69557
-0.00310577  0.000556684  4.68088
-0.00306901  0.000549316  4.67675
-0.00299896  0.000536736  4.65585
-0.00293095  0.000525091  4.62959
-0.00288456  0.000517242  4.61015
-0.00281952  0.000507087  4.5742
-0.00275284  0.000497108  4.53188
-0.00268185  0.000487614  4.47455
-0.00260609  0.000478202  4.40418
-0.00253323  0.000469232  4.3331
-0.00245387  0.000460077  4.24684
-0.00237451  0.000451961  4.14751
-0.00228945  0.000442676  4.04235
-0.00220637  0.000434121  3.93064
-0.00212994  0.000424896  3.83608
-0.00204059  0.00041679  3.69631
-0.00194224  0.000408195  3.53322
-0.00186653  0.000401885  3.4003
-0.00177145  0.000394339  3.22427
-0.00165017  0.000387811  2.96581
-0.00155106  0.000380073  2.76542
-0.00143264  0.000373646  2.49606
-0.00130919  0.000368546  2.19563
-0.00120817  0.000361683  1.95798
-0.00109843  0.000356413  1.67904
-0.000970143  0.000350183  1.34257
-0.000891897  0.000347036  1.12927
-0.000701509  0.000340847  0.591201
-0.000563234  0.000337216  0.187518
-0.000410018  0.000334394  -0.26909
-0.00023763  0.000332715  -0.788575
-4.77216e-05  0.000332426  -1.36054
