-0.010865  0.0047755  2.17045
-0.010748  0.00455588  2.2494
-0.0106352  0.00435394  2.32783
-0.0105145  0.00414833  2.41409
-0.0103894  0.00394707  2.50551
-0.0102548  0.00374352  2.60578
-0.0101162  0.00354832  2.71007
-0.00997786  0.00336656  2.81529
-0.00981747  0.00316632  2.94268
-0.00966358  0.0029973  3.05728
-0.00953029  0.00284685  3.17203
-0.00937534  0.00265976  3.3369
-0.00921745  0.00249793  3.48987
-0.00902965  0.00236451  3.60736
-0.00882757  0.00213967  3.89199
-0.00863487  0.00202329  4.02061
-0.00843503  0.00186509  4.2545
-0.00827788  0.00177096  4.39189
-0.00812285  0.00167741  4.54442
-0.00778444  0.00150943  4.82594
-0.00749901  0.00142709  4.90438
-0.00724623  0.00138187  4.88196
-0.00695587  0.00130798  4.93575
-0.00675814  0.00116435  5.37478
-0.00644856  0.00109662  5.42443
-0.00635563  0.00108584  5.39273
-0.00628497  0.00107092  5.40186
-0.00623223  0.00106097  5.4028
-0.00614371  0.00105048  5.37251
-0.00608021  0.00103914  5.37004
-0.00595491  0.00103244  5.28353
-0.00592598  0.00102185  5.30996
-0.0058433  0.00101166  5.28173
-0.00572401  0.00100092  5.21921
-0.00570091  0.000996735  5.21795
-0.00553287  0.000979529  5.13805
-0.00548807  0.00097442  5.11902
-0.00538026  0.000960237  5.08235
-0.00532404  0.000952146  5.0665
-0.00524134  0.000942575  5.0302
-0.00512308  0.0009293  4.9748
-0.00510033  0.000927042  4.96237
-0.00488069  0.000907375  4.82787
-0.00488069  0.000907375  4.82787
-0.00476294  0.00089948  4.73934
-0.00470247  0.000887624  4.73451
-0.00457057  0.000865073  4.70547
-0.00457057  0.000865073  4.70547
-0.00457057  0.000865073  4.70547
-0.00436531  0.000842184  4.58963
