-0.0038825  0.00116121  2.91292
-0.00385348  0.00108197  3.09941
-0.00378996  0.000962562  3.41793
-0.00373948  0.000913252  3.5472
-0.00369773  0.000824946  3.87629
-0.0036115  0.000764984  4.06741
-0.00354656  0.000718358  4.241
-0.00345184  0.000652958  4.52073
-0.00345184  0.000652958  4.52073
-0.00325729  0.000578171  4.76899
-0.00313872  0.000549247  4.80426
-0.00310477  0.000546826  4.76343
-0.00301609  0.000533015  4.72049
-0.00293049  0.000530108  4.58491
-0.00291865  0.000518162  4.66774
-0.00286439  0.000511015  4.62684
-0.00283069  0.000501867  4.64404
-0.00275574  0.000491237  4.59197
-0.00271577  0.000488664  4.53434
-0.00265411  0.000482154  4.46767
-0.00261043  0.000473072  4.46111
-0.00254731  0.000466189  4.3916
-0.00249172  0.000456217  4.36573
-0.00245987  0.000451115  4.3445
-0.00238253  0.000441796  4.26108
-0.00234585  0.000437312  4.2209
-0.0022551  0.000426738  4.11282
-0.00222576  0.00042291  4.08069
-0.00216661  0.000418735  3.98012
-0.00205772  0.000409368  3.80517
-0.00203329  0.000404268  3.79276
-0.00195728  0.000399675  3.64616
-0.0018204  0.00038828  3.40063
-0.00176164  0.00037953  3.32423
-0.00174608  0.00037818  3.29493
-0.00163711  0.000375181  3.03084
-0.00158113  0.000368463  2.93417
-0.0015082  0.000360477  2.79686
-0.00143674  0.000356177  2.62999
-0.00135746  0.000351656  2.43836
-0.0012633  0.000347628  2.19574
-0.00116924  0.000341749  1.95829
-0.00107546  0.000337377  1.7057
-0.000995893  0.000334417  1.48286
-0.000878043  0.000331639  1.13992
-0.000842255  0.000329171  1.03975
-0.000727799  0.000328151  0.694191
-0.000630849  0.0003228  0.405356
-0.000526699  0.000321458  0.083056
-0.000274925  0.000319607  -0.704225
