-0.010865  0.0047755  2.17045
-0.0107763  0.00460908  2.22958
-0.0106915  0.00445469  2.2878
-0.010601  0.00429736  2.35052
-0.0105088  0.00414317  2.41575
-0.0104128  0.00398737  2.48604
-0.0103155  0.00383635  2.55854
-0.010214  0.00369071  2.63202
-0.0101078  0.00354034  2.71381
-0.00999381  0.00339542  2.79606
-0.00988754  0.00325911  2.88039
-0.00976725  0.00312461  2.96589
-0.00965374  0.00298035  3.07137
-0.00954052  0.00284538  3.17726
-0.0094202  0.00271168  3.28954
-0.00929315  0.00258166  3.40601
-0.00915772  0.00244384  3.54267
-0.00903514  0.00232782  3.66658
-0.00889541  0.00219741  3.8206
-0.00876017  0.0020845  3.96266
-0.00861569  0.00196551  4.12906
-0.00846521  0.00185595  4.29173
-0.00830813  0.00174871  4.46507
-0.00815034  0.00163929  4.66685
-0.0079877  0.00154196  4.85595
-0.00784123  0.00146142  5.02337
-0.00764843  0.00136103  5.25223
-0.00744969  0.0012707  5.46918
-0.0072514  0.00119309  5.65877
-0.00705475  0.00112966  5.80241
-0.00683413  0.00106631  5.94024
-0.00661912  0.00100883  6.06559
-0.00638919  0.000953666  6.17531
-0.00621636  0.000914373  6.25167
-0.00596991  0.000866064  6.31582
-0.00571045  0.000820091  6.35351
-0.00555493  0.000797649  6.33729
-0.00542586  0.000779545  6.31889
-0.00533147  0.000768747  6.28487
-0.00514541  0.000749692  6.19643
-0.00500934  0.000737735  6.11241
-0.00483926  0.000721616  6.01326
-0.00462098  0.000708538  5.81617
-0.00443265  0.000695607  5.65356
-0.00420492  0.000685426  5.40528
-0.00401535  0.000674188  5.21419
-0.00377189  0.000664042  4.92723
-0.0035047  0.000655215  4.58582
-0.00326321  0.000648675  4.25977
-0.00286626  0.000644417  3.67194
