-0.003971  0.00164852  2.10552
-0.00395385  0.00152357  2.26695
-0.00393686  0.00141391  2.43074
-0.00391844  0.001311  2.60751
-0.00389205  0.00119247  2.84456
-0.0038633  0.00110384  3.0469
-0.00382516  0.00102674  3.23856
-0.00378191  0.000942062  3.48376
-0.00373758  0.000876928  3.69196
-0.00369468  0.000807262  3.95742
-0.00363512  0.000744856  4.20902
-0.00358146  0.000700642  4.39805
-0.00352623  0.000655645  4.61566
-0.00345236  0.000621608  4.74955
-0.00337676  0.000595605  4.82999
-0.00329388  0.000575243  4.85687
-0.00323903  0.000565838  4.84067
-0.00317055  0.000554251  4.8183
-0.00311376  0.000544402  4.80115
-0.00305158  0.000535159  4.76789
-0.00299731  0.000523984  4.76599
-0.00295279  0.000515626  4.75692
-0.00285317  0.00050185  4.68898
-0.00279051  0.000492939  4.64663
-0.00273324  0.000484149  4.61271
-0.00265317  0.000474927  4.53368
-0.00257261  0.000464729  4.45983
-0.00250327  0.000456109  4.39208
-0.00239939  0.000446577  4.25322
-0.00232249  0.000439001  4.15145
-0.002274  0.000428882  4.13634
-0.00217283  0.000418493  3.99728
-0.0021155  0.000411241  3.92835
-0.00205075  0.000405566  3.82366
-0.00196351  0.000399623  3.66222
-0.00185417  0.000389469  3.47697
-0.00175271  0.000382846  3.27208
-0.00168223  0.000375133  3.15149
-0.00155995  0.000369645  2.86748
-0.00146688  0.000360653  2.68092
-0.00137201  0.000354346  2.46089
-0.00125915  0.000347808  2.18268
-0.0011316  0.000340922  1.85261
-0.00107729  0.000337195  1.71204
-0.000930161  0.000332357  1.29427
-0.000799743  0.000329173  0.910595
-0.000639607  0.000321397  0.434377
-0.000639607  0.000321397  0.434377
-0.00038892  0.000317472  -0.349889
-0.000186341  0.00031549  -0.994196
