-0.003971  0.00164852  2.10552
-0.00395485  0.00153044  2.25742
-0.00393606  0.00140913  2.43844
-0.00391278  0.00129134  2.64282
-0.00388802  0.00118313  2.8636
-0.0038565  0.00108777  3.08568
-0.0038096  0.00101011  3.27646
-0.00376992  0.000923658  3.54018
-0.00372945  0.00085743  3.76643
-0.00367591  0.000790385  4.01819
-0.00360882  0.000721223  4.31048
-0.00355622  0.000681251  4.48619
-0.00348426  0.000642905  4.64185
-0.00341643  0.000607219  4.80294
-0.00332061  0.000582845  4.83938
-0.00322192  0.000559332  4.86637
-0.0031448  0.000547431  4.83129
-0.00309893  0.000538145  4.82943
-0.00304248  0.000527481  4.82003
-0.00298232  0.000517575  4.79606
-0.00291926  0.00050996  4.74402
-0.00286681  0.000501672  4.71785
-0.00279571  0.000490597  4.67942
-0.00275309  0.000481565  4.67868
-0.00265626  0.000471608  4.57214
-0.00260843  0.000464668  4.5375
-0.00252355  0.000453065  4.46636
-0.00245698  0.000446823  4.37976
-0.00237275  0.000435766  4.2976
-0.00230488  0.000427409  4.22283
-0.00222915  0.000419365  4.12325
-0.00216105  0.000412411  4.02765
-0.00208619  0.000404162  3.92464
-0.00199203  0.000395837  3.76931
-0.00191396  0.000388735  3.63734
-0.00179276  0.00037935  3.40781
-0.00173024  0.00037532  3.27784
-0.00164465  0.000366681  3.12165
-0.00153227  0.000360747  2.86149
-0.00144729  0.000353626  2.67879
-0.00134257  0.000347217  2.42664
-0.00126632  0.000343105  2.2335
-0.00112083  0.000335681  1.84945
-0.000994162  0.000330663  1.49446
-0.000913534  0.000326107  1.26809
-0.000773404  0.000320965  0.851821
-0.000667194  0.000317938  0.52587
-0.00050289  0.000315255  0.00916815
-0.000328335  0.000312746  -0.548895
-0.000157621  0.000311326  -1.09974
