-0.003971  0.00164852  2.10552
-0.00395585  0.00153761  2.24755
-0.0039398  0.00143295  2.4005
-0.00391885  0.0013143  2.60127
-0.0038959  0.00120778  2.81168
-0.00386347  0.00111508  3.01635
-0.00382779  0.00104817  3.17486
-0.00378391  0.000964726  3.40398
-0.00374725  0.000904937  3.58837
-0.00366954  0.000836395  3.78952
-0.00363848  0.000775288  4.04815
-0.00356861  0.000721968  4.25035
-0.00352586  0.000683558  4.42663
-0.00346728  0.000642579  4.61776
-0.00336172  0.000606175  4.72095
-0.0032877  0.000581171  4.7967
-0.00319939  0.000554827  4.86528
-0.00313399  0.000545383  4.82962
-0.00306982  0.00054023  4.7569
-0.00297486  0.000527577  4.691
-0.00294541  0.000513339  4.76373
-0.00286432  0.000506993  4.66343
-0.00282963  0.000497867  4.67921
-0.0027453  0.000488055  4.60051
-0.00267535  0.000476984  4.56063
-0.00259218  0.000465115  4.4982
-0.00255078  0.000457348  4.48407
-0.00245708  0.000447341  4.37492
-0.0024017  0.000436446  4.35723
-0.00232079  0.000430755  4.22697
-0.00224502  0.000422513  4.1301
-0.00216596  0.000415198  4.01243
-0.00209818  0.000404847  3.94762
-0.0020034  0.000397577  3.7814
-0.00194072  0.000391853  3.67668
-0.00185056  0.000383065  3.52567
-0.00173139  0.000374076  3.29181
-0.00165967  0.000368283  3.14884
-0.00152987  0.000358736  2.87084
-0.00146366  0.000354836  2.7158
-0.00135233  0.000348397  2.44643
-0.0012333  0.000341967  2.14436
-0.00111714  0.000336789  1.83242
-0.0010091  0.000330865  1.5387
-0.000908458  0.000326714  1.2502
-0.000754237  0.00032164  0.790438
-0.000599343  0.000317271  0.313116
-0.000450008  0.000313957  -0.159231
-0.000303964  0.000312479  -0.627358
-0.000100964  0.000310885  -1.28355
