-0.003971  0.00164852  2.10552
-0.00395372  0.00152308  2.26759
-0.00393474  0.00140218  2.44957
-0.00391082  0.00128754  2.64909
-0.00388413  0.00119263  2.83753
-0.00385155  0.00108982  3.07533
-0.00380982  0.0010157  3.25865
-0.00376421  0.000928546  3.51539
-0.00371559  0.000867901  3.70502
-0.00366295  0.000781834  4.04555
-0.00359321  0.000733569  4.21667
-0.00353928  0.00067224  4.52113
-0.00347846  0.000648727  4.59123
-0.00339796  0.000605889  4.78299
-0.00335511  0.000588933  4.84793
-0.00323684  0.000562156  4.86848
-0.00317955  0.000552653  4.84851
-0.00309007  0.000535592  4.83591
-0.00306392  0.000531804  4.82117
-0.00298845  0.000517473  4.80885
-0.00292722  0.000507661  4.78118
-0.00288158  0.000501422  4.74966
-0.00281324  0.00049167  4.70486
-0.00274748  0.000481454  4.6681
-0.00267012  0.000470692  4.61049
-0.00259156  0.000461581  4.5313
-0.00251708  0.000450199  4.48043
-0.00243604  0.000440183  4.39826
-0.00239058  0.00043598  4.33638
-0.00232909  0.000428596  4.26764
-0.00221371  0.000416199  4.11752
-0.00213218  0.000410695  3.97418
-0.00204342  0.00040153  3.84385
-0.00196598  0.000393209  3.72825
-0.00187103  0.000384832  3.56269
-0.0017648  0.000376162  3.36237
-0.00166717  0.000370146  3.15327
-0.00158703  0.000364126  2.98531
-0.0014897  0.000357426  2.76896
-0.00138169  0.000349757  2.52087
-0.00127673  0.000343746  2.2596
-0.00116021  0.000337694  1.95506
-0.00105077  0.000331531  1.6613
-0.000926242  0.000326976  1.30359
-0.00079072  0.00032128  0.90488
-0.000662517  0.000317665  0.511598
-0.00052403  0.00031513  0.076253
-0.00039606  0.000312577  -0.332526
-0.000232005  0.000310177  -0.864004
-1.27884e-05  0.000309797  -1.57268
