-0.003971  0.00164852  2.10552
-0.00395463  0.00152894  2.2595
-0.00393405  0.00140857  2.43798
-0.00391442  0.00129088  2.64503
-0.00388846  0.00118559  2.85803
-0.00385795  0.00109409  3.06917
-0.00381168  0.00101338  3.26795
-0.00377193  0.000933652  3.50445
-0.00371682  0.000862057  3.73156
-0.00366718  0.000794354  3.98711
-0.00360989  0.000738196  4.21282
-0.00353797  0.000699988  4.34004
-0.00347281  0.000653312  4.55037
-0.00339825  0.000613345  4.72533
-0.00331385  0.000586272  4.79957
-0.00323116  0.000564206  4.84072
-0.00317697  0.00055351  4.83635
-0.00311954  0.000542677  4.82707
-0.00306236  0.000532555  4.81144
-0.00299572  0.000522698  4.77468
-0.00293671  0.000512205  4.75728
-0.00286769  0.000500528  4.73038
-0.00280788  0.000491371  4.69681
-0.00274481  0.000483038  4.64728
-0.00267381  0.00047281  4.59764
-0.00261389  0.000464018  4.55562
-0.00254271  0.000454336  4.49603
-0.00246258  0.000445959  4.40081
-0.00239306  0.000436342  4.33847
-0.00231067  0.000427325  4.23722
-0.00222463  0.000417467  4.13117
-0.00214499  0.000410405  4.0082
-0.00206593  0.000401936  3.89597
-0.00198265  0.000393944  3.7636
-0.00188768  0.000385866  3.59627
-0.00179183  0.000378274  3.41506
-0.00169597  0.000371178  3.2221
-0.00159532  0.00036323  3.0155
-0.00149431  0.000357373  2.78228
-0.00140027  0.0003507  2.56708
-0.00129197  0.000343675  2.30442
-0.00116821  0.000337729  1.97852
-0.00104819  0.000332328  1.64954
-0.000940408  0.000326813  1.34759
-0.0008119  0.000322458  0.967258
-0.000664326  0.000318113  0.516566
-0.000532727  0.000314209  0.104155
-0.000376886  0.000310893  -0.396
-0.000221702  0.000308986  -0.900683
-4.44252e-05  0.000308065  -1.47883
