-0.010865  0.0047755  2.17045
-0.0107792  0.0046167  2.22653
-0.0106913  0.00445456  2.28783
-0.010601  0.00429906  2.34959
-0.0105103  0.00414571  2.41462
-0.0104149  0.00399077  2.48445
-0.0103176  0.00384107  2.55595
-0.0102144  0.00369036  2.63238
-0.0101121  0.00354702  2.7099
-0.0100049  0.00340624  2.79045
-0.00987779  0.00325331  2.88254
-0.00977463  0.00312031  2.97234
-0.00966682  0.00299269  3.06307
-0.00953263  0.00284528  3.1746
-0.00941776  0.00272076  3.27767
-0.00927792  0.00256681  3.41978
-0.00915649  0.00245498  3.52609
-0.00903631  0.00233071  3.66253
-0.00891591  0.00221797  3.79442
-0.00875737  0.00208758  3.95547
-0.00861649  0.00197233  4.11517
-0.00845919  0.00185654  4.28711
-0.00831118  0.00175174  4.4591
-0.00815763  0.00165273  4.63333
-0.00798677  0.00154685  4.84
-0.00782656  0.00145292  5.04263
-0.00763947  0.00136039  5.24811
-0.00746703  0.00128331  5.42895
-0.00728364  0.00121317  5.59168
-0.00708285  0.00113567  5.79646
-0.00685785  0.00107248  5.92817
-0.00666425  0.00101981  6.04451
-0.00638315  0.000950724  6.18807
-0.00621686  0.000915709  6.2431
-0.00593594  0.000862238  6.30445
-0.00568327  0.00081715  6.3431
-0.00556811  0.000801622  6.32232
-0.00544198  0.000783181  6.31014
-0.00529976  0.0007666  6.2611
-0.00518956  0.000753568  6.22314
-0.00495254  0.000731477  6.08706
-0.00481223  0.000721818  5.97412
-0.00463075  0.000710139  5.81682
-0.00439879  0.000697454  5.59004
-0.00420894  0.000684368  5.41951
-0.00398474  0.000671639  5.18842
-0.00376665  0.000663904  4.92036
-0.00352472  0.000655773  4.61245
-0.00320337  0.000649777  4.16045
-0.00282399  0.00064521  3.60192
