-0.010865  0.0047755  2.17045
-0.010705  0.00447765  2.27909
-0.0106605  0.00439838  2.31006
-0.0105192  0.00415625  2.41064
-0.0102597  0.00375075  2.60207
-0.0101287  0.00356528  2.70067
-0.0099889  0.00338138  2.80623
-0.00976313  0.00309916  2.98892
-0.00951407  0.00281586  3.20117
-0.00943575  0.00274683  3.25312
-0.00895362  0.00240368  3.51695
-0.00895362  0.00240368  3.51695
-0.00895362  0.00240368  3.51695
-0.00838275  0.0021089  3.73785
-0.00818599  0.00195292  3.93563
-0.00772894  0.00174598  4.14034
-0.00767087  0.00166545  4.30568
-0.00728313  0.00157465  4.3077
-0.00688279  0.00140646  4.53819
-0.00688279  0.00140646  4.53819
-0.00688279  0.00140646  4.53819
-0.00582579  0.00125323  4.24964
-0.00517184  0.00119321  3.91534
-0.00517184  0.00119321  3.91534
-0.00465647  0.000862319  4.82011
-0.00457873  0.000847724  4.81139
-0.00455532  0.000843361  4.80852
-0.00452722  0.000838361  4.80368
-0.00442062  0.000820064  4.78087
-0.00442062  0.000820064  4.78087
-0.00438082  0.00081404  4.76736
-0.00438082  0.00081404  4.76736
-0.00425763  0.000803737  4.67519
-0.00414798  0.000800726  4.55584
-0.00412035  0.000793673  4.56151
-0.00405569  0.000791916  4.48999
-0.00383003  0.000753492  4.41946
-0.00383003  0.000753492  4.41946
-0.00383003  0.000753492  4.41946
-0.00383003  0.000753492  4.41946
-0.00383003  0.000753492  4.41946
-0.00357641  0.000747718  4.1144
-0.00350247  0.000744389  4.03346
-0.00342842  0.000741606  3.94876
-0.0033957  0.000741078  3.90742
-0.0033957  0.000741078  3.90742
-0.0033957  0.000741078  3.90742
-0.0033957  0.000741078  3.90742
-0.0033957  0.000741078  3.90742
-0.0027203  0.000726202  3.05742
