-0.010865  0.0047755  2.17045
-0.0107771  0.00461588  2.22647
-0.010691  0.0044581  2.28596
-0.0106006  0.00430086  2.3485
-0.0105106  0.00414357  2.41593
-0.0104132  0.00399175  2.48343
-0.0103157  0.00384151  2.55517
-0.010213  0.00369225  2.63064
-0.010113  0.00354827  2.7092
-0.0100035  0.00340619  2.79008
-0.00989134  0.00326373  2.87748
-0.00977702  0.00312179  2.9717
-0.00966411  0.00298834  3.06662
-0.00954455  0.00285288  3.17033
-0.00942646  0.00272171  3.27973
-0.0093032  0.00259165  3.39675
-0.00917881  0.00246376  3.52259
-0.00904403  0.00233478  3.65946
-0.00891278  0.0022152  3.79776
-0.00877063  0.00209083  3.95567
-0.00863514  0.00198119  4.10619
-0.00848639  0.0018682  4.27492
-0.00832474  0.00176127  4.44266
-0.00816749  0.00165184  4.64179
-0.00801047  0.0015549  4.83021
-0.00783729  0.00145985  5.02606
-0.00766508  0.00136898  5.23388
-0.00747575  0.0012825  5.43918
-0.00729148  0.00120788  5.62263
-0.00709259  0.0011377  5.79464
-0.00687415  0.00107362  5.93705
-0.00664763  0.00102082  6.02225
-0.0064278  0.000960819  6.16953
-0.00621743  0.000913582  6.25826
-0.00597392  0.000865501  6.32457
-0.0057305  0.000823724  6.34983
-0.00561128  0.000805868  6.34257
-0.0054822  0.000787926  6.32319
-0.00534125  0.000770054  6.28691
-0.00519166  0.000752871  6.23169
-0.00503676  0.000737907  6.14814
-0.00484867  0.000722083  6.0224
-0.00467843  0.000707514  5.9058
-0.00444961  0.000694757  5.68487
-0.00424028  0.000683105  5.47541
-0.00403232  0.000671616  5.25943
-0.00373156  0.000659955  4.89664
-0.00347714  0.000652394  4.56341
-0.00311647  0.000645768  4.05172
-0.0027395  0.000643866  3.4782
