-0.010865  0.0047755  2.17045
-0.0107796  0.00461498  2.22744
-0.0106923  0.00445543  2.28761
-0.0106027  0.00429826  2.35041
-0.0105106  0.00414289  2.41634
-0.0104157  0.00398933  2.48555
-0.0103177  0.00383816  2.55793
-0.0102163  0.0036901  2.63307
-0.0101123  0.00354472  2.71171
-0.0100023  0.00340378  2.79169
-0.00989261  0.00325965  2.88148
-0.00978056  0.00312195  2.97268
-0.00966195  0.002981  3.07345
-0.00954744  0.00284961  3.17498
-0.0094245  0.00271577  3.28617
-0.00930064  0.00258489  3.40465
-0.00917386  0.00245513  3.53295
-0.00904608  0.00233228  3.66426
-0.0089067  0.00220957  3.80468
-0.00876674  0.00208916  3.95697
-0.00862578  0.00197449  4.11538
-0.00847464  0.00186077  4.28568
-0.00832223  0.00175065  4.46819
-0.00816415  0.00164823  4.64992
-0.00799882  0.00154746  4.84587
-0.00782856  0.00145289  5.04414
-0.00764962  0.00136107  5.25294
-0.0074642  0.00127845  5.44739
-0.00727168  0.00120029  5.64169
-0.00706955  0.00113137  5.80672
-0.0068516  0.00107237  5.92296
-0.00663642  0.00101237  6.06146
-0.00641378  0.000959247  6.16502
-0.00617726  0.000907833  6.25364
-0.0059503  0.000862946  6.31592
-0.00570352  0.000819504  6.3496
-0.00558867  0.000802137  6.3439
-0.00543881  0.000782809  6.30908
-0.00531659  0.000767272  6.27756
-0.0051737  0.000750871  6.22437
-0.00501065  0.000735456  6.13313
-0.00484041  0.000719746  6.03048
-0.00465586  0.00070579  5.88823
-0.00445463  0.000693453  5.70281
-0.00424943  0.00068127  5.50358
-0.00398703  0.000670182  5.20311
-0.00375336  0.000660612  4.92477
-0.0034732  0.000652509  4.55657
-0.00315794  0.000646129  4.11363
-0.00277066  0.000642982  3.53145
