-0.003971  0.00164852  2.10552
-0.00395388  0.00152375  2.26669
-0.00393487  0.00141614  2.42552
-0.00391114  0.00129891  2.62615
-0.00388129  0.00119882  2.82052
-0.00385044  0.00109712  3.05385
-0.00380438  0.00102701  3.21747
-0.00375765  0.00094601  3.44357
-0.00371287  0.000868621  3.69882
-0.0036591  0.000799975  3.949
-0.00359929  0.000744525  4.16277
-0.00353748  0.000692522  4.38611
-0.00346627  0.000648862  4.57149
-0.00339553  0.000608601  4.75768
-0.00332238  0.000585094  4.82381
-0.00322768  0.000563327  4.84209
-0.00317077  0.000552787  4.83145
-0.00312116  0.000542438  4.83219
-0.00306246  0.000532271  4.8142
-0.00299906  0.000521328  4.79363
-0.00293362  0.000512209  4.75123
-0.00287869  0.000502005  4.73837
-0.00280929  0.000492439  4.68949
-0.00274061  0.000482795  4.64092
-0.00267345  0.000472702  4.59793
-0.0026071  0.000464358  4.53767
-0.00253369  0.000453661  4.48284
-0.00246096  0.000445572  4.40098
-0.00238574  0.000436522  4.31993
-0.00230584  0.000426987  4.22927
-0.00222201  0.000418325  4.11644
-0.00213882  0.00041045  3.99272
-0.00206428  0.000402673  3.88475
-0.00197794  0.000394269  3.74855
-0.00188862  0.00038667  3.59123
-0.00178666  0.00037902  3.39471
-0.00169811  0.000371572  3.22443
-0.00160048  0.000363935  3.02384
-0.00150098  0.000357363  2.80102
-0.0014004  0.000351015  2.56513
-0.00128541  0.000344646  2.27888
-0.00116679  0.00033953  1.96385
-0.00104789  0.000334006  1.64035
-0.000936799  0.000328748  1.32867
-0.000817341  0.000323792  0.980075
-0.000668808  0.000319222  0.52881
-0.000530258  0.000315955  0.0957669
-0.000429526  0.000313518  -0.224783
-0.000240086  0.000310921  -0.835946
-3.38627e-05  0.000310038  -1.50349
