-0.003971  0.00164852  2.10552
-0.00395248  0.00151417  2.28011
-0.00393547  0.00140559  2.44415
-0.00391341  0.00128577  2.65475
-0.00388881  0.00118027  2.87121
-0.00385668  0.001087  3.08803
-0.00381701  0.00100431  3.30276
-0.00376552  0.0009193  3.55217
-0.00370898  0.000863787  3.71501
-0.00367316  0.0007811  4.06242
-0.00362767  0.000734155  4.26023
-0.00355347  0.000674242  4.52874
-0.00348582  0.000639146  4.67158
-0.00340726  0.000614467  4.73135
-0.00332634  0.000595467  4.74643
-0.00325105  0.000586147  4.69345
-0.00321669  0.000574629  4.72773
-0.00315361  0.000563333  4.71056
-0.00309044  0.000554543  4.6713
-0.00303817  0.000543667  4.66861
-0.00298133  0.000533358  4.65228
-0.00291367  0.000523062  4.6145
-0.00286038  0.000513053  4.60065
-0.00279637  0.000503132  4.56415
-0.00272419  0.000494216  4.50045
-0.00265758  0.000484237  4.45564
-0.00258446  0.000475553  4.38323
-0.00251098  0.000466516  4.31062
-0.00242919  0.000458278  4.20965
-0.00234902  0.000448919  4.11884
-0.00227864  0.000441008  4.03311
-0.00219969  0.000431842  3.93591
-0.00211658  0.000423754  3.81491
-0.00201534  0.000414367  3.65701
-0.00194665  0.000408826  3.53854
-0.00185144  0.000400614  3.37342
-0.00175166  0.000393144  3.18372
-0.00164162  0.000386814  2.95133
-0.00154985  0.00037998  2.76291
-0.00143074  0.000374185  2.48738
-0.00132846  0.000367066  2.25697
-0.00121539  0.000361484  1.97903
-0.00110006  0.00035625  1.68438
-0.000981465  0.00035089  1.37212
-0.000863093  0.00034606  1.04922
-0.000731277  0.000341588  0.677064
-0.000587916  0.000337687  0.260349
-0.000442157  0.00033529  -0.172516
-0.000284126  0.000332947  -0.648374
-9.97688e-05  0.000332376  -1.20415
