-0.010865  0.0047755  2.17045
-0.0107825  0.00461957  2.22586
-0.0106981  0.00446642  2.28328
-0.0106116  0.00431368  2.34408
-0.010524  0.0041641  2.40723
-0.0104299  0.00401234  2.47485
-0.0103372  0.00387023  2.54175
-0.0102403  0.00372287  2.61633
-0.0101406  0.00358331  2.69043
-0.0100331  0.0034408  2.7706
-0.00993309  0.00331175  2.84837
-0.00982137  0.00317501  2.93586
-0.00970775  0.00303562  3.03324
-0.00959001  0.00289676  3.13799
-0.00948537  0.00277876  3.23359
-0.00936508  0.00265006  3.34524
-0.00924328  0.00252673  3.46032
-0.00911951  0.00240246  3.58779
-0.00899232  0.00228364  3.71876
-0.00884494  0.00215488  3.87257
-0.00872531  0.00205034  4.01168
-0.00858719  0.00194132  4.16582
-0.00843488  0.00182831  4.34
-0.00827038  0.00171661  4.52659
-0.00812383  0.00162449  4.69307
-0.00797634  0.00153462  4.8718
-0.00780151  0.0014432  5.05923
-0.00762882  0.00135455  5.26288
-0.00745888  0.0012793  5.43961
-0.00726807  0.0012056  5.61388
-0.00705169  0.0011276  5.81032
-0.00686987  0.00107634  5.9181
-0.00664415  0.00101425  6.05784
-0.00642342  0.000960719  6.16561
-0.00623041  0.000918533  6.23865
-0.0059741  0.000868515  6.30282
-0.00574489  0.000826965  6.34234
-0.00558955  0.000806923  6.30736
-0.00547374  0.000788651  6.30664
-0.00532066  0.00076961  6.26377
-0.00515105  0.000752591  6.18005
-0.00496304  0.000733653  6.08332
-0.00480523  0.000722628  5.95774
-0.00461508  0.000705643  5.83168
-0.00436695  0.000689338  5.60965
-0.00412162  0.000676593  5.35273
-0.00389426  0.000668092  5.08052
-0.0036011  0.000658429  4.70985
-0.00332395  0.000649928  4.34502
-0.00287401  0.000645548  3.6775
