-0.010865  0.0047755  2.17045
-0.0107773  0.00461039  2.22915
-0.0106873  0.00445377  2.28735
-0.0106009  0.00430062  2.34871
-0.0105076  0.00414652  2.41349
-0.0104131  0.00398937  2.48487
-0.0103129  0.00383514  2.55869
-0.0102131  0.00368862  2.63327
-0.0101049  0.00354073  2.71268
-0.00998893  0.0033906  2.7986
-0.00988804  0.00326414  2.87611
-0.00977834  0.00312523  2.96885
-0.00965536  0.00298438  3.06776
-0.00954328  0.00285189  3.17098
-0.00942004  0.00271889  3.28077
-0.00929812  0.0025921  3.3942
-0.00916679  0.00245775  3.52631
-0.00903749  0.00233986  3.64871
-0.00889363  0.00221929  3.78212
-0.00875314  0.00209462  3.94017
-0.00861324  0.00197202  4.11418
-0.00846238  0.00186073  4.27917
-0.00831235  0.00175345  4.45541
-0.0081523  0.00164746  4.64492
-0.00799586  0.00155215  4.82934
-0.00782471  0.00145909  5.02005
-0.00763836  0.00136625  5.22477
-0.0074631  0.00128123  5.43471
-0.00727405  0.00120473  5.62287
-0.00706188  0.001136  5.77631
-0.00685049  0.0010778  5.89208
-0.00663123  0.00101907  6.01648
-0.00641008  0.000965847  6.11907
-0.00617828  0.000910003  6.23985
-0.00595273  0.000865707  6.29859
-0.00570624  0.000823211  6.32431
-0.00557693  0.000805881  6.29985
-0.00544404  0.000786592  6.28539
-0.00531546  0.000769596  6.25713
-0.0051744  0.000753669  6.20218
-0.00501646  0.000737919  6.12054
-0.004821  0.000721183  5.99154
-0.00464712  0.000708812  5.8508
-0.00445133  0.000696912  5.66977
-0.00423983  0.000684594  5.46285
-0.0040006  0.000671663  5.21185
-0.0037253  0.000662574  4.86783
-0.00352709  0.000653976  4.62875
-0.00318675  0.000647082  4.1521
-0.00282682  0.000643416  3.61635
