-0.010865  0.0047755  2.17045
-0.0107811  0.00461792  2.22635
-0.0106959  0.00446313  2.28446
-0.0106074  0.00430914  2.34557
-0.0105182  0.00415782  2.40948
-0.0104253  0.00400713  2.47691
-0.0103304  0.00385873  2.54758
-0.0102319  0.00371319  2.62089
-0.0101282  0.00356744  2.69892
-0.0100194  0.00342862  2.77645
-0.00991534  0.00329453  2.85787
-0.00980347  0.00315289  2.95078
-0.00969346  0.00301624  3.04799
-0.00957946  0.00288741  3.1445
-0.00945909  0.00275429  3.25278
-0.00934106  0.00262781  3.36443
-0.00921379  0.00249379  3.4942
-0.00908907  0.00237309  3.61936
-0.00896088  0.00225507  3.75194
-0.00882276  0.0021328  3.90227
-0.00868433  0.00202138  4.04888
-0.00854341  0.00190823  4.21513
-0.00839786  0.00180344  4.37932
-0.0082467  0.00170295  4.549
-0.00808938  0.00160012  4.74301
-0.00791989  0.00151105  4.91042
-0.00775498  0.0014245  5.09299
-0.00756634  0.00133845  5.2795
-0.00738801  0.0012546  5.4902
-0.00718544  0.00118464  5.64344
-0.00697245  0.00112141  5.77171
-0.00677329  0.00105381  5.95296
-0.00655071  0.00100074  6.04625
-0.00634353  0.000948941  6.15795
-0.00610973  0.000900437  6.23001
-0.00587188  0.000853598  6.29322
-0.00563256  0.000812223  6.31915
-0.00550308  0.000794753  6.29513
-0.00537237  0.000776141  6.27769
-0.00523444  0.000760867  6.22242
-0.0050564  0.000743439  6.12882
-0.00490511  0.000729142  6.04149
-0.00472102  0.000713746  5.91391
-0.00451091  0.000698717  5.74039
-0.00429516  0.000686764  5.52615
-0.00410684  0.000676675  5.33024
-0.00388095  0.00066626  5.07451
-0.00363913  0.000657999  4.77072
-0.00328025  0.000649916  4.27787
-0.00294809  0.000647134  3.78298
