-0.010865  0.0047755  2.17045
-0.0107741  0.00460455  2.23128
-0.0106925  0.00445844  2.28612
-0.010602  0.00430114  2.34868
-0.0105062  0.00414715  2.4128
-0.0104119  0.00399289  2.48238
-0.0103142  0.00384147  2.5548
-0.0102145  0.00369497  2.62912
-0.0101111  0.00354956  2.7077
-0.0100035  0.00340828  2.78836
-0.00989396  0.00326595  2.87633
-0.00978071  0.00312762  2.96734
-0.00966921  0.00299133  3.06526
-0.00954815  0.0028548  3.16945
-0.00942303  0.00271676  3.28443
-0.00930704  0.00259092  3.3992
-0.00917808  0.00245976  3.52802
-0.0090482  0.0023373  3.65729
-0.00891276  0.00221094  3.80506
-0.00878067  0.00209631  3.95011
-0.00863382  0.00197745  4.11328
-0.0084831  0.00186398  4.28282
-0.00833238  0.00175911  4.45247
-0.00817218  0.00165635  4.63198
-0.00800469  0.00155216  4.835
-0.00783574  0.00146028  5.0235
-0.00766182  0.00137205  5.21979
-0.00747394  0.00128654  5.42071
-0.00728985  0.00121114  5.60618
-0.00709075  0.0011401  5.78084
-0.00687537  0.0010801  5.90259
-0.00665705  0.00102027  6.03474
-0.00644704  0.000968618  6.13972
-0.00620509  0.00091922  6.20645
-0.00598938  0.000868778  6.31851
-0.00573488  0.000825191  6.34384
-0.00559948  0.000805742  6.32892
-0.0054776  0.000787794  6.3184
-0.00534251  0.000770407  6.28566
-0.00519866  0.000753483  6.23592
-0.00503812  0.000739182  6.13939
-0.00489586  0.000724957  6.06361
-0.00467756  0.000710307  5.88135
-0.00449819  0.000696976  5.73648
-0.00424754  0.000682966  5.48715
-0.00403121  0.000674264  5.23712
-0.00380933  0.000663828  4.98522
-0.00352163  0.000656151  4.60509
-0.00318193  0.0006481  4.13813
-0.00284737  0.000644482  3.64226
