-0.003971  0.00164852  2.10552
-0.00395305  0.00152721  2.26102
-0.00392875  0.00140891  2.43362
-0.00390647  0.00128501  2.65092
-0.00388163  0.00118233  2.86013
-0.00384543  0.00110312  3.0327
-0.00380619  0.0010202  3.24072
-0.00375051  0.000950136  3.4211
-0.0037009  0.00086363  3.70633
-0.00366654  0.000807417  3.92181
-0.00358397  0.000735257  4.19442
-0.00354953  0.000689905  4.42022
-0.00346154  0.000657179  4.50644
-0.00338494  0.000609599  4.73252
-0.0033016  0.000583648  4.80015
-0.00320878  0.00055956  4.84091
-0.00314702  0.000549701  4.81538
-0.0030853  0.000540729  4.78113
-0.00303406  0.000530841  4.77366
-0.00294162  0.000517906  4.7144
-0.00290322  0.000510071  4.71153
-0.00286068  0.0005006  4.71569
-0.00278592  0.000490474  4.66063
-0.00272598  0.000481937  4.61882
-0.00265635  0.000473038  4.55852
-0.00257478  0.000461308  4.49761
-0.00251051  0.000452321  4.44487
-0.00244469  0.000445686  4.36336
-0.00236267  0.000434817  4.2838
-0.00228174  0.000427751  4.16537
-0.00221945  0.000419239  4.10137
-0.00213036  0.000410336  3.97323
-0.0020581  0.000403594  3.86057
-0.00197574  0.000395986  3.72675
-0.00188446  0.000389451  3.55491
-0.00179176  0.000379275  3.40587
-0.00171138  0.000374154  3.23765
-0.00158758  0.000368313  2.95286
-0.0014974  0.000359589  2.77371
-0.00139602  0.000353871  2.53204
-0.00130503  0.0003474  2.3173
-0.00122008  0.000341954  2.10577
-0.00110639  0.000336532  1.80187
-0.000979951  0.000331531  1.44768
-0.000850624  0.000326249  1.07471
-0.000718302  0.000321528  0.678953
-0.000618763  0.000319097  0.372185
-0.000442938  0.000316243  -0.180436
-0.00030059  0.00031329  -0.636503
-0.000111447  0.000312053  -1.24515
