-0.00353484  0.000672621  4.51197
-0.0034482  0.000623739  4.72666
-0.00337964  0.000592049  4.86385
-0.00330264  0.00058029  4.82972
-0.00327209  0.000570896  4.85569
-0.00322917  0.000563606  4.84234
-0.00317466  0.000559787  4.77799
-0.00314625  0.000547555  4.83285
-0.00309785  0.000540081  4.81011
-0.00306532  0.000533981  4.80414
-0.00300639  0.000523923  4.78389
-0.00296376  0.000515323  4.78099
-0.00290724  0.000508921  4.73009
-0.00288361  0.000504917  4.7208
-0.00282718  0.000493477  4.71587
-0.00276559  0.000486561  4.65634
-0.00272638  0.000479  4.64797
-0.00266743  0.00047117  4.6001
-0.0026225  0.00046637  4.55111
-0.00254484  0.00045814  4.46336
-0.00250433  0.000450092  4.45316
-0.0024471  0.000443047  4.3948
-0.00239396  0.000437304  4.331
-0.00232262  0.000429512  4.24347
-0.00226873  0.000423603  4.17546
-0.00221708  0.000415739  4.1302
-0.00214459  0.00041231  3.98873
-0.00207445  0.000402785  3.90892
-0.00201929  0.000398797  3.80969
-0.00192838  0.000389369  3.66844
-0.0018995  0.000386909  3.61712
-0.00185421  0.000383042  3.53542
-0.0017574  0.000375018  3.35291
-0.0016442  0.000368193  3.10761
-0.00158005  0.00036286  2.97648
-0.00152688  0.000359718  2.85467
-0.00142541  0.000354822  2.6081
-0.00137212  0.000350195  2.49039
-0.00132474  0.000346828  2.37795
-0.00120383  0.000340466  2.06726
-0.00116757  0.000336724  1.98255
-0.00100486  0.000331221  1.52424
-0.000894435  0.000327336  1.20498
-0.000814884  0.000323675  0.972838
-0.000730876  0.000321407  0.718329
-0.000614127  0.000318752  0.358042
-0.000554125  0.00031628  0.171129
-0.000407446  0.000314495  -0.294295
-0.000347696  0.000313701  -0.485505
-7.46332e-05  0.000312367  -1.36175
