-0.003971  0.00164852  2.10552
-0.00395265  0.00151537  2.27843
-0.00392849  0.00136512  2.5115
-0.00390356  0.00123999  2.74483
-0.0038583  0.00111385  3.01503
-0.00383066  0.00104259  3.19461
-0.00378653  0.000958642  3.42832
-0.00371185  0.00083746  3.83523
-0.00369467  0.000809631  3.94583
-0.00361625  0.000746006  4.17724
-0.00353437  0.00066571  4.5581
-0.00346811  0.000662927  4.47729
-0.00339128  0.00061842  4.67526
-0.00327759  0.000576339  4.81937
-0.00314251  0.000564366  4.68226
-0.00311355  0.000559597  4.67042
-0.00309695  0.000545303  4.76239
-0.00306131  0.000538258  4.75853
-0.0030331  0.000530704  4.7731
-0.00286584  0.000515959  4.58532
-0.00283867  0.000510742  4.57897
-0.00283332  0.000498782  4.67804
-0.00277165  0.000490484  4.63145
-0.00273372  0.000485674  4.59921
-0.00267275  0.000476302  4.56171
-0.00255552  0.000463876  4.43119
-0.00246886  0.000451196  4.36365
-0.00246886  0.000451196  4.36365
-0.00235908  0.000437451  4.24979
-0.00227313  0.000430731  4.11655
-0.00222455  0.000423523  4.07193
-0.00209207  0.000418329  3.80579
-0.00205896  0.000409532  3.80668
-0.00195744  0.00040137  3.63116
-0.0018266  0.00038948  3.40607
-0.00176717  0.000389613  3.25237
-0.00169209  0.000378868  3.14645
-0.00157772  0.000376137  2.86524
-0.00151272  0.000371155  2.72856
-0.00143284  0.000363668  2.56508
-0.00134127  0.000356744  2.3582
-0.00118409  0.000351643  1.94541
-0.00111563  0.000346017  1.7792
-0.000992604  0.000341381  1.44298
-0.000874343  0.000333868  1.12123
-0.000750452  0.000330762  0.757196
-0.000631058  0.00032647  0.401439
-0.000605552  0.000322746  0.327043
-0.000400677  0.000319272  -0.311092
-0.000230864  0.000316945  -0.849156
