-0.003971  0.00164852  2.10552
-0.00395341  0.00152053  2.27118
-0.00393611  0.00141845  2.42244
-0.00391357  0.00130231  2.62116
-0.00388848  0.00119801  2.82841
-0.00385655  0.00110854  3.0279
-0.00381787  0.00102307  3.24305
-0.00377579  0.000944013  3.47007
-0.00373245  0.000875776  3.69096
-0.00368819  0.000814246  3.91551
-0.00363034  0.000749518  4.17647
-0.00356673  0.000700344  4.37889
-0.00350842  0.000656012  4.58593
-0.00343484  0.000618175  4.74759
-0.00336252  0.000592884  4.82812
-0.00328259  0.000571078  4.87253
-0.00322089  0.000559918  4.85944
-0.003165  0.000548712  4.85684
-0.00310425  0.000539594  4.82631
-0.00303706  0.000529152  4.79458
-0.00297841  0.000518047  4.78414
-0.00291986  0.000507366  4.76946
-0.00285845  0.000497781  4.73792
-0.0027892  0.000488312  4.68799
-0.00271795  0.000478426  4.63594
-0.00265153  0.000468618  4.59123
-0.00257901  0.000458889  4.53052
-0.002501  0.000448214  4.46439
-0.00242843  0.000439584  4.38695
-0.00236379  0.000431563  4.3187
-0.00227196  0.00042277  4.1913
-0.00219245  0.000414374  4.08437
-0.00209698  0.000405645  3.9369
-0.00200883  0.000397492  3.79588
-0.00192323  0.000388475  3.66364
-0.00183212  0.000380326  3.50256
-0.00173209  0.000373971  3.29461
-0.00162896  0.000366753  3.07827
-0.00152949  0.000359236  2.86579
-0.00143751  0.000353108  2.65501
-0.0013292  0.000346565  2.39261
-0.00119867  0.000339419  2.05844
-0.00109215  0.000334492  1.77029
-0.000962378  0.000329177  1.40465
-0.000839765  0.000323936  1.04887
-0.000701761  0.000319464  0.631559
-0.000560834  0.000315728  0.192679
-0.000415937  0.000312483  -0.269017
-0.000256481  0.000309494  -0.786829
-8.15897e-05  0.000308522  -1.35618
