-0.003971  0.00164852  2.10552
-0.00395761  0.0015497  2.23115
-0.00395206  0.00151132  2.28413
-0.00393192  0.0013847  2.47846
-0.00392982  0.00137262  2.49875
-0.00391561  0.00129669  2.63409
-0.00390251  0.00123537  2.75424
-0.00388602  0.00117853  2.8731
-0.00386947  0.00111807  3.01364
-0.00384751  0.00106963  3.12959
-0.00382317  0.00102316  3.24795
-0.0037881  0.000990003  3.3213
-0.00377037  0.000938638  3.48416
-0.00373625  0.00088717  3.64784
-0.00371037  0.000855517  3.75255
-0.00367889  0.000820833  3.87276
-0.00365949  0.000770296  4.10165
-0.00365114  0.000762625  4.13197
-0.00357357  0.000731845  4.19976
-0.00355118  0.000696177  4.38276
-0.00355118  0.000696177  4.38276
-0.00345772  0.000664902  4.44835
-0.00343061  0.000620855  4.72028
-0.00341312  0.000616612  4.7244
-0.00334012  0.000597993  4.74943
-0.00324248  0.000584227  4.6942
-0.00317184  0.00056941  4.6923
-0.00309701  0.000554569  4.68293
-0.00300341  0.000539163  4.64314
-0.00291471  0.000525784  4.59259
-0.0028349  0.000511562  4.56425
-0.00276434  0.000498647  4.54096
-0.00263936  0.000483116  4.42826
-0.00254533  0.000471924  4.33404
-0.00243942  0.000458528  4.22967
-0.0023315  0.000447138  4.09604
-0.00221732  0.000434463  3.95276
-0.00210586  0.000423549  3.79144
-0.00197854  0.000411178  3.59586
-0.00186895  0.000401909  3.40611
-0.00173036  0.00039168  3.14125
-0.00156902  0.000384244  2.78213
-0.00144115  0.000373469  2.52001
-0.00128605  0.000364953  2.15384
-0.00112864  0.000357696  1.75746
-0.000962741  0.000349871  1.3226
-0.000771255  0.000343072  0.790663
-0.000566856  0.000338565  0.197469
-0.000443092  0.000334843  -0.169956
-0.000141568  0.000332395  -1.07833
