-0.003971  0.00164852  2.10552
-0.00395394  0.00152517  2.26463
-0.00393542  0.00140608  2.44327
-0.00391406  0.00128906  2.64849
-0.00388873  0.00118026  2.87117
-0.0038539  0.00109079  3.07474
-0.00381159  0.0010049  3.29544
-0.00376765  0.000925986  3.52884
-0.00372251  0.000855386  3.76732
-0.00366739  0.000787327  4.02297
-0.00360883  0.000722838  4.30087
-0.00354293  0.000673671  4.51695
-0.00347146  0.000631728  4.70371
-0.00339182  0.000601944  4.80414
-0.00331522  0.000579898  4.85467
-0.00322211  0.000558323  4.87551
-0.00316042  0.000547623  4.85813
-0.00310689  0.000537562  4.84946
-0.00304252  0.00052784  4.81684
-0.00298849  0.000517735  4.80649
-0.00292484  0.00050725  4.78036
-0.00285966  0.000497047  4.74736
-0.00280326  0.000489055  4.70962
-0.00273139  0.000477888  4.66927
-0.00266441  0.00047042  4.60103
-0.00259552  0.000462232  4.53348
-0.00252895  0.000450585  4.50292
-0.00245704  0.000443283  4.41487
-0.00238596  0.000434438  4.34116
-0.00230198  0.000426081  4.22921
-0.00223175  0.000417866  4.14426
-0.00214927  0.000409004  4.03241
-0.00206572  0.000401735  3.89738
-0.00198309  0.000393769  3.7664
-0.00189373  0.000385785  3.61272
-0.00180306  0.000379101  3.43723
-0.00171857  0.000372096  3.2749
-0.00161827  0.000364087  3.07145
-0.00152193  0.000358392  2.85143
-0.00141464  0.000351196  2.60435
-0.00131485  0.000344866  2.3628
-0.00119187  0.000339924  2.03536
-0.00108375  0.000334576  1.74474
-0.000956639  0.000329556  1.38562
-0.000838872  0.000324757  1.04346
-0.000724883  0.000319527  0.703798
-0.000587898  0.000315391  0.278697
-0.000449358  0.000312719  -0.161941
-0.000286893  0.000309423  -0.688723
-0.000129648  0.000308252  -1.20146
