-0.010865  0.0047755  2.17045
-0.0106753  0.00442466  2.29969
-0.0106262  0.00433814  2.33422
-0.0105041  0.00413118  2.42161
-0.0103722  0.0039202  2.51828
-0.0102449  0.00372911  2.61319
-0.010105  0.00353341  2.71835
-0.00995633  0.00333886  2.8322
-0.00980713  0.00315277  2.95205
-0.00966438  0.00298287  3.07234
-0.00946767  0.0027736  3.23323
-0.00933964  0.00262215  3.37115
-0.00913173  0.00244916  3.52436
-0.00904485  0.00241573  3.53717
-0.00861603  0.00223013  3.63927
-0.00834141  0.00213618  3.67076
-0.00843735  0.00184773  4.29572
-0.00816662  0.00168854  4.54038
-0.00798491  0.00159874  4.68177
-0.00769204  0.0014488  4.96414
-0.00752273  0.00138282  5.07857
-0.00710551  0.00126804  5.20923
-0.00703447  0.00125277  5.21602
-0.00655018  0.00113967  5.30873
-0.00625055  0.00106839  5.38246
-0.0061377  0.00105092  5.36456
-0.00602276  0.00104893  5.26514
-0.00594959  0.00102934  5.29424
-0.00580573  0.00101645  5.21988
-0.00563818  0.000999642  5.14001
-0.0055631  0.000988996  5.11943
-0.0054774  0.000961775  5.17523
-0.00545616  0.000955888  5.18488
-0.00533534  0.000943184  5.12661
-0.00513216  0.000932917  4.96524
-0.00505755  0.000907583  5.02164
-0.00503712  0.000905177  5.01241
-0.00484045  0.000900188  4.82172
-0.00477454  0.000885309  4.8283
-0.00468811  0.000862838  4.85388
-0.00458437  0.000843548  4.84189
-0.00449893  0.000829241  4.82239
-0.00438699  0.000814853  4.77017
-0.00432256  0.000807219  4.73547
-0.00420493  0.000787574  4.70424
-0.00409147  0.000774966  4.63437
-0.00401866  0.000767353  4.58546
-0.00401866  0.000767353  4.58546
-0.00374892  0.000757264  4.29033
-0.00352966  0.000741981  4.08321
