-0.010865  0.0047755  2.17045
-0.0107787  0.00461323  2.22809
-0.0106924  0.00445649  2.28708
-0.0106011  0.00429657  2.35097
-0.010509  0.00414113  2.41696
-0.010416  0.00399024  2.48506
-0.0103164  0.0038382  2.55755
-0.0102184  0.0036927  2.63178
-0.0101109  0.00354397  2.71189
-0.0100034  0.00340348  2.79227
-0.00989285  0.00326351  2.87814
-0.00977897  0.00312204  2.97208
-0.00966556  0.00298913  3.0663
-0.00954647  0.00284994  3.17427
-0.00942392  0.00271935  3.28164
-0.00929655  0.0025875  3.39964
-0.00917094  0.00245754  3.52831
-0.00904363  0.00233512  3.65876
-0.00891242  0.00221398  3.79968
-0.00876929  0.00209286  3.95118
-0.00862679  0.00197532  4.11416
-0.00847858  0.0018649  4.27829
-0.00832215  0.00175826  4.44879
-0.00816623  0.0016533  4.63694
-0.00800402  0.00155064  4.83931
-0.00783214  0.0014547  5.04032
-0.0076567  0.00136474  5.24399
-0.00747337  0.00128192  5.43979
-0.0072797  0.00120681  5.61788
-0.00707967  0.00113729  5.78538
-0.00686092  0.001073  5.92816
-0.00664694  0.00101696  6.04441
-0.00641997  0.000961328  6.15812
-0.00619277  0.000910561  6.25194
-0.00595567  0.000864304  6.31222
-0.00571531  0.000822907  6.33767
-0.0055931  0.00080466  6.32951
-0.00546506  0.000787355  6.306
-0.00532994  0.000769827  6.27407
-0.00518351  0.000753729  6.21378
-0.00503169  0.000738483  6.13648
-0.00485108  0.000723673  6.01249
-0.00467055  0.000710179  5.87253
-0.00447092  0.000696337  5.70258
-0.00426439  0.000684086  5.5028
-0.00403757  0.000673081  5.25579
-0.00377249  0.000663591  4.93149
-0.00351695  0.000654255  4.61128
-0.00328052  0.000649852  4.2787
-0.00296197  0.000644947  3.81732
