-0.003971  0.00164852  2.10552
-0.00395522  0.00153303  2.25385
-0.00393605  0.00141253  2.43255
-0.00391292  0.00128801  2.64976
-0.00388751  0.00118974  2.84727
-0.00386073  0.00110219  3.04913
-0.00382459  0.00102504  3.24338
-0.00377838  0.000941459  3.48223
-0.0037359  0.000889829  3.63654
-0.00367566  0.000807119  3.93456
-0.00362226  0.000745932  4.18572
-0.00356935  0.000708689  4.33102
-0.00349976  0.000659084  4.55141
-0.00345217  0.000625658  4.71851
-0.00337653  0.000596612  4.82144
-0.00327386  0.000570443  4.86263
-0.00320716  0.000559031  4.84259
-0.00314439  0.000549866  4.80915
-0.00307346  0.000538973  4.77474
-0.00302722  0.000527855  4.78772
-0.00297164  0.000518316  4.76859
-0.00290745  0.000508622  4.73327
-0.00283242  0.000496482  4.6979
-0.00277066  0.000484692  4.68475
-0.00270566  0.000478145  4.61297
-0.00261463  0.000468718  4.51152
-0.00257287  0.000458946  4.51658
-0.00251203  0.00045106  4.46067
-0.00243275  0.000440321  4.38941
-0.00235198  0.000430499  4.30193
-0.00225668  0.000422931  4.15358
-0.0021825  0.000413293  4.07096
-0.0020898  0.000404227  3.93293
-0.0020056  0.000395089  3.81078
-0.00191224  0.000388743  3.63283
-0.00182606  0.000381155  3.47907
-0.00172208  0.000372882  3.27738
-0.00162772  0.000365006  3.0896
-0.0015122  0.000358747  2.82149
-0.00141221  0.000353369  2.58148
-0.00131846  0.000347255  2.35694
-0.00117858  0.000341965  1.98437
-0.00107869  0.000334237  1.73137
-0.000953739  0.000329498  1.37706
-0.000829764  0.000324081  1.01754
-0.00069915  0.000319973  0.622396
-0.000585817  0.000316582  0.271073
-0.000404128  0.000312419  -0.306869
-0.000256261  0.000310324  -0.785433
-6.54861e-05  0.000309064  -1.4059
