-0.003971  0.00164852  2.10552
-0.00395529  0.00153525  2.25063
-0.00393502  0.00140528  2.44437
-0.00391409  0.00130756  2.61105
-0.00388984  0.00121338  2.79371
-0.00385871  0.00112088  2.9965
-0.00381949  0.00104117  3.18825
-0.0037779  0.000958551  3.41965
-0.00373202  0.000880493  3.6707
-0.00368504  0.000815072  3.90768
-0.00363203  0.000757735  4.13341
-0.00357592  0.00070857  4.34103
-0.00350744  0.000661987  4.54305
-0.00343608  0.00062348  4.70918
-0.00336522  0.000593515  4.82755
-0.00328192  0.000573924  4.84719
-0.00319379  0.000551851  4.88136
-0.00313562  0.000541179  4.87015
-0.00306782  0.000530272  4.84246
-0.0030135  0.000521272  4.82186
-0.00295195  0.000511427  4.79434
-0.00288574  0.000501342  4.75871
-0.00282575  0.000491846  4.72862
-0.00276435  0.000482221  4.69567
-0.00268932  0.000471793  4.64043
-0.00262836  0.000463306  4.59386
-0.00255478  0.00045327  4.53324
-0.00247903  0.00044502  4.44706
-0.0024024  0.000434425  4.37913
-0.00233125  0.000426858  4.29007
-0.0022579  0.000418676  4.19872
-0.00217262  0.000409843  4.08112
-0.00209027  0.000401753  3.95832
-0.00200895  0.000393699  3.83276
-0.00191372  0.000386164  3.66093
-0.00182062  0.000378106  3.49273
-0.00172811  0.00037128  3.30778
-0.00163651  0.000363758  3.12435
-0.0015323  0.000357129  2.89055
-0.00142974  0.000350433  2.65312
-0.00132356  0.000344119  2.39323
-0.00120735  0.000338058  2.09238
-0.00109629  0.000332538  1.79313
-0.000980459  0.000327008  1.46926
-0.000854021  0.000322277  1.0985
-0.000726689  0.000317764  0.713387
-0.000579976  0.000313738  0.254915
-0.000433431  0.000310414  -0.214453
-0.000277128  0.000308172  -0.723207
-0.000103405  0.000306998  -1.29185
