-0.010865  0.0047755  2.17045
-0.0107795  0.00461692  2.22649
-0.0106909  0.00445752  2.28624
-0.0105999  0.00429786  2.34998
-0.0105081  0.00414338  2.41544
-0.0104129  0.00398814  2.48559
-0.0103175  0.00384171  2.5555
-0.0102146  0.00369208  2.6312
-0.0101131  0.00355046  2.70756
-0.0100012  0.00340622  2.78938
-0.00988679  0.00326564  2.87441
-0.00977764  0.00312399  2.9698
-0.00965843  0.00299115  3.06184
-0.00954515  0.00285372  3.1696
-0.00942274  0.00271811  3.2827
-0.00929899  0.00258912  3.39844
-0.00917154  0.0024607  3.52401
-0.00904115  0.00233386  3.65967
-0.00890492  0.00221338  3.79732
-0.00876927  0.00209476  3.9476
-0.00862337  0.00197564  4.11177
-0.00847658  0.0018673  4.27171
-0.00832508  0.00175733  4.45282
-0.00816306  0.00165399  4.63307
-0.00799931  0.00155258  4.83022
-0.0078339  0.00145567  5.03817
-0.00765287  0.00136879  5.22571
-0.00747171  0.0012804  5.44493
-0.00728725  0.00120483  5.63336
-0.00707735  0.00113291  5.8057
-0.00687239  0.00107392  5.93378
-0.00664502  0.00101771  6.03811
-0.00642541  0.000961414  6.16323
-0.00620018  0.000910946  6.25743
-0.00595966  0.000863539  6.32243
-0.00571795  0.000822478  6.34419
-0.00559134  0.000803977  6.33269
-0.00546498  0.000786584  6.31208
-0.00531284  0.000768765  6.26048
-0.00518086  0.000752088  6.22382
-0.00501457  0.000736209  6.13219
-0.00484874  0.000722593  6.01824
-0.0046428  0.000709042  5.84282
-0.00443761  0.000694809  5.66718
-0.00422769  0.00068368  5.45239
-0.00398922  0.000673162  5.18333
-0.00372447  0.00066251  4.86705
-0.003549  0.000656163  4.64671
-0.00314028  0.000647  4.08081
-0.00273158  0.00064393  3.46555
