-0.003971  0.00164852  2.10552
-0.00395326  0.00151949  2.27264
-0.00393667  0.00141279  2.43254
-0.00391418  0.00128956  2.64754
-0.00389255  0.00120281  2.82051
-0.0038653  0.00111298  3.02368
-0.00381966  0.00101862  3.25899
-0.00377848  0.000953541  3.43821
-0.00373525  0.000876422  3.69143
-0.00368405  0.000807914  3.94108
-0.00361618  0.000729952  4.26902
-0.00356496  0.000684287  4.47905
-0.00350563  0.00065342  4.59984
-0.00343481  0.00062138  4.72306
-0.00335807  0.000595564  4.79893
-0.00327151  0.000570649  4.85676
-0.00320711  0.000558878  4.84383
-0.0031541  0.000549982  4.82579
-0.00309796  0.000538727  4.8224
-0.00302961  0.00052914  4.7806
-0.00297137  0.000518313  4.7681
-0.00290261  0.000507813  4.73128
-0.00284764  0.00049794  4.7147
-0.00277448  0.00048871  4.65405
-0.0027133  0.00047745  4.63567
-0.00264802  0.000468342  4.58644
-0.00257306  0.000458987  4.5166
-0.00249501  0.000449572  4.43757
-0.00241842  0.000440199  4.35807
-0.00233751  0.000432096  4.25254
-0.00226753  0.000423163  4.17695
-0.00217246  0.00041361  4.04357
-0.00210487  0.000405616  3.95662
-0.0020105  0.000397714  3.79795
-0.00191272  0.000389922  3.62309
-0.00183397  0.000382772  3.48503
-0.00172829  0.00037442  3.28051
-0.00163727  0.00036751  3.09453
-0.00153079  0.000360523  2.85915
-0.00140908  0.000354125  2.56712
-0.00131493  0.000347479  2.34528
-0.00119758  0.00034049  2.04877
-0.00108825  0.000334606  1.75803
-0.000956286  0.000329237  1.38589
-0.000840403  0.000324607  1.04866
-0.000726518  0.000320188  0.707455
-0.000571733  0.000315939  0.227046
-0.000462666  0.000313261  -0.119177
-0.00027487  0.000310197  -0.725766
-8.24803e-05  0.0003093  -1.34989
