-0.003971  0.00164852  2.10552
-0.00395308  0.00152026  2.27137
-0.00393491  0.00140224  2.4496
-0.00390723  0.00128774  2.6459
-0.00388428  0.0011838  2.85883
-0.0038496  0.00109089  3.07052
-0.00380993  0.00100349  3.29841
-0.00376891  0.000935268  3.49516
-0.00372187  0.000855986  3.76393
-0.00367175  0.000794115  3.99406
-0.00361646  0.000728459  4.27816
-0.00356677  0.000691397  4.43561
-0.00349279  0.000644065  4.64673
-0.00343284  0.000615069  4.76832
-0.00334639  0.0005852  4.86396
-0.0032761  0.000572282  4.85094
-0.00322844  0.000561656  4.85786
-0.00317046  0.000552864  4.83024
-0.00311724  0.000540669  4.84075
-0.00305193  0.000529676  4.8179
-0.00299336  0.000519884  4.79599
-0.00291437  0.000510293  4.73134
-0.00286202  0.00050019  4.72225
-0.00278817  0.000488863  4.6806
-0.00271378  0.000479011  4.62156
-0.00264417  0.000467745  4.58405
-0.00257084  0.000458464  4.51691
-0.00250821  0.000450613  4.45662
-0.00242427  0.000440248  4.37089
-0.00234374  0.000431534  4.27253
-0.00226465  0.000421549  4.1861
-0.00217963  0.000412723  4.06962
-0.00207917  0.000402337  3.92499
-0.00200359  0.000396694  3.79031
-0.00190815  0.000387808  3.63104
-0.00182566  0.000383002  3.46123
-0.00171885  0.000373301  3.26505
-0.00160295  0.000364724  3.02407
-0.00151969  0.00035916  2.8391
-0.00139243  0.000352044  2.53499
-0.00130356  0.000345991  2.32249
-0.00119135  0.000341027  2.02726
-0.00106859  0.000333194  1.70649
-0.000933395  0.00032817  1.32064
-0.000793894  0.000322595  0.911032
-0.000691975  0.000319121  0.601575
-0.000691543  0.000319796  0.598952
-0.00042352  0.000313159  -0.24422
-0.000281085  0.000312343  -0.700879
-0.00012402  0.00030981  -1.21358
