-0.010865  0.0047755  2.17045
-0.0107793  0.0046148  2.22747
-0.0106898  0.00445568  2.28693
-0.0105991  0.00429768  2.34989
-0.0105095  0.00414736  2.41346
-0.010415  0.00399131  2.48414
-0.0103179  0.00384158  2.55569
-0.0102174  0.00369601  2.62914
-0.0101127  0.00354763  2.7096
-0.0100024  0.00340422  2.79136
-0.00989203  0.00326349  2.87792
-0.00978039  0.00312715  2.96768
-0.00966524  0.00298882  3.06651
-0.00954926  0.00285458  3.17009
-0.00942729  0.0027203  3.28174
-0.00930707  0.00259273  3.39683
-0.00917801  0.0024603  3.52721
-0.00905051  0.00233874  3.65603
-0.00891333  0.00221832  3.79265
-0.00877304  0.00209733  3.94456
-0.00863534  0.00198108  4.10651
-0.0084883  0.0018708  4.26999
-0.00834219  0.00176441  4.44465
-0.00817159  0.00165644  4.63137
-0.00801507  0.00155861  4.82165
-0.00783976  0.00145975  5.02808
-0.00765241  0.00137014  5.22021
-0.00748314  0.00128743  5.4241
-0.00729206  0.0012108  5.60956
-0.00708943  0.00114015  5.77946
-0.00687796  0.00107898  5.91109
-0.00666541  0.00102298  6.02691
-0.00646485  0.000969709  6.15118
-0.00621169  0.000915239  6.24066
-0.00597659  0.000867225  6.31508
-0.00573904  0.000825441  6.34695
-0.00561636  0.000806709  6.34227
-0.00548444  0.000789137  6.31632
-0.00535191  0.000771705  6.28726
-0.00521374  0.000755033  6.2431
-0.00504383  0.0007382  6.15529
-0.00487649  0.000724147  6.04366
-0.00467875  0.000710324  5.88288
-0.00448742  0.000696908  5.72159
-0.00425258  0.0006838  5.48783
-0.00402668  0.000672586  5.24346
-0.00378087  0.00066246  4.95256
-0.0035362  0.000654022  4.64235
-0.00321979  0.000647401  4.20109
-0.00285067  0.000643504  3.65292
