-0.003971  0.00164852  2.10552
-0.00395353  0.00152966  2.25771
-0.00393441  0.00141361  2.42954
-0.00391181  0.00129875  2.62699
-0.00388456  0.0011953  2.83157
-0.00385061  0.00109777  3.05218
-0.00381082  0.00101133  3.27373
-0.0037638  0.000932482  3.50012
-0.00371559  0.000854215  3.76438
-0.00366761  0.000782745  4.0468
-0.00360621  0.000729236  4.25954
-0.00354253  0.00067587  4.50165
-0.00347068  0.000636334  4.66843
-0.00339562  0.000603934  4.7946
-0.00330635  0.000580357  4.83556
-0.00322085  0.000560712  4.8525
-0.00316396  0.000549664  4.84653
-0.00310703  0.000538666  4.83979
-0.00304893  0.000529268  4.81596
-0.00298979  0.000519278  4.79472
-0.00292511  0.00050904  4.76409
-0.00286  0.00049839  4.73524
-0.00279575  0.000489873  4.68642
-0.00273114  0.000479382  4.65419
-0.00266443  0.000470619  4.59912
-0.00259472  0.000460396  4.54982
-0.00252725  0.000451331  4.49172
-0.00244569  0.000441362  4.40838
-0.00237672  0.000433312  4.33112
-0.00229287  0.0004243  4.22548
-0.00221998  0.000416595  4.12866
-0.00213388  0.00040782  4.00637
-0.00205594  0.000399876  3.89106
-0.00196524  0.000391392  3.74367
-0.00186415  0.000383567  3.55648
-0.00177276  0.000375118  3.39295
-0.00168498  0.000368542  3.21532
-0.00156358  0.000362069  2.93751
-0.00147352  0.000354451  2.74657
-0.00136653  0.000348762  2.48458
-0.00125228  0.00034195  2.19996
-0.00117312  0.000338391  1.98919
-0.00103005  0.00033197  1.59669
-0.000899998  0.000326995  1.22325
-0.000767423  0.000321748  0.831156
-0.000628716  0.000318803  0.403748
-0.000500091  0.000313892  0.000291259
-0.000364496  0.000311804  -0.43458
-0.000185602  0.000309332  -1.01638
9.3825e-07  0.000308684  -1.62282
