-0.010865  0.0047755  2.17045
-0.0107776  0.0046121  2.22839
-0.0106838  0.00444835  2.28935
-0.0105896  0.00428918  2.35233
-0.0104949  0.00412863  2.42087
-0.0103977  0.00396606  2.4956
-0.010298  0.0038128  2.56977
-0.0101928  0.0036609  2.64767
-0.0100835  0.00351276  2.72819
-0.00997801  0.00337404  2.8091
-0.00985404  0.00322475  2.9007
-0.00973431  0.00307833  2.99978
-0.00962031  0.00294265  3.09936
-0.00949509  0.00280223  3.20997
-0.0093746  0.00266674  3.32788
-0.00924287  0.002528  3.45842
-0.00910692  0.00239827  3.58881
-0.00896922  0.00227206  3.72756
-0.00883068  0.0021456  3.88268
-0.008684  0.00202896  4.03359
-0.00853823  0.00191648  4.19426
-0.00838324  0.00179661  4.38783
-0.00822383  0.00169465  4.55777
-0.00805014  0.00159028  4.74769
-0.00787573  0.00149029  4.94917
-0.00769375  0.00139846  5.14405
-0.00751101  0.00130497  5.37255
-0.00730333  0.0012333  5.51638
-0.00709469  0.00115364  5.71644
-0.00689296  0.00109073  5.8612
-0.00666284  0.00102507  6.0121
-0.00644068  0.000969504  6.12754
-0.00620563  0.000917243  6.22041
-0.0059527  0.000874083  6.23819
-0.00571335  0.000825198  6.3177
-0.00559041  0.000808085  6.29935
-0.00546751  0.000789789  6.28967
-0.0053311  0.000772851  6.25101
-0.00519706  0.000756807  6.20642
-0.0050447  0.000742552  6.12038
-0.00488324  0.000730232  6.00253
-0.00471791  0.000716589  5.88609
-0.00453067  0.000702624  5.7366
-0.00436217  0.000692616  5.5762
-0.00417319  0.000679908  5.40247
-0.00390065  0.000669802  5.0771
-0.00365189  0.000661045  4.76804
-0.00339004  0.000652128  4.43171
-0.0031214  0.00064776  4.04687
-0.00274701  0.000643941  3.48946
