-0.010865  0.0047755  2.17045
-0.0107812  0.00461708  2.22677
-0.0106951  0.00446027  2.28576
-0.0106078  0.00430746  2.34659
-0.010518  0.00415529  2.4109
-0.0104266  0.00400648  2.47764
-0.010331  0.00385774  2.54839
-0.0102312  0.00371081  2.62239
-0.0101305  0.00357067  2.69712
-0.0100239  0.00343342  2.77389
-0.00991618  0.0032917  2.86059
-0.0098071  0.00315469  2.95024
-0.00969679  0.00302134  3.04395
-0.00957753  0.00288778  3.14343
-0.00946334  0.00275743  3.25061
-0.00934115  0.00262654  3.36608
-0.00921615  0.00250574  3.47847
-0.00909181  0.00237678  3.61489
-0.00895792  0.00225394  3.7525
-0.00882285  0.00213752  3.89369
-0.0086853  0.00202158  4.04897
-0.00854601  0.0019112  4.20992
-0.00839734  0.0018043  4.37696
-0.0082476  0.00170213  4.55171
-0.0080846  0.0015996  4.74156
-0.00792163  0.0015012  4.94379
-0.00775007  0.00141274  5.13193
-0.00758047  0.00132862  5.32918
-0.00738823  0.00125027  5.50938
-0.00720257  0.00117844  5.68768
-0.00699604  0.0011134  5.83444
-0.00678341  0.00105309  5.96661
-0.00657774  0.000998718  6.08554
-0.00636368  0.000948042  6.18504
-0.00612255  0.00090008  6.24672
-0.00588176  0.000854637  6.29713
-0.00565125  0.000815153  6.31936
-0.00550825  0.000793873  6.30863
-0.00535728  0.000774066  6.27502
-0.00523486  0.000759651  6.23294
-0.00508044  0.000743515  6.16053
-0.00489914  0.000727051  6.05066
-0.0047258  0.000712566  5.9304
-0.0045272  0.000699858  5.75432
-0.00432653  0.000687158  5.56863
-0.00406958  0.00067581  5.28193
-0.00381631  0.000664632  4.9897
-0.00355295  0.000656046  4.65356
-0.00322966  0.000648879  4.20674
-0.00286696  0.00064462  3.67187
