-0.003971  0.00164852  2.10552
-0.00395547  0.0015355  2.25039
-0.00393716  0.00141676  2.42607
-0.00391955  0.00131697  2.59654
-0.0038959  0.00120778  2.81168
-0.00386417  0.00112814  2.98205
-0.00382875  0.00104033  3.1997
-0.00378391  0.000964726  3.40398
-0.00374537  0.000902347  3.59659
-0.0036916  0.000828598  3.8518
-0.00364453  0.000785888  4.00124
-0.00360219  0.000737679  4.20535
-0.00353299  0.000677223  4.47856
-0.00346473  0.000634289  4.67409
-0.0034002  0.000616654  4.70313
-0.00333179  0.000583819  4.85046
-0.00324916  0.000563419  4.87942
-0.00316707  0.00055017  4.84773
-0.00312831  0.000541968  4.84957
-0.00304987  0.000531367  4.79868
-0.00300524  0.000520728  4.81104
-0.00293186  0.000510329  4.76527
-0.00287295  0.000500971  4.7367
-0.00280494  0.000490266  4.7014
-0.00273166  0.000479747  4.65175
-0.00265483  0.000470364  4.58118
-0.00258976  0.00046119  4.53124
-0.0025301  0.000452337  4.48803
-0.00243788  0.00044305  4.37395
-0.00236423  0.000433844  4.29701
-0.00229296  0.000424567  4.22304
-0.00219862  0.00041493  4.09375
-0.00212906  0.000407347  3.9992
-0.0020318  0.000398968  3.83941
-0.00193918  0.000390288  3.68748
-0.00185866  0.000382882  3.5485
-0.00176411  0.000375628  3.36533
-0.00166822  0.000368614  3.16922
-0.00155682  0.000361635  2.92235
-0.00146939  0.000354336  2.7358
-0.00134672  0.000346451  2.44397
-0.0012355  0.000341165  2.15586
-0.00111407  0.000334567  1.83543
-0.00100768  0.000330447  1.53633
-0.000850731  0.000324846  1.07968
-0.000738897  0.000320296  0.745863
-0.000614384  0.000316776  0.361089
-0.000466055  0.000313046  -0.108434
-0.00029649  0.000310923  -0.654536
-0.00010268  0.000309284  -1.28464
