-0.010865  0.0047755  2.17045
-0.0107777  0.00461098  2.22895
-0.0106915  0.00445506  2.28762
-0.0106014  0.00429569  2.35152
-0.0105106  0.00414285  2.41637
-0.0104168  0.00399062  2.48503
-0.0103189  0.00383988  2.55709
-0.0102179  0.00369138  2.63259
-0.0101094  0.00354098  2.71378
-0.0100009  0.00340058  2.7939
-0.00988886  0.0032603  2.87975
-0.00977606  0.00311959  2.97349
-0.00966326  0.00298615  3.06859
-0.00954743  0.00285355  3.17059
-0.00942059  0.00272081  3.27865
-0.0092985  0.00258862  3.39892
-0.00917147  0.00246154  3.52278
-0.00904094  0.00233371  3.65982
-0.00890915  0.00221352  3.79899
-0.00877117  0.00209158  3.9545
-0.00862798  0.00197564  4.1141
-0.00846991  0.00185641  4.29318
-0.00832312  0.00175572  4.45579
-0.00816459  0.00165548  4.62983
-0.00799975  0.00155083  4.83597
-0.00783207  0.0014609  5.01887
-0.00765649  0.00137729  5.19606
-0.00747801  0.00128316  5.43816
-0.00727137  0.00120761  5.60726
-0.00707227  0.00113471  5.79204
-0.0068587  0.00107503  5.91493
-0.00664297  0.00101399  6.0582
-0.00641753  0.000961011  6.15761
-0.00619857  0.00091285  6.24262
-0.00596838  0.000866894  6.30801
-0.00571679  0.00082244  6.34307
-0.00557823  0.00080229  6.32967
-0.005448  0.000785496  6.2992
-0.00529904  0.000770596  6.2277
-0.00517315  0.00075531  6.18706
-0.00502081  0.000738141  6.12459
-0.00485225  0.000723855  6.01259
-0.00466288  0.000710311  5.86065
-0.00448575  0.000696958  5.71878
-0.00424974  0.000683224  5.4883
-0.00401341  0.000673758  5.21465
-0.00379235  0.000662436  4.97006
-0.00351025  0.000653809  4.60417
-0.00324067  0.000647841  4.23047
-0.00284887  0.000644072  3.6469
