-0.003971  0.00164852  2.10552
-0.00395461  0.00152914  2.25919
-0.00393169  0.00138512  2.47754
-0.00391072  0.00129622  2.63129
-0.00388764  0.00118338  2.86269
-0.0038525  0.00108143  3.10007
-0.00380132  0.00101006  3.26845
-0.00375853  0.000914241  3.56419
-0.00371471  0.000844181  3.80809
-0.00366753  0.000778602  4.06822
-0.00358633  0.000719822  4.28764
-0.00353322  0.000664773  4.5628
-0.00344838  0.000639917  4.60744
-0.00335926  0.000597766  4.78324
-0.00329363  0.000582355  4.79713
-0.00317533  0.000552431  4.84282
-0.00309613  0.000543889  4.77326
-0.00303388  0.000532026  4.76269
-0.00300167  0.000524272  4.77171
-0.00292661  0.000514664  4.71493
-0.00287649  0.000504668  4.70901
-0.00283339  0.000496406  4.70058
-0.00273501  0.000485611  4.60248
-0.00267815  0.000478919  4.54806
-0.0026294  0.000468897  4.54131
-0.00253856  0.000461477  4.41746
-0.0024977  0.000451747  4.42217
-0.00239894  0.000441763  4.29854
-0.00235068  0.000434388  4.26044
-0.00225787  0.000424005  4.14588
-0.00219581  0.000417362  4.06317
-0.0021078  0.000410384  3.9178
-0.00201817  0.000401604  3.78025
-0.00195263  0.000393755  3.68916
-0.00185203  0.000385764  3.5048
-0.00176686  0.000377861  3.3527
-0.00168684  0.000371903  3.19126
-0.00158013  0.00036624  2.94925
-0.00149488  0.000359487  2.76751
-0.0013858  0.000352504  2.51289
-0.00127184  0.000346388  2.22825
-0.00116584  0.000341123  1.95192
-0.00106718  0.000335755  1.68926
-0.000942018  0.000331837  1.33203
-0.000815004  0.000326025  0.966194
-0.000701173  0.000322451  0.623887
-0.000548199  0.000318499  0.151332
-0.000395933  0.000316136  -0.329186
-0.000261994  0.000313503  -0.759182
-7.54284e-05  0.000312874  -1.357
