-0.010865  0.0047755  2.17045
-0.0107795  0.00461578  2.22702
-0.0106897  0.0044556  2.28694
-0.0106008  0.00429575  2.35134
-0.0105081  0.00413907  2.41795
-0.0104118  0.00398547  2.48698
-0.0103135  0.00383434  2.55936
-0.0102103  0.00368541  2.6348
-0.0101045  0.00353834  2.71441
-0.00999326  0.00339392  2.79714
-0.0098842  0.00325338  2.88444
-0.0097689  0.00311257  2.9779
-0.00965191  0.00297248  3.07888
-0.00953168  0.00283772  3.18273
-0.00940709  0.00270105  3.29764
-0.00928467  0.00257287  3.41435
-0.0091566  0.00244182  3.54515
-0.00902516  0.00231488  3.68277
-0.00889024  0.00219389  3.82436
-0.0087449  0.00207289  3.9775
-0.00860202  0.00195595  4.14225
-0.00844802  0.00184581  4.30598
-0.00829986  0.00173928  4.48453
-0.00812953  0.00163455  4.66765
-0.00797142  0.0015314  4.87883
-0.00778785  0.00143451  5.08039
-0.00761122  0.00134602  5.28316
-0.00743636  0.00126675  5.4757
-0.0072224  0.00118553  5.67037
-0.0070244  0.00112172  5.81644
-0.00679091  0.00106186  5.92445
-0.00657234  0.00100114  6.06541
-0.00634202  0.000945784  6.1769
-0.00610908  0.000901277  6.22348
-0.00587118  0.000851459  6.3082
-0.0056328  0.000812723  6.31556
-0.00549165  0.000789934  6.31907
-0.00536996  0.000776638  6.27057
-0.00524757  0.000761688  6.23296
-0.00508001  0.000745385  6.14449
-0.00493741  0.000731414  6.06689
-0.00476978  0.000717229  5.95317
-0.00459403  0.00070434  5.81258
-0.00437992  0.000691838  5.60813
-0.00418825  0.000680595  5.41915
-0.00394  0.000670135  5.13329
-0.00370046  0.000660037  4.84892
-0.00343286  0.000652645  4.4938
-0.00313545  0.000646496  4.07651
-0.00280094  0.000643023  3.57832
