-0.003971  0.00164852  2.10552
-0.00395422  0.00152612  2.2634
-0.00393535  0.00140484  2.44537
-0.00391428  0.00129008  2.64657
-0.00388859  0.00117947  2.87297
-0.00385705  0.00108785  3.08594
-0.0038173  0.00100438  3.30283
-0.00377505  0.000925566  3.53843
-0.00372641  0.000853203  3.78153
-0.00367643  0.000789117  4.0253
-0.00363286  0.0007484  4.18608
-0.0035695  0.000698555  4.39407
-0.00349994  0.000644588  4.65405
-0.00347505  0.00063443  4.68932
-0.00334098  0.000598304  4.74839
-0.00326235  0.000588289  4.69556
-0.00321028  0.000576613  4.70034
-0.00316196  0.000567239  4.69283
-0.00310253  0.000555596  4.68421
-0.00304866  0.000545601  4.67129
-0.00298933  0.000535737  4.64655
-0.00292947  0.000524678  4.6304
-0.00286811  0.000515105  4.59734
-0.00280642  0.000505083  4.56642
-0.00273752  0.000495633  4.51447
-0.00267146  0.00048635  4.46481
-0.00259471  0.000476686  4.39432
-0.00251703  0.000468128  4.30872
-0.00244319  0.000459101  4.23261
-0.00235795  0.000450877  4.12073
-0.00228176  0.000441645  4.03437
-0.00220128  0.00043236  3.93487
-0.00212207  0.000424779  3.81861
-0.00204126  0.000416564  3.69994
-0.00194629  0.000408678  3.53894
-0.00185625  0.000400884  3.38315
-0.00175804  0.000394161  3.19169
-0.00165899  0.000386833  2.9961
-0.00155048  0.00038005  2.76405
-0.00144863  0.000374007  2.53639
-0.00133393  0.000368368  2.26386
-0.00123058  0.000362315  2.01641
-0.00110549  0.000356536  1.69826
-0.000996617  0.000350824  1.41557
-0.000874508  0.000345803  1.08301
-0.00075209  0.000341386  0.73843
-0.000602513  0.000337082  0.30412
-0.000458013  0.000334071  -0.125683
-0.000321452  0.000331961  -0.537858
-0.000123183  0.000331295  -1.1374
