-0.010865  0.0047755  2.17045
-0.0107824  0.00462046  2.22541
-0.0106973  0.00446534  2.28366
-0.0106106  0.00431461  2.34334
-0.010522  0.00416331  2.40723
-0.0104293  0.00401354  2.47396
-0.0103365  0.00386948  2.54207
-0.0102374  0.00372489  2.61415
-0.010138  0.00358501  2.68842
-0.0100324  0.00344414  2.76771
-0.0099279  0.00331076  2.84765
-0.00981771  0.00317218  2.93732
-0.00970876  0.00304262  3.02659
-0.00959423  0.00291281  3.12215
-0.00947865  0.00278411  3.22496
-0.00936201  0.00265303  3.34034
-0.00923983  0.00252855  3.45646
-0.00911875  0.00240651  3.58143
-0.00898765  0.00228671  3.71172
-0.00885651  0.00216889  3.8529
-0.00872035  0.00205489  4.00038
-0.0085783  0.00194253  4.15864
-0.00843508  0.00183849  4.31608
-0.0082877  0.00173302  4.49372
-0.0081352  0.0016359  4.66726
-0.00797575  0.00153941  4.85623
-0.0078199  0.00145329  5.03677
-0.00764489  0.00136286  5.24259
-0.00746069  0.0012791  5.44185
-0.00727212  0.00120594  5.61562
-0.00709081  0.00114144  5.77412
-0.00687846  0.00108025  5.9046
-0.00666243  0.00102132  6.0338
-0.00644611  0.000971071  6.12326
-0.00622971  0.00091999  6.22801
-0.00600155  0.000873906  6.29535
-0.0057755  0.000832612  6.33608
-0.00563723  0.000812081  6.32601
-0.00549163  0.000791993  6.30262
-0.00535087  0.000774348  6.26445
-0.00517732  0.000755483  6.19117
-0.00501331  0.000737673  6.1183
-0.00482058  0.000721746  5.98628
-0.00463234  0.000706468  5.8493
-0.00440631  0.000691676  5.6476
-0.00418812  0.000679856  5.42486
-0.00389475  0.000668118  5.08106
-0.00359909  0.000656962  4.71731
-0.00328344  0.000650052  4.28187
-0.00291584  0.000644906  3.74603
