-0.003971  0.00164852  2.10552
-0.00395317  0.00151917  2.27306
-0.00393209  0.00138961  2.46983
-0.00391064  0.00128187  2.66067
-0.00387943  0.00117322  2.88047
-0.00384977  0.00110062  3.04353
-0.00380871  0.00101056  3.27415
-0.00376334  0.000950053  3.4349
-0.00372179  0.000858629  3.75225
-0.00367357  0.000795831  3.98774
-0.00361571  0.000733609  4.2471
-0.00355058  0.000688619  4.43
-0.00348713  0.000646954  4.61722
-0.00341144  0.000608357  4.78575
-0.0033339  0.000583964  4.85287
-0.00319089  0.000551864  4.87601
-0.00314892  0.000546803  4.84437
-0.00297373  0.000515559  4.79815
-0.00297373  0.000515559  4.79815
-0.00297373  0.000515559  4.79815
-0.00295823  0.000512149  4.79982
-0.00275361  0.000492892  4.57222
-0.00273776  0.000481086  4.65148
-0.00273776  0.000481086  4.65148
-0.00268404  0.000472451  4.62279
-0.00261269  0.000463393  4.55918
-0.00255398  0.000455515  4.50914
-0.00246125  0.000445406  4.40329
-0.00228537  0.000429726  4.15466
-0.00223937  0.000418773  4.15349
-0.00224478  0.000418759  4.16655
-0.00215597  0.00041019  4.03709
-0.00202763  0.000397736  3.84082
-0.00198983  0.000393521  3.7859
-0.00189859  0.000386163  3.62177
-0.00181066  0.000378799  3.46004
-0.00170498  0.00037172  3.24163
-0.00161884  0.000364589  3.06877
-0.00152051  0.000357969  2.85084
-0.00141942  0.000351422  2.61629
-0.00129604  0.000345088  2.30678
-0.00116005  0.000337101  1.95803
-0.00105756  0.000332928  1.6747
-0.000953212  0.000328352  1.38027
-0.000821504  0.00032268  0.996357
-0.000674679  0.000319023  0.547542
-0.000576227  0.000314954  0.242027
-0.00042294  0.000311744  -0.247191
-0.000229648  0.000309764  -0.872769
-3.8898e-05  0.000308617  -1.49409
