-0.003971  0.00164852  2.10552
-0.00395376  0.00152295  2.26781
-0.00393562  0.00140651  2.44267
-0.003915  0.00129365  2.63981
-0.00389027  0.00118571  2.85927
-0.00385811  0.00109007  3.08064
-0.00381866  0.00100693  3.29584
-0.00377634  0.000927785  3.53136
-0.00373106  0.000855  3.77902
-0.00368094  0.000789636  4.02836
-0.00362537  0.000735128  4.25146
-0.00356709  0.000682337  4.49499
-0.00350148  0.000645812  4.64761
-0.00342846  0.000619131  4.72995
-0.00334933  0.000600049  4.74849
-0.00327664  0.000590856  4.69935
-0.00322454  0.000579961  4.6978
-0.00317359  0.000568791  4.70049
-0.0031178  0.00055789  4.69232
-0.00306225  0.000547594  4.6791
-0.00300237  0.000537263  4.65763
-0.00294306  0.000526586  4.63944
-0.00288236  0.000516731  4.61044
-0.00281705  0.000506087  4.57836
-0.00275193  0.000496988  4.53116
-0.00268161  0.000487531  4.47482
-0.00261068  0.000478094  4.41479
-0.00253387  0.000469189  4.33487
-0.00245259  0.000459862  4.24604
-0.00237283  0.000451975  4.14367
-0.00230309  0.000442973  4.07044
-0.00221665  0.000434177  3.95379
-0.0021398  0.000425942  3.84981
-0.00204663  0.000417046  3.70854
-0.00195193  0.000409641  3.54439
-0.001864  0.000402148  3.39178
-0.00177035  0.00039474  3.21819
-0.00167633  0.000388007  3.03171
-0.00157415  0.000381383  2.81647
-0.00146582  0.000374805  2.57686
-0.00134224  0.000367882  2.28944
-0.00124646  0.000362909  2.05689
-0.00111882  0.000357395  1.73147
-0.000988198  0.000351031  1.39075
-0.000889444  0.000346949  1.12248
-0.00074379  0.000342045  0.712744
-0.0006052  0.000338588  0.310702
-0.000472566  0.000335398  -0.0817945
-0.000320915  0.000333293  -0.537319
-0.000117575  0.000332378  -1.15057
