-0.003971  0.00164852  2.10552
-0.00395308  0.00152026  2.27137
-0.00393491  0.00140224  2.4496
-0.00390723  0.00128774  2.6459
-0.00388428  0.0011838  2.85883
-0.003846  0.00107994  3.09834
-0.00380819  0.000997617  3.3161
-0.00375786  0.000907401  3.59032
-0.00371346  0.000843345  3.81037
-0.00366199  0.00077846  4.06185
-0.00360292  0.000713226  4.35055
-0.00354624  0.000669792  4.54804
-0.00346958  0.000628632  4.72388
-0.00339196  0.000601674  4.80652
-0.00331104  0.00057942  4.85148
-0.00325791  0.000568794  4.8487
-0.00319377  0.00055619  4.84326
-0.00314656  0.000547484  4.83404
-0.00308068  0.000536104  4.81377
-0.0030211  0.000524977  4.80231
-0.00296493  0.000515561  4.78106
-0.00289618  0.00050552  4.74002
-0.00283407  0.000495632  4.70927
-0.00276578  0.000485768  4.66432
-0.00269349  0.0004767  4.60141
-0.00262946  0.000466517  4.56459
-0.00256012  0.000457098  4.50695
-0.00248371  0.000446684  4.44098
-0.00241323  0.000438902  4.35914
-0.00233486  0.000430191  4.26523
-0.00224103  0.000420483  4.14054
-0.00216919  0.000412554  4.04599
-0.00208709  0.000404437  3.9242
-0.00199319  0.000397208  3.75921
-0.00189846  0.000389103  3.59406
-0.00180166  0.000382302  3.40479
-0.0017183  0.000375226  3.24684
-0.00160253  0.00036682  3.00563
-0.00149508  0.00035896  2.77211
-0.00143697  0.000354301  2.64456
-0.001292  0.000346335  2.28679
-0.00119839  0.000341567  2.04468
-0.00108678  0.000336  1.74635
-0.000963125  0.000328735  1.40881
-0.000841861  0.000324052  1.05496
-0.000710098  0.000320241  0.656064
-0.000564405  0.000315822  0.20393
-0.000425232  0.000313791  -0.238272
-0.000320321  0.000312632  -0.57473
-1.15837e-05  0.000309922  -1.57593
