-0.003971  0.00164852  2.10552
-0.00395353  0.00152966  2.25771
-0.00393441  0.00141361  2.42954
-0.00391181  0.00129875  2.62699
-0.00388456  0.0011953  2.83157
-0.00385048  0.00109626  3.05627
-0.00381036  0.00101034  3.27646
-0.00376477  0.000928537  3.51604
-0.00372028  0.000852274  3.77846
-0.00366761  0.000782745  4.0468
-0.00360563  0.00072348  4.29262
-0.00353969  0.000674948  4.50359
-0.00346955  0.000632183  4.6973
-0.00339632  0.000602064  4.81065
-0.00330466  0.000579179  4.84247
-0.00321518  0.00055885  4.85851
-0.00315516  0.000548034  4.84488
-0.00310244  0.000538104  4.83631
-0.00303846  0.000527325  4.81385
-0.00298425  0.000517713  4.79852
-0.00291936  0.000507741  4.76495
-0.00285655  0.000498185  4.73027
-0.00279682  0.000488673  4.70013
-0.00272537  0.000479313  4.64284
-0.00266392  0.000469859  4.60546
-0.00259543  0.000460438  4.55096
-0.00252369  0.000450879  4.48833
-0.00244454  0.000441433  4.40506
-0.00237335  0.00043341  4.32234
-0.00230059  0.00042479  4.23878
-0.00222108  0.000416003  4.13718
-0.00214129  0.000407393  4.02876
-0.00205996  0.000399388  3.90586
-0.00196851  0.000390945  3.75632
-0.00187908  0.000383065  3.60011
-0.00179026  0.000376011  3.43145
-0.0016922  0.000368636  3.23408
-0.00159159  0.000361692  3.01801
-0.00148808  0.000355565  2.77891
-0.00138482  0.000348875  2.5362
-0.0012727  0.000342323  2.25723
-0.00117107  0.000337408  1.9889
-0.00104258  0.000331492  1.63678
-0.000931858  0.000326275  1.3236
-0.000798711  0.000321952  0.927813
-0.000666947  0.000317747  0.525409
-0.000518674  0.000314285  0.0594165
-0.00039134  0.000311361  -0.348982
-0.000211316  0.000309114  -0.93391
-3.69772e-05  0.000308013  -1.50326
