-0.010865  0.0047755  2.17045
-0.0107765  0.00461682  2.22588
-0.0106855  0.00445836  2.28459
-0.0105965  0.00430266  2.34658
-0.0105049  0.00414826  2.41184
-0.0104107  0.00399389  2.48147
-0.0103098  0.00383737  2.55639
-0.0102047  0.00368347  2.63467
-0.0101068  0.00355124  2.70518
-0.0100002  0.00340482  2.79023
-0.0098887  0.00326798  2.87294
-0.0097706  0.00312701  2.96468
-0.00965509  0.00299007  3.06184
-0.00953934  0.00284897  3.17285
-0.00941669  0.002725  3.27218
-0.00929109  0.00259351  3.38965
-0.0091715  0.00246312  3.52054
-0.00903232  0.00233857  3.64851
-0.00890506  0.00221361  3.797
-0.00876612  0.00209652  3.94279
-0.00862622  0.00197991  4.10433
-0.00847627  0.00186563  4.27537
-0.00832632  0.00176081  4.44472
-0.00816509  0.00165151  4.64125
-0.00799892  0.00155747  4.81482
-0.00784071  0.00145825  5.0339
-0.00764936  0.00137255  5.20883
-0.00747395  0.00128472  5.42836
-0.00728283  0.0012085  5.61261
-0.00710469  0.00114167  5.7851
-0.00685875  0.00107196  5.93191
-0.0066607  0.00101757  6.0543
-0.00642745  0.000960862  6.16888
-0.00619563  0.000908932  6.26628
-0.00598826  0.000868917  6.3162
-0.00571692  0.000821553  6.35008
-0.0055925  0.000803036  6.34155
-0.00544472  0.000787742  6.27709
-0.00530171  0.000765732  6.27074
-0.00516262  0.000753293  6.18965
-0.00502245  0.000738279  6.12566
-0.00484719  0.000721939  6.02156
-0.00470189  0.000709517  5.92218
-0.00445095  0.00069483  5.68621
-0.00424429  0.00068135  5.49539
-0.00402002  0.000672017  5.23799
-0.00381245  0.000662704  4.99839
-0.00351667  0.000653954  4.61298
-0.00319725  0.000647697  4.16437
-0.00282669  0.000644596  3.60952
