-0.003971  0.00164852  2.10552
-0.00395529  0.00153525  2.25063
-0.00393502  0.00140528  2.44437
-0.00391192  0.00130666  2.61118
-0.00388984  0.00121338  2.79371
-0.00385594  0.00111507  3.00962
-0.00381926  0.00104108  3.18829
-0.00377518  0.000960981  3.40816
-0.00373202  0.000880492  3.6707
-0.00367518  0.000818833  3.87769
-0.00362626  0.00075108  4.16236
-0.00356887  0.000704733  4.35466
-0.00350881  0.000658894  4.56644
-0.00343515  0.000620416  4.73094
-0.00335668  0.000590933  4.83419
-0.00327285  0.000570797  4.85785
-0.00318465  0.000550313  4.87841
-0.00311822  0.000538878  4.85865
-0.00306485  0.000530197  4.83754
-0.00300796  0.000519822  4.82466
-0.00294074  0.000510899  4.77735
-0.00287536  0.000499444  4.756
-0.00281553  0.000490232  4.72333
-0.00275929  0.000481729  4.68995
-0.00268465  0.000471326  4.63512
-0.00261424  0.000461941  4.57686
-0.00254033  0.000453233  4.50172
-0.00247675  0.000444676  4.44536
-0.00239836  0.000435779  4.35623
-0.00232555  0.000426602  4.27927
-0.00223662  0.000418546  4.14918
-0.00216  0.000409468  4.05404
-0.00208812  0.000401115  3.95926
-0.00200041  0.000393396  3.81399
-0.00190446  0.000386688  3.63202
-0.00181563  0.000377372  3.4863
-0.00173326  0.000370823  3.32573
-0.0016204  0.00036334  3.08361
-0.00151222  0.000356021  2.84315
-0.00142652  0.000350302  2.64493
-0.00130684  0.000344229  2.3439
-0.00120076  0.000338632  2.06938
-0.00109007  0.000332551  1.77437
-0.000971617  0.000327264  1.44109
-0.00083268  0.000323012  1.02993
-0.000703927  0.00031814  0.640998
-0.000573005  0.000314023  0.232484
-0.000424321  0.000310759  -0.243529
-0.000282382  0.000308957  -0.704363
-9.7339e-05  0.000307352  -1.3101
