-0.003971  0.00164852  2.10552
-0.00395429  0.0015267  2.26259
-0.00393511  0.00140631  2.44264
-0.00391157  0.00128575  2.65338
-0.00388421  0.00118732  2.85031
-0.00385191  0.00108825  3.08009
-0.00380882  0.00100428  3.29473
-0.00376472  0.00092141  3.54318
-0.00371276  0.000854807  3.75846
-0.00366069  0.000777149  4.06703
-0.00360286  0.000729036  4.25611
-0.0035298  0.000677399  4.4727
-0.00345943  0.000637337  4.64343
-0.00338681  0.000605614  4.76674
-0.00329768  0.000579303  4.82939
-0.00320944  0.000557741  4.85788
-0.00315074  0.000547723  4.83957
-0.00309518  0.000537126  4.83161
-0.0030373  0.000527453  4.81048
-0.00298257  0.000517331  4.79881
-0.00291459  0.000507017  4.76235
-0.00285441  0.000497862  4.72905
-0.00278796  0.000487811  4.69026
-0.00272401  0.000478782  4.64514
-0.00265715  0.000469507  4.59451
-0.00258773  0.000460293  4.53565
-0.00251502  0.000451132  4.46657
-0.00244301  0.000442194  4.39402
-0.00236711  0.000433545  4.30661
-0.00230651  0.00042582  4.24242
-0.00222197  0.000416658  4.13282
-0.00213647  0.000407833  4.01261
-0.00205008  0.000400187  3.8734
-0.0019603  0.000392386  3.72159
-0.00188145  0.000384322  3.59452
-0.00179465  0.00037706  3.43355
-0.00169205  0.00036874  3.23276
-0.00160447  0.000362372  3.04788
-0.00149547  0.00035584  2.79753
-0.00140129  0.000349894  2.57589
-0.00129586  0.000343393  2.31764
-0.00117793  0.000337019  2.01156
-0.00105309  0.00033268  1.66254
-0.000950124  0.000326991  1.37656
-0.000817116  0.000322802  0.982386
-0.000682882  0.000317895  0.57529
-0.000547812  0.000313739  0.152393
-0.000415893  0.000311063  -0.270387
-0.000245307  0.00030954  -0.822812
-7.45748e-05  0.000307707  -1.38257
