-0.010865  0.0047755  2.17045
-0.0107199  0.00459811  2.22262
-0.0105817  0.00426152  2.36576
-0.0105679  0.004238  2.37563
-0.0101407  0.00358184  2.69156
-0.0102707  0.00376686  2.59385
-0.0101407  0.00358184  2.69156
-0.00997913  0.00337614  2.80769
-0.00997913  0.00337614  2.80769
-0.00945173  0.00284511  3.14636
-0.00940528  0.00277949  3.20393
-0.00940198  0.00277515  3.20775
-0.00896862  0.00232736  3.63872
-0.00888619  0.00227474  3.68665
-0.00881317  0.00222744  3.73216
-0.00881317  0.00222744  3.73216
-0.00871802  0.00216273  3.79984
-0.00870551  0.00215571  3.80641
-0.00884956  0.00225048  3.71012
-0.00702088  0.0014631  4.4569
-0.00702088  0.0014631  4.4569
-0.00690303  0.0014288  4.48141
-0.00690303  0.0014288  4.48141
-0.00654021  0.00119889  5.03819
-0.00618219  0.00107  5.31045
-0.00610694  0.00105674  5.3059
-0.00610694  0.00105674  5.3059
-0.00610541  0.00105648  5.30574
-0.00610541  0.00105648  5.30574
-0.00610541  0.00105648  5.30574
-0.00610541  0.00105648  5.30574
-0.00610541  0.00105648  5.30574
-0.00610541  0.00105648  5.30574
-0.00610541  0.00105648  5.30574
-0.00610541  0.00105648  5.30574
-0.00552479  0.0010029  5.01028
-0.00552479  0.0010029  5.01028
-0.00552479  0.0010029  5.01028
-0.00552479  0.0010029  5.01028
-0.00549708  0.0010004  4.99506
-0.00549708  0.0010004  4.99506
-0.00549708  0.0010004  4.99506
-0.00549708  0.0010004  4.99506
-0.00549708  0.0010004  4.99506
-0.00549708  0.0010004  4.99506
-0.00524972  0.000955396  4.97147
-0.00524972  0.000955396  4.97147
-0.00524972  0.000955396  4.97147
-0.00524972  0.000955396  4.97147
-0.00524972  0.000955396  4.97147
