-0.010865  0.0047755  2.17045
-0.0107803  0.00461687  2.22669
-0.0106925  0.00445844  2.28612
-0.010602  0.00430113  2.34868
-0.0105111  0.00414648  2.41437
-0.0104154  0.00399199  2.48383
-0.010319  0.0038423  2.5555
-0.0102172  0.00369223  2.63179
-0.0101121  0.00354715  2.70981
-0.0100052  0.00340515  2.79142
-0.00989396  0.00326595  2.87633
-0.00978286  0.00312482  2.97069
-0.00966679  0.00298955  3.06627
-0.00955039  0.00285324  3.17197
-0.0094284  0.00271859  3.2842
-0.00930693  0.00259014  3.40018
-0.00917844  0.00246008  3.52771
-0.00904994  0.00233622  3.65973
-0.00891644  0.00221384  3.80174
-0.00877683  0.00209333  3.9539
-0.00863382  0.00197745  4.11328
-0.00848525  0.00186853  4.27354
-0.00833238  0.00175911  4.45247
-0.00817366  0.0016561  4.63358
-0.00801402  0.00155668  4.82695
-0.00784193  0.00146202  5.02176
-0.00766787  0.00137092  5.2285
-0.00748319  0.00128592  5.4305
-0.00728827  0.00120936  5.61313
-0.00709053  0.0011398  5.78215
-0.00687941  0.00107896  5.91258
-0.00665789  0.00101685  6.05587
-0.00643712  0.000963291  6.16337
-0.0062079  0.000912516  6.25512
-0.00597662  0.00086769  6.31172
-0.0057388  0.000825297  6.34778
-0.00560911  0.000806417  6.33557
-0.00548031  0.000787611  6.32332
-0.00534307  0.000771227  6.2797
-0.00520325  0.00075422  6.23591
-0.00504214  0.000738215  6.15288
-0.00486368  0.000723756  6.02922
-0.00467899  0.000709015  5.89407
-0.00448242  0.000695802  5.72349
-0.00425369  0.000684044  5.4875
-0.00402588  0.000672464  5.24323
-0.00378211  0.000662541  4.95382
-0.00351195  0.000654105  4.60469
-0.00318755  0.000647825  4.14858
-0.00281858  0.000644256  3.59885
