-0.003971  0.00164852  2.10552
-0.00395551  0.00153532  2.25068
-0.00393684  0.00142431  2.41299
-0.00391923  0.00131957  2.59116
-0.00389327  0.0012025  2.82185
-0.00386513  0.00112537  2.99024
-0.00382715  0.00104469  3.1848
-0.00378368  0.000970965  3.38187
-0.00374444  0.000891917  3.6376
-0.00370255  0.000826935  3.8728
-0.00364632  0.000763622  4.12026
-0.0035898  0.000713801  4.32866
-0.0035273  0.000667496  4.5353
-0.00346038  0.000633451  4.67341
-0.00338584  0.000599378  4.81473
-0.00332113  0.000583323  4.83631
-0.00323091  0.000561139  4.86673
-0.00317047  0.000550662  4.84957
-0.00310805  0.000540681  4.82364
-0.0030506  0.000530037  4.81213
-0.00298635  0.00051979  4.78336
-0.00292632  0.00050981  4.75926
-0.00285832  0.000499738  4.71911
-0.00278515  0.000488908  4.67399
-0.00272585  0.000480206  4.63519
-0.00265925  0.000470779  4.58655
-0.00258347  0.000461348  4.51605
-0.00251929  0.000452223  4.46524
-0.00243926  0.000443796  4.36971
-0.00236502  0.000434839  4.28898
-0.00229295  0.000425723  4.21154
-0.00220256  0.000416933  4.08353
-0.00211998  0.000409252  3.95838
-0.00203408  0.000400643  3.82905
-0.00194834  0.000392967  3.68565
-0.00185778  0.000384817  3.52839
-0.00176944  0.000377382  3.3638
-0.00166974  0.000370321  3.15872
-0.00157092  0.00036328  2.94793
-0.00146712  0.000355861  2.7177
-0.00137214  0.00035012  2.49097
-0.00126169  0.000343432  2.21788
-0.00113517  0.000338  1.87919
-0.00102244  0.000332294  1.57222
-0.000908459  0.000327856  1.24585
-0.000762646  0.000322338  0.814817
-0.000630787  0.000318929  0.410082
-0.000498928  0.000315831  -0.00339522
-0.000329066  0.000313275  -0.545637
-0.000155446  0.000311601  -1.10576
