-0.010865  0.0047755  2.17045
-0.0107781  0.00461621  2.22652
-0.0106918  0.00445699  2.28669
-0.0106018  0.00430015  2.34916
-0.0105083  0.00414304  2.41569
-0.0104144  0.00399068  2.48438
-0.0103166  0.00383909  2.55702
-0.010214  0.00368892  2.63329
-0.010109  0.00354232  2.71263
-0.0100026  0.00340251  2.79283
-0.00989384  0.00326295  2.87894
-0.00977855  0.00312179  2.97219
-0.0096616  0.00298237  3.07192
-0.00954495  0.0028483  3.17556
-0.00942313  0.00271759  3.28347
-0.00930187  0.00258687  3.40252
-0.00917193  0.00245425  3.53343
-0.0090423  0.00232937  3.66722
-0.00890912  0.00220835  3.80787
-0.00876859  0.00208835  3.95938
-0.00862745  0.00197474  4.11571
-0.00847827  0.00186065  4.28788
-0.00832334  0.00175163  4.46633
-0.00816841  0.00164976  4.64818
-0.00800002  0.00154789  4.84531
-0.00782881  0.00145352  5.04211
-0.00764589  0.00135872  5.25928
-0.00746107  0.00127638  5.45375
-0.00727724  0.00120222  5.63726
-0.00706834  0.00113059  5.80964
-0.00684976  0.00106927  5.93839
-0.00663473  0.00100965  6.0761
-0.00640814  0.000956234  6.17855
-0.0061768  0.000905623  6.26839
-0.00594546  0.000860708  6.32673
-0.00569972  0.000819094  6.34814
-0.00557675  0.000800647  6.34081
-0.00545374  0.000783796  6.32019
-0.0053112  0.000767548  6.26827
-0.00516182  0.000751237  6.20553
-0.00499529  0.000734596  6.1194
-0.00483837  0.000720819  6.01867
-0.00465725  0.000706623  5.88326
-0.00445464  0.000693208  5.70484
-0.00425925  0.000681376  5.51714
-0.0040242  0.00067051  5.256
-0.00376451  0.000660848  4.93988
-0.00348843  0.000653  4.57646
-0.00318238  0.000646741  4.14753
-0.00284735  0.000643505  3.64775
