-0.00396851  0.00164519  2.10827
-0.00394816  0.00151604  2.27446
-0.00392712  0.0014052  2.43889
-0.00390128  0.00129232  2.63192
-0.00387715  0.00119475  2.82665
-0.00383761  0.00110835  3.01133
-0.00379603  0.00102446  3.21735
-0.0037518  0.000944093  3.44436
-0.00371318  0.000871523  3.68686
-0.00365306  0.000799404  3.94426
-0.00359846  0.000741361  4.17942
-0.00353363  0.000688673  4.40504
-0.00347009  0.00064358  4.61495
-0.00339137  0.000609973  4.74016
-0.00330515  0.000585427  4.79162
-0.00321984  0.000564784  4.81571
-0.00315826  0.000554693  4.79232
-0.00309686  0.000544086  4.77288
-0.00303852  0.000534378  4.75043
-0.00297863  0.000523324  4.73631
-0.00291704  0.00051288  4.71269
-0.00285371  0.000504094  4.66919
-0.0027934  0.000494895  4.6341
-0.00272384  0.000484793  4.58718
-0.00264962  0.000474029  4.53478
-0.0025796  0.000465111  4.4712
-0.00250108  0.000456963  4.37909
-0.00244449  0.000446513  4.35484
-0.00237048  0.000438011  4.27039
-0.00227732  0.000428664  4.14618
-0.00220393  0.000420535  4.0518
-0.0021174  0.000411887  3.92679
-0.00204679  0.000404513  3.82383
-0.00195834  0.000395436  3.68792
-0.001871  0.000388616  3.52789
-0.00175328  0.000379604  3.30155
-0.00167269  0.000372802  3.14561
-0.0015723  0.000365798  2.9314
-0.00146991  0.000358819  2.70307
-0.00139311  0.000354881  2.51665
-0.00127661  0.000347397  2.23552
-0.00118255  0.000340403  2.00512
-0.00103069  0.00033465  1.58581
-0.000987291  0.000329782  1.47762
-0.000836499  0.000324466  1.03709
-0.000676977  0.000319683  0.553602
-0.000587774  0.000316656  0.277191
-0.000485231  0.000314129  -0.0470161
-0.000369415  0.00031103  -0.419847
-8.42054e-05  0.000308067  -1.34969
