-0.003971  0.00164852  2.10552
-0.00395411  0.00152532  2.26452
-0.00393073  0.00137783  2.48994
-0.00391201  0.00127898  2.66777
-0.00386517  0.00120191  2.79986
-0.00383913  0.00106787  3.12691
-0.00377728  0.00098049  3.3425
-0.00372587  0.00089508  3.60401
-0.00370016  0.000860304  3.7198
-0.00359943  0.000742258  4.17567
-0.0035684  0.000713425  4.30094
-0.00345762  0.000681825  4.33781
-0.00342489  0.000625365  4.6771
-0.00333582  0.00059165  4.79307
-0.00321064  0.000561588  4.82674
-0.00315973  0.00055268  4.81243
-0.00310573  0.000543619  4.79331
-0.00302585  0.000532008  4.74776
-0.00294839  0.000519524  4.71275
-0.00293307  0.000516598  4.70981
-0.00286424  0.000504391  4.68733
-0.00281082  0.000498267  4.63771
-0.00270585  0.000491458  4.48838
-0.00262644  0.00047813  4.44742
-0.00256738  0.000471856  4.38138
-0.00250276  0.000456833  4.38401
-0.00248562  0.000455832  4.35603
-0.00234769  0.000446289  4.14011
-0.0023332  0.000439085  4.17504
-0.00227159  0.000431725  4.10352
-0.00217711  0.000424595  3.9499
-0.00205213  0.000415283  3.73752
-0.00196666  0.000406928  3.60422
-0.00191204  0.000398495  3.54342
-0.00176756  0.000393617  3.22028
-0.001663  0.00038065  3.0553
-0.00160904  0.000380478  2.91487
-0.00151206  0.000369995  2.73533
-0.00140864  0.000366954  2.47618
-0.00133588  0.000358601  2.33095
-0.00120834  0.000355838  1.99063
-0.001165  0.000347803  1.912
-0.00098594  0.00034203  1.42075
-0.000857287  0.000337265  1.05937
-0.000823662  0.000331006  0.977811
-0.00065414  0.000330489  0.466401
-0.000500455  0.000324084  0.00140361
-0.000372766  0.000322359  -0.394697
-0.000217193  0.000320916  -0.881248
-3.17581e-05  0.000320004  -1.46324
