-0.010865  0.0047755  2.17045
-0.0107796  0.00461477  2.22754
-0.0106913  0.00445346  2.28841
-0.0106032  0.00430122  2.34893
-0.0105072  0.00413677  2.41908
-0.0104131  0.00398445  2.48795
-0.0103189  0.00383917  2.55756
-0.0102149  0.00368602  2.63561
-0.0101099  0.00354431  2.71135
-0.0100011  0.00339738  2.7966
-0.00989082  0.00325953  2.88103
-0.00977564  0.00312248  2.9706
-0.00966058  0.0029827  3.07124
-0.009544  0.00284779  3.17579
-0.00942175  0.00271194  3.28981
-0.00929634  0.00258004  3.40938
-0.00916842  0.00245502  3.53089
-0.00903509  0.00232927  3.66427
-0.00890482  0.00220693  3.80837
-0.00876332  0.00208651  3.96035
-0.00862012  0.00196963  4.12267
-0.00846834  0.0018583  4.28798
-0.0083203  0.00175328  4.46038
-0.00815713  0.00164869  4.64436
-0.00799049  0.00154552  4.84659
-0.00782729  0.00145352  5.04108
-0.00764581  0.00136065  5.25175
-0.00745587  0.00127445  5.45794
-0.00726672  0.00119892  5.64401
-0.00706027  0.00112875  5.81197
-0.00686056  0.00107135  5.93697
-0.00662827  0.00101003  6.06744
-0.00641148  0.000957132  6.17624
-0.00617477  0.000905259  6.26867
-0.00594027  0.000859728  6.32789
-0.00569442  0.000818193  6.34866
-0.00557289  0.000800286  6.33885
-0.00543885  0.00078402  6.29939
-0.00531406  0.000767218  6.2747
-0.00516864  0.000750512  6.22061
-0.00501064  0.000735459  6.13309
-0.00482858  0.000719592  6.01533
-0.00464684  0.000706308  5.87116
-0.0044769  0.000695155  5.72088
-0.00424152  0.000682947  5.4785
-0.00401786  0.000670715  5.24494
-0.00377521  0.000660897  4.95571
-0.00347718  0.00065256  4.56231
-0.00316863  0.000647505  4.1214
-0.00271018  0.000643956  3.43219
