-0.003971  0.00164852  2.10552
-0.00396132  0.0015762  2.19599
-0.00395012  0.00149826  2.30276
-0.00393447  0.00139961  2.45387
-0.00392721  0.00135797  2.52378
-0.003913  0.0012838  2.65852
-0.00390202  0.00123325  2.75858
-0.0038837  0.00116206  2.91182
-0.00386919  0.0011173  3.01546
-0.00383799  0.00105229  3.17212
-0.00381355  0.000997557  3.32166
-0.00378975  0.000952157  3.45504
-0.00376396  0.000906589  3.60027
-0.00373443  0.00086311  3.74741
-0.00370385  0.000820528  3.90462
-0.00367223  0.000791218  4.0093
-0.0036406  0.00076338  4.11406
-0.00360284  0.000709061  4.37599
-0.00357504  0.000695521  4.4212
-0.00352766  0.000660437  4.58433
-0.00347688  0.000636731  4.67525
-0.00346383  0.000630751  4.69889
-0.00346383  0.000630751  4.69889
-0.00333468  0.000601879  4.70971
-0.00328425  0.000586315  4.74872
-0.00321413  0.000573117  4.73575
-0.00311283  0.000558132  4.68138
-0.00304069  0.000544162  4.669
-0.00296171  0.000530385  4.64137
-0.00287279  0.000517533  4.58481
-0.00280037  0.000504017  4.56408
-0.00269739  0.00049045  4.48036
-0.0026129  0.00047887  4.41226
-0.00249917  0.000466334  4.28699
-0.002397  0.000453912  4.17922
-0.00229784  0.000443131  4.05712
-0.00216817  0.000429427  3.88466
-0.00205528  0.00042015  3.70171
-0.00191674  0.000407592  3.47587
-0.00183081  0.00040115  3.31749
-0.0016719  0.00038758  3.02364
-0.0015537  0.00038024  2.77113
-0.00138318  0.000371252  2.37892
-0.00123473  0.000363699  2.02015
-0.00109249  0.000356232  1.66322
-0.000936063  0.000349256  1.24855
-0.000746345  0.000342048  0.720206
-0.000536034  0.000338722  0.106382
-0.000368343  0.000334349  -0.393771
-0.000113731  0.000332393  -1.16208
