-0.003971  0.00164852  2.10552
-0.00395399  0.00152676  2.26231
-0.00393669  0.00141358  2.4312
-0.0039143  0.00130283  2.62068
-0.00389056  0.00119359  2.84064
-0.00385906  0.00109725  3.06133
-0.00381605  0.00101213  3.27629
-0.00377747  0.000934614  3.50676
-0.00372339  0.000869157  3.70864
-0.00367572  0.000801474  3.96235
-0.0036222  0.000749387  4.16634
-0.00355819  0.000690907  4.42634
-0.00349056  0.000648141  4.61405
-0.00343273  0.000614451  4.77292
-0.00336019  0.000594774  4.80887
-0.00327363  0.000570507  4.86169
-0.00321745  0.000560347  4.8496
-0.00315491  0.000549084  4.83515
-0.00308805  0.000536286  4.82587
-0.00304017  0.000528124  4.80979
-0.00296726  0.000515066  4.79018
-0.00291803  0.000506483  4.77416
-0.00283682  0.000494663  4.72406
-0.00279097  0.000488125  4.6934
-0.00271932  0.00047802  4.64273
-0.00263475  0.000469298  4.54881
-0.00257965  0.000458982  4.531
-0.00249562  0.000447653  4.45796
-0.00241441  0.000437754  4.37325
-0.00233701  0.000429801  4.27408
-0.00226493  0.000421394  4.18831
-0.00218167  0.000414481  4.0573
-0.0020945  0.000404312  3.94374
-0.00201152  0.000397239  3.80506
-0.00191408  0.000388441  3.64041
-0.00182661  0.000380336  3.48799
-0.00174119  0.00037447  3.31452
-0.00164551  0.000366891  3.1222
-0.00153278  0.000358609  2.87997
-0.00142416  0.000352442  2.62215
-0.00132002  0.000346249  2.36829
-0.00120462  0.000340488  2.06943
-0.00110528  0.000334933  1.80716
-0.000963125  0.00032937  1.40609
-0.000839383  0.000324422  1.04612
-0.000704575  0.000320042  0.639213
-0.000567838  0.000316572  0.214289
-0.000427626  0.000313649  -0.230749
-0.000287596  0.000311458  -0.681966
-7.62324e-05  0.000310039  -1.36682
