-0.003971  0.00164852  2.10552
-0.00395341  0.00152053  2.27118
-0.00393268  0.00141171  2.43157
-0.00391381  0.00129991  2.62619
-0.00388848  0.00119801  2.82841
-0.00385312  0.00109986  3.04869
-0.00381249  0.00101257  3.27137
-0.00376939  0.0009371  3.48884
-0.00372866  0.000866546  3.72589
-0.00367253  0.000796661  3.98228
-0.00361428  0.000735591  4.23371
-0.003555  0.000690796  4.42244
-0.00347963  0.000643124  4.63305
-0.00340709  0.000609423  4.77024
-0.00333072  0.000582916  4.85613
-0.00324532  0.000562807  4.8779
-0.00318898  0.000552287  4.86881
-0.00313409  0.000541252  4.86666
-0.00307243  0.000530695  4.84729
-0.00301075  0.000520829  4.82068
-0.00294676  0.000510178  4.79591
-0.00288753  0.000500973  4.76579
-0.00281881  0.00049049  4.72754
-0.00275154  0.000480785  4.68305
-0.00268576  0.00047214  4.62947
-0.00261796  0.000462433  4.58003
-0.00254545  0.000453293  4.51244
-0.00247437  0.000444069  4.44609
-0.00239302  0.000434608  4.3557
-0.00230552  0.000424496  4.25333
-0.00222918  0.000416305  4.15364
-0.00215434  0.00040911  4.04375
-0.00206599  0.000400826  3.90691
-0.00199054  0.000393455  3.78835
-0.00188926  0.000385442  3.60434
-0.0017773  0.000376955  3.38848
-0.00167656  0.000371078  3.17065
-0.00159415  0.000362275  3.02024
-0.00148144  0.000355463  2.76102
-0.00137152  0.000349573  2.49311
-0.00127045  0.000343757  2.24125
-0.00115564  0.00033697  1.9457
-0.00103677  0.000331181  1.62077
-0.000928413  0.000326693  1.31136
-0.000793745  0.000320975  0.915166
-0.000640138  0.000316846  0.442291
-0.000513575  0.000312703  0.0434122
-0.000360775  0.000310027  -0.449075
-0.000201889  0.000308951  -0.964913
9.04452e-06  0.000307693  -1.65439
