-0.003971  0.00164852  2.10552
-0.0039531  0.00152966  2.25743
-0.00393376  0.00141655  2.42404
-0.00391046  0.00130733  2.60873
-0.00388692  0.00119961  2.82335
-0.00385365  0.00110002  3.04873
-0.00381151  0.00101926  3.24893
-0.00376859  0.00094309  3.46583
-0.00372169  0.000865439  3.72261
-0.00367162  0.000805415  3.93786
-0.00361406  0.00073776  4.22097
-0.00355584  0.000686262  4.45288
-0.003492  0.000648669  4.61252
-0.003423  0.00061337  4.76548
-0.00333953  0.000584126  4.86116
-0.00325689  0.000565286  4.87699
-0.00320072  0.000554331  4.87203
-0.00314237  0.000543211  4.86435
-0.00308566  0.00053332  4.84823
-0.00301703  0.000522951  4.81313
-0.00295501  0.000513879  4.77742
-0.00288513  0.000503247  4.73948
-0.00283434  0.000494426  4.72131
-0.00276169  0.000483458  4.67816
-0.00269676  0.000473826  4.63621
-0.00263055  0.00046478  4.584
-0.00255453  0.000455975  4.50579
-0.00249096  0.000446779  4.45625
-0.00240766  0.000437673  4.35863
-0.00234208  0.000430585  4.27809
-0.00224251  0.000418761  4.16111
-0.00216956  0.000411127  4.06094
-0.00209763  0.000404518  3.94948
-0.00200743  0.00039609  3.80578
-0.00192182  0.000388173  3.66285
-0.00182365  0.000380466  3.47902
-0.00172429  0.000372809  3.28396
-0.00162148  0.000365629  3.06727
-0.00152723  0.000359751  2.8554
-0.00142753  0.000352263  2.63307
-0.00130793  0.00034504  2.34154
-0.00119722  0.000339687  2.05253
-0.00109131  0.00033461  1.76714
-0.000967896  0.000329323  1.42078
-0.000865331  0.000324641  1.12534
-0.000714418  0.000320428  0.669163
-0.000590715  0.000316324  0.286779
-0.000439121  0.000312946  -0.194536
-0.000309929  0.000310724  -0.611705
-0.000101409  0.000308906  -1.29033
