-0.003971  0.00164852  2.10552
-0.00395399  0.00152676  2.26231
-0.00393669  0.00141358  2.4312
-0.00391608  0.00130582  2.61604
-0.00389056  0.00119359  2.84064
-0.00385906  0.00109725  3.06133
-0.0038237  0.00102212  3.25177
-0.00377892  0.000942611  3.47855
-0.00372135  0.000873438  3.68812
-0.00367094  0.000805183  3.93815
-0.00361804  0.000741791  4.20339
-0.00355819  0.000690907  4.42634
-0.00349056  0.000648141  4.61405
-0.00343273  0.000614451  4.77292
-0.00334057  0.000588751  4.82474
-0.00325982  0.000567711  4.8613
-0.00320403  0.000556641  4.85776
-0.00314805  0.000546395  4.84639
-0.00308873  0.000536328  4.82676
-0.00303182  0.00052663  4.80759
-0.00296726  0.000515066  4.79018
-0.00290311  0.000504909  4.75949
-0.00283491  0.00049589  4.70852
-0.00276754  0.000486306  4.66279
-0.00270409  0.000475542  4.63489
-0.00263118  0.000466132  4.57205
-0.00256853  0.000457212  4.52423
-0.00249447  0.000447693  4.45499
-0.0024136  0.000438589  4.36309
-0.00233613  0.000429633  4.27372
-0.00226077  0.000421318  4.17919
-0.00217383  0.000412405  4.0587
-0.00208955  0.000403784  3.93662
-0.00200361  0.00039581  3.79881
-0.00191408  0.000388441  3.64041
-0.00182692  0.000380636  3.48605
-0.00172945  0.000373504  3.29166
-0.00163281  0.000366475  3.09111
-0.00153802  0.000359546  2.88704
-0.00141908  0.0003521  2.61029
-0.00131132  0.000346644  2.3405
-0.00119536  0.000340223  2.04383
-0.00108584  0.000334336  1.75224
-0.000963125  0.00032937  1.40609
-0.000848715  0.00032502  1.0729
-0.000714517  0.000320984  0.668312
-0.000563852  0.000316913  0.20148
-0.00042762  0.000313649  -0.230769
-0.000287596  0.000311458  -0.681966
-7.62136e-05  0.00031004  -1.36688
