-0.010865  0.0047755  2.17045
-0.0107782  0.00461605  2.22663
-0.0106898  0.00445585  2.28685
-0.0106002  0.00429576  2.35121
-0.0105069  0.0041427  2.41555
-0.0104127  0.00398912  2.48494
-0.0103132  0.00383655  2.55782
-0.010214  0.00368872  2.63345
-0.0101114  0.0035471  2.70964
-0.0099963  0.00339869  2.7941
-0.00987783  0.00325684  2.87942
-0.00977303  0.00311498  2.97692
-0.00965295  0.00297779  3.07374
-0.00953195  0.00283868  3.18175
-0.00941778  0.00270843  3.2926
-0.00928804  0.00257416  3.41394
-0.00916336  0.00244773  3.53935
-0.0090352  0.00232797  3.66637
-0.00888886  0.0022022  3.80932
-0.008753  0.00207862  3.97042
-0.00862662  0.00197509  4.11455
-0.00846273  0.00185357  4.2959
-0.00830509  0.00174377  4.47598
-0.00814898  0.00164693  4.64439
-0.00796403  0.00154086  4.84406
-0.00781918  0.00144722  5.05741
-0.00761438  0.00136269  5.22085
-0.00744834  0.00127648  5.44337
-0.00723185  0.00120055  5.60733
-0.00702848  0.00112256  5.81569
-0.00684456  0.00107432  5.90563
-0.00659037  0.00100512  6.05934
-0.00637967  0.000953584  6.16587
-0.00613582  0.000900546  6.25823
-0.0059169  0.000858221  6.31178
-0.00564884  0.000812763  6.33498
-0.00551106  0.000794614  6.30628
-0.00538403  0.000778368  6.2747
-0.00526141  0.000762897  6.24122
-0.00509916  0.000745116  6.17241
-0.00495509  0.000731401  6.09117
-0.00479825  0.000718129  5.98535
-0.0046082  0.000704265  5.83331
-0.00438999  0.000692926  5.61386
-0.0041829  0.000682346  5.39741
-0.00397943  0.000671769  5.1795
-0.00372541  0.000661384  4.87676
-0.00339345  0.000653657  4.42655
-0.00307387  0.000646909  3.97872
-0.0027076  0.000644584  3.42485
