-0.00395705  0.00163458  2.11495
-0.00393465  0.00149742  2.29371
-0.00391804  0.0013734  2.48875
-0.00389458  0.00128203  2.64781
-0.00386752  0.00117169  2.87407
-0.00382812  0.00108769  3.05982
-0.00378451  0.000997941  3.29129
-0.00374121  0.000927703  3.4938
-0.00368888  0.000850199  3.75075
-0.00364268  0.000787876  3.9888
-0.00358187  0.000722157  4.26759
-0.00352493  0.000676938  4.46855
-0.00345646  0.000633688  4.66549
-0.00338506  0.000600193  4.80688
-0.00330152  0.000578758  4.84057
-0.00324152  0.000563827  4.86234
-0.00318999  0.000552544  4.86837
-0.00313204  0.000542264  4.8538
-0.00307305  0.000531408  4.84195
-0.0030139  0.000522063  4.81531
-0.00294532  0.000511689  4.77892
-0.00288662  0.000501305  4.76081
-0.00282259  0.000492185  4.71894
-0.00275856  0.00048183  4.68747
-0.00268638  0.000472519  4.62707
-0.002621  0.000462525  4.58569
-0.00254196  0.000453521  4.50247
-0.00247385  0.000444414  4.44146
-0.0023875  0.000433659  4.3525
-0.00232081  0.000425721  4.277
-0.00223273  0.000416327  4.16194
-0.00216804  0.000409448  4.07387
-0.00207662  0.000401044  3.93129
-0.00199094  0.000392747  3.79619
-0.00188184  0.000384414  3.59467
-0.00181055  0.000377631  3.47046
-0.00169267  0.000368945  3.23266
-0.00159152  0.000362493  3.01115
-0.00151926  0.000356435  2.8596
-0.00137717  0.000349088  2.51274
-0.00128701  0.000343839  2.28888
-0.0011528  0.000337408  1.93476
-0.00108264  0.000332327  1.75321
-0.000918552  0.00032588  1.28438
-0.000805253  0.000321064  0.950753
-0.000645593  0.000316527  0.459971
-0.000514313  0.000313695  0.0456263
-0.000368317  0.000310453  -0.424165
-0.000197212  0.000308224  -0.982366
-1.51007e-05  0.000307677  -1.576
