-0.00385214  0.00107769  3.11048
-0.00380808  0.00100529  3.29067
-0.00377415  0.000929517  3.52242
-0.0037357  0.000863082  3.74901
-0.0036893  0.000799403  3.98961
-0.00363201  0.000747225  4.19152
-0.00358147  0.000694983  4.43387
-0.00349477  0.000669117  4.4757
-0.00342809  0.000621789  4.70914
-0.00340874  0.000614572  4.73296
-0.00327105  0.000590359  4.69384
-0.00321974  0.000581235  4.67924
-0.00318205  0.000570981  4.69727
-0.00313326  0.000561869  4.68661
-0.0030859  0.000552476  4.68057
-0.00303276  0.000542847  4.66569
-0.00298397  0.000534323  4.64882
-0.00292915  0.000525604  4.62163
-0.00287905  0.000516383  4.60715
-0.00282467  0.000507692  4.57891
-0.00276239  0.000499514  4.52919
-0.00270281  0.000490907  4.48721
-0.0026416  0.000482889  4.43497
-0.00257993  0.00047472  4.38138
-0.00251307  0.000466916  4.31142
-0.00243847  0.000459672  4.21706
-0.00237233  0.000451921  4.14305
-0.00230188  0.000444112  4.05726
-0.00222935  0.000435528  3.9707
-0.00216978  0.000428987  3.89239
-0.00209532  0.000421701  3.78305
-0.00201936  0.000414662  3.66409
-0.00194101  0.000407868  3.53302
-0.00185996  0.000401272  3.38911
-0.00177244  0.000395176  3.21994
-0.00168852  0.000388935  3.05584
-0.00159241  0.000382747  2.85412
-0.00150735  0.000377207  2.67055
-0.00141106  0.000371836  2.45018
-0.00131314  0.000366698  2.21747
-0.00121415  0.000361593  1.97501
-0.00111086  0.000356707  1.7125
-0.00100637  0.000352171  1.43786
-0.000899016  0.000347641  1.14778
-0.000788341  0.000343463  0.839511
-0.000673668  0.000339902  0.510936
-0.000549031  0.00033683  0.145565
-0.000418246  0.000334449  -0.244443
-0.000272829  0.000332863  -0.682475
-0.000117442  0.000332386  -1.15095
