-0.003971  0.00164852  2.10552
-0.00393353  0.0013941  2.4629
-0.00391096  0.00127397  2.67744
-0.00388095  0.00115278  2.93287
-0.00383994  0.00105068  3.17884
-0.00378977  0.000955531  3.44287
-0.00373417  0.000873896  3.70086
-0.00368078  0.000788036  4.03634
-0.00361155  0.000729757  4.26381
-0.00353318  0.000693588  4.37317
-0.00346294  0.00062662  4.72845
-0.00337082  0.000600609  4.77984
-0.00328702  0.000591858  4.70893
-0.00323968  0.000582979  4.69945
-0.00319061  0.000573263  4.6935
-0.00313672  0.000562346  4.68878
-0.00308593  0.000553252  4.67406
-0.00303471  0.000543046  4.66758
-0.00297508  0.00053248  4.6482
-0.00292456  0.000524072  4.62639
-0.00286405  0.0005144  4.59574
-0.00279346  0.000505396  4.53794
-0.00273777  0.000494998  4.52076
-0.00267847  0.000487272  4.47074
-0.00260871  0.000478573  4.40625
-0.00253835  0.000470188  4.33518
-0.00246742  0.000461524  4.26287
-0.00239504  0.000453548  4.17825
-0.00231806  0.00044541  4.08178
-0.00224221  0.000437675  3.98059
-0.00217245  0.000429454  3.89436
-0.00210438  0.000422427  3.798
-0.0020001  0.000413992  3.6235
-0.00191979  0.0004065  3.49271
-0.00183611  0.000399327  3.34591
-0.00176197  0.000393866  3.20407
-0.00165603  0.000386592  2.9903
-0.00155306  0.000380306  2.76898
-0.00144963  0.000374474  2.5359
-0.00135277  0.000368432  2.31459
-0.00125582  0.000363437  2.07964
-0.00113363  0.000357851  1.77065
-0.00102308  0.000352847  1.48245
-0.000907704  0.000347743  1.17243
-0.000800732  0.000344192  0.873733
-0.000667187  0.000339854  0.491939
-0.000524164  0.00033632  0.0718479
-0.00038115  0.000333954  -0.355887
-0.000240128  0.000332757  -0.780966
-4.77216e-05  0.000332426  -1.36054
