-0.003971  0.00164852  2.10552
-0.00395437  0.00152716  2.26195
-0.00393633  0.00141114  2.43514
-0.00391579  0.00129759  2.6324
-0.00389067  0.00118918  2.85127
-0.00385921  0.00109318  3.07288
-0.00381929  0.00101599  3.26704
-0.00377161  0.000927943  3.52566
-0.00372654  0.000855362  3.77213
-0.00367732  0.000795106  3.99609
-0.00362567  0.000741298  4.21649
-0.00356371  0.000687382  4.45708
-0.00350057  0.000651299  4.60705
-0.00342233  0.000610509  4.78671
-0.00334371  0.000585988  4.85286
-0.00326151  0.000565079  4.88695
-0.00320404  0.000554008  4.88087
-0.00314625  0.000543703  4.86708
-0.00308507  0.000532497  4.85461
-0.003025  0.000523393  4.82429
-0.00296469  0.000513514  4.79966
-0.00289879  0.000503089  4.76812
-0.00283273  0.000493254  4.72927
-0.00277651  0.000483403  4.70933
-0.00270862  0.000473728  4.66221
-0.00263119  0.00046371  4.59595
-0.00255709  0.000455074  4.52035
-0.00248406  0.000445221  4.45635
-0.00241348  0.000436777  4.3809
-0.0023321  0.000426995  4.29068
-0.00225516  0.000418888  4.19005
-0.00216706  0.000410707  4.05899
-0.00208817  0.000402421  3.94654
-0.00199947  0.000393778  3.80791
-0.00191251  0.00038633  3.65622
-0.00181656  0.000378621  3.47726
-0.00173269  0.000371863  3.3149
-0.00161659  0.000364066  3.06698
-0.00152231  0.000357946  2.85605
-0.00141996  0.000351748  2.61539
-0.00130049  0.00034464  2.32268
-0.00118027  0.000338039  2.0124
-0.00106264  0.000333043  1.68939
-0.000948851  0.000327134  1.37207
-0.00081855  0.000322336  0.988253
-0.000699415  0.000318072  0.626951
-0.000541795  0.000314379  0.132946
-0.00042141  0.000311031  -0.252675
-0.00028198  0.00030906  -0.705429
-7.44761e-05  0.000307456  -1.38402
