-0.003971  0.00164852  2.10552
-0.0039549  0.00153519  2.25047
-0.00393757  0.00141985  2.42107
-0.00391789  0.00131289  2.60333
-0.00389257  0.0012  2.82714
-0.00386265  0.00111602  3.01308
-0.00382335  0.00103266  3.21823
-0.0037821  0.00095714  3.42907
-0.00373442  0.000881477  3.66932
-0.0036887  0.000815566  3.9098
-0.00363318  0.00075853  4.1306
-0.00357367  0.000698388  4.4011
-0.00350795  0.000652286  4.61139
-0.00343807  0.000619999  4.73884
-0.00336046  0.000592837  4.82504
-0.0032819  0.000571758  4.86552
-0.00319291  0.000551775  4.88044
-0.00313663  0.000540507  4.87806
-0.00307799  0.000531102  4.85405
-0.00301384  0.000520841  4.8265
-0.00295135  0.000510158  4.80508
-0.00289115  0.000501461  4.76837
-0.0028181  0.000490661  4.72444
-0.00276034  0.000481903  4.69046
-0.0026915  0.000471818  4.64481
-0.00262123  0.000463299  4.57852
-0.00254929  0.000453871  4.51513
-0.00247632  0.000444411  4.44706
-0.00240787  0.000435994  4.37591
-0.00232522  0.000427081  4.27371
-0.00225116  0.000418597  4.18341
-0.00216089  0.00040981  4.05283
-0.00207397  0.000401588  3.91937
-0.00198518  0.000393223  3.77695
-0.00189927  0.000385627  3.62857
-0.00180111  0.000378495  3.43761
-0.00170615  0.000371359  3.24793
-0.00161042  0.000364168  3.04921
-0.00151223  0.000357264  2.83328
-0.00141017  0.000350657  2.59561
-0.00130182  0.000344216  2.32941
-0.00118197  0.000338571  2.01425
-0.001075  0.000332328  1.73021
-0.000960776  0.000327103  1.40866
-0.000836962  0.000322324  1.04541
-0.00069781  0.000318306  0.621446
-0.000577953  0.000314408  0.247934
-0.000448138  0.000311082  -0.166716
-0.00025789  0.000308563  -0.784637
-5.85328e-05  0.000306963  -1.43818
