-0.003971  0.00164852  2.10552
-0.0039545  0.00152822  2.26048
-0.00393336  0.0013931  2.46455
-0.00391096  0.00127449  2.67635
-0.00389148  0.00119052  2.84873
-0.00385284  0.00108507  3.08998
-0.00378631  0.0010031  3.27614
-0.00375596  0.000911742  3.57114
-0.00371945  0.00085165  3.78025
-0.00364378  0.000762438  4.12332
-0.00358888  0.000709371  4.35438
-0.00352992  0.000667579  4.53867
-0.00344889  0.000629004  4.68819
-0.0033568  0.000601248  4.75145
-0.00324157  0.000576591  4.75479
-0.00315627  0.000550463  4.82552
-0.00308964  0.00053963  4.79892
-0.00303194  0.000530865  4.76946
-0.00297436  0.000519893  4.75937
-0.00291685  0.000508924  4.74893
-0.00284651  0.000502038  4.67397
-0.00280447  0.000494271  4.66236
-0.00273934  0.000484246  4.62439
-0.00266415  0.0004747  4.55897
-0.00259736  0.000465171  4.50879
-0.00254002  0.00045646  4.46923
-0.00244903  0.000446957  4.36066
-0.00237219  0.000437426  4.28002
-0.00229388  0.000429565  4.17604
-0.00223931  0.000422057  4.12105
-0.00215572  0.000413945  3.99987
-0.0020755  0.000405413  3.88616
-0.00200192  0.000399593  3.75864
-0.0019384  0.000391814  3.67114
-0.00182336  0.000383414  3.45151
-0.00172607  0.000375456  3.26553
-0.00164521  0.000369001  3.10354
-0.00155484  0.000361425  2.91857
-0.0014505  0.000356007  2.66987
-0.00133585  0.000349634  2.39064
-0.00124147  0.00034351  2.15853
-0.00112749  0.000337604  1.85866
-0.0010232  0.000333137  1.57053
-0.000901228  0.000327673  1.22448
-0.000787725  0.000323619  0.889084
-0.000695932  0.000320567  0.611205
-0.000503893  0.000315478  0.0123397
-0.000402201  0.000312514  -0.312942
-0.000196755  0.000310216  -0.97753
-2.83778e-05  0.000309171  -1.52544
