-0.003971  0.00164852  2.10552
-0.00395396  0.00152429  2.26594
-0.00393548  0.00140562  2.4441
-0.00391466  0.00129194  2.64305
-0.00388967  0.00118346  2.8642
-0.00385688  0.00108828  3.08456
-0.00381916  0.00100817  3.29226
-0.00377468  0.000924906  3.54056
-0.00372846  0.000851674  3.79072
-0.00367742  0.000791051  4.0167
-0.00361472  0.000741164  4.20247
-0.00354475  0.000708681  4.29636
-0.00349387  0.000642167  4.66213
-0.00341752  0.000629856  4.63205
-0.00334011  0.000597989  4.74943
-0.00326376  0.000588856  4.69344
-0.00321244  0.000577183  4.69944
-0.00316203  0.000567468  4.69107
-0.00310833  0.000556943  4.6833
-0.00304998  0.000546553  4.66558
-0.00299284  0.000536023  4.65063
-0.00293459  0.000525764  4.63057
-0.0028711  0.000516021  4.59497
-0.0028124  0.000505804  4.57173
-0.0027432  0.000496391  4.51902
-0.00267425  0.000487061  4.46402
-0.00259848  0.000478294  4.38744
-0.00252824  0.000468763  4.32679
-0.00245453  0.000460054  4.24848
-0.00237578  0.000451824  4.15157
-0.00229611  0.000443035  4.05409
-0.0022173  0.000434163  3.95543
-0.00213901  0.000426106  3.84647
-0.00205299  0.000417797  3.7171
-0.001966  0.000410135  3.57444
-0.001875  0.000402682  3.41461
-0.00177984  0.000395534  3.23572
-0.00168441  0.000388383  3.04959
-0.00159793  0.000382942  2.86709
-0.00147822  0.000375405  2.60576
-0.00136558  0.000369291  2.3439
-0.00125404  0.000363872  2.07227
-0.00114116  0.000358206  1.78992
-0.00101362  0.000353758  1.45189
-0.000900976  0.000348074  1.15199
-0.000779371  0.000343092  0.814275
-0.000646256  0.000339303  0.431049
-0.000532411  0.000337475  0.0960407
-0.000431135  0.000334656  -0.205779
-0.00018515  0.000332446  -0.947071
