-0.010865  0.0047755  2.17045
-0.0107785  0.00461404  2.22765
-0.010692  0.00445547  2.28752
-0.0106033  0.00430114  2.34899
-0.0105125  0.00414898  2.41324
-0.0104197  0.00399641  2.48215
-0.0103192  0.00384208  2.5557
-0.0102198  0.00369554  2.63014
-0.0101161  0.00355086  2.70811
-0.0100079  0.0034092  2.78889
-0.00989573  0.00326775  2.87529
-0.00978653  0.00313353  2.9636
-0.00967149  0.00299688  3.06035
-0.00955138  0.00286283  3.16168
-0.00942994  0.00272656  3.27517
-0.00930936  0.00259846  3.39022
-0.0091801  0.00247071  3.5132
-0.00904987  0.00234353  3.64829
-0.00891567  0.00222045  3.79008
-0.00878027  0.00210204  3.93915
-0.00864296  0.00199081  4.09027
-0.00849359  0.00187487  4.26355
-0.0083398  0.00176635  4.43842
-0.00818284  0.00166577  4.6122
-0.00802185  0.00156469  4.80726
-0.00785636  0.00147076  5.00176
-0.00767724  0.00138059  5.19867
-0.00749794  0.0012929  5.41259
-0.00730757  0.00121831  5.58771
-0.00711197  0.00114698  5.76468
-0.00689559  0.00108257  5.90779
-0.00667868  0.00102362  6.03609
-0.00646282  0.000970208  6.14592
-0.00623419  0.000920035  6.23258
-0.0059969  0.000872468  6.30041
-0.00576319  0.000830925  6.33413
-0.00563497  0.000812449  6.32036
-0.00550903  0.000793559  6.3121
-0.00536438  0.000775032  6.27636
-0.0052179  0.000758502  6.22002
-0.00505099  0.000741428  6.13814
-0.00487912  0.000728225  6.01341
-0.00469299  0.00071133  5.89458
-0.00448729  0.000697801  5.71409
-0.00427775  0.000685569  5.51039
-0.00401348  0.000673359  5.21784
-0.00376984  0.000664939  4.91751
-0.00354162  0.000654711  4.64575
-0.00317032  0.000647662  4.12302
-0.00280012  0.000644348  3.56968
