-0.003971  0.00164852  2.10552
-0.00395322  0.00152031  2.2714
-0.00393323  0.00140344  2.44631
-0.00390762  0.00127888  2.66453
-0.00388308  0.00118641  2.85154
-0.00384657  0.00110695  3.02322
-0.00379609  0.000988982  3.33281
-0.00375052  0.000932282  3.48663
-0.00370721  0.000857197  3.74151
-0.00365791  0.000795347  3.97047
-0.00359559  0.000734353  4.2154
-0.0035549  0.00070969  4.30455
-0.00345959  0.00063557  4.65659
-0.00338976  0.000629852  4.588
-0.00333171  0.000596716  4.74549
-0.00323652  0.000564343  4.84904
-0.00316254  0.000551531  4.82755
-0.0031186  0.000545698  4.79863
-0.0030424  0.000533295  4.76734
-0.00298835  0.000522353  4.76373
-0.00292243  0.000511345  4.73738
-0.00286372  0.000501885  4.70968
-0.00279564  0.000489473  4.69003
-0.0027246  0.000482012  4.61524
-0.00266984  0.000473937  4.57833
-0.00260745  0.00046415  4.54045
-0.00253967  0.000455917  4.47378
-0.00244647  0.000444609  4.37793
-0.00237428  0.000435934  4.29946
-0.00231263  0.000428788  4.22734
-0.00224158  0.000420853  4.13821
-0.0021383  0.000411942  3.97702
-0.0020324  0.00040033  3.82783
-0.00196805  0.000394308  3.72311
-0.00185848  0.000384813  3.53024
-0.00177013  0.000377339  3.36601
-0.00167818  0.000370417  3.18068
-0.00157116  0.000361667  2.96174
-0.00149074  0.000356742  2.77719
-0.00138326  0.000350369  2.52093
-0.00125693  0.00034314  2.20591
-0.00116693  0.000338024  1.97304
-0.00105198  0.000332063  1.66229
-0.000906041  0.000326243  1.2446
-0.000801124  0.000322651  0.933281
-0.000648117  0.000318253  0.465405
-0.000516428  0.000314073  0.0523072
-0.000365951  0.000310892  -0.431178
-0.000200867  0.000308989  -0.9681
-1.57348e-05  0.000308368  -1.57041
