-0.010865  0.0047755  2.17045
-0.0107799  0.00461525  2.22738
-0.0106928  0.00445764  2.2866
-0.0106023  0.00429851  2.35018
-0.0105109  0.00414446  2.41549
-0.0104155  0.00399059  2.48471
-0.0103185  0.00384056  2.55654
-0.0102196  0.00369451  2.63081
-0.0101097  0.00354275  2.71249
-0.0100004  0.0033979  2.79596
-0.00988688  0.00326544  2.87462
-0.00977717  0.00312446  2.96921
-0.00966263  0.00298386  3.07074
-0.00954633  0.002849  3.17527
-0.00942591  0.00271555  3.28696
-0.00930067  0.00258443  3.40527
-0.00917254  0.00245494  3.53269
-0.00904463  0.00233209  3.66394
-0.00891118  0.0022101  3.80579
-0.00877047  0.0020894  3.95829
-0.00862761  0.00197542  4.11438
-0.00847724  0.00186402  4.27959
-0.00832538  0.00175391  4.46168
-0.00816127  0.00165165  4.63855
-0.00800154  0.001547  4.8491
-0.00783396  0.00145349  5.04575
-0.00765889  0.00136531  5.24344
-0.0074661  0.00127797  5.4509
-0.00727036  0.00120575  5.61504
-0.00706308  0.0011321  5.79724
-0.00686625  0.00107041  5.94746
-0.00663677  0.00101539  6.04379
-0.00642396  0.00095803  6.18348
-0.00618222  0.000909445  6.24801
-0.00595276  0.000861217  6.33146
-0.00570899  0.000819876  6.35339
-0.00557614  0.000800889  6.33813
-0.00544371  0.000785496  6.29375
-0.00531008  0.000767548  6.26681
-0.00517792  0.00075216  6.21932
-0.00500502  0.000737398  6.10934
-0.00482934  0.000720995  6.00467
-0.00465473  0.000708227  5.86639
-0.00447048  0.0006942  5.71951
-0.00429228  0.000682955  5.55274
-0.00404439  0.000671041  5.28193
-0.00378808  0.000661215  4.97279
-0.00353337  0.000653451  4.64207
-0.00322212  0.000647156  4.20629
-0.00285534  0.000643596  3.65966
