-0.0039708  0.00164844  2.10551
-0.0039523  0.00152984  2.25663
-0.00392542  0.0014198  2.4126
-0.00390236  0.00130222  2.61274
-0.00386922  0.00121668  2.7692
-0.00383792  0.00111819  2.98511
-0.00379901  0.00102387  3.22208
-0.00375676  0.000963424  3.3804
-0.00369885  0.000887831  3.60299
-0.00365471  0.000809688  3.8962
-0.00359217  0.000762446  4.0556
-0.0035365  0.000707511  4.2918
-0.00347107  0.000663283  4.47934
-0.00339789  0.000629261  4.60523
-0.00330745  0.000595685  4.71297
-0.00322722  0.000570806  4.77784
-0.00315811  0.000555132  4.78826
-0.00311412  0.00054643  4.784
-0.00305988  0.000535349  4.78171
-0.00298977  0.000525804  4.73517
-0.00293984  0.00051551  4.73286
-0.0028689  0.000505697  4.68442
-0.00280465  0.000495355  4.65253
-0.00273877  0.000485204  4.61408
-0.00267484  0.000476248  4.56661
-0.00260286  0.000467322  4.4998
-0.00254132  0.000457153  4.46528
-0.00246128  0.0004486  4.372
-0.00239868  0.000439297  4.32209
-0.0023115  0.000428759  4.22498
-0.00223049  0.000420922  4.11118
-0.00215772  0.000413121  4.01268
-0.00207788  0.000405296  3.89316
-0.0019805  0.000397388  3.72558
-0.00188693  0.000389595  3.55991
-0.00180325  0.000382112  3.41064
-0.00171518  0.000374175  3.24762
-0.00161672  0.000366326  3.04845
-0.00151147  0.000360153  2.80843
-0.00142014  0.000353414  2.60357
-0.00131867  0.000347329  2.35706
-0.00120938  0.000341979  2.07435
-0.00106915  0.000335996  1.69391
-0.000953354  0.000330387  1.37219
-0.000841231  0.000326198  1.04609
-0.000711633  0.000321851  0.657551
-0.000574673  0.000317969  0.234843
-0.000397518  0.000315106  -0.325231
-0.000253356  0.000312828  -0.788434
-8.15733e-05  0.000311403  -1.34368
