-0.00351668  0.000653703  4.61475
-0.00351086  0.000650497  4.62856
-0.00350522  0.000648067  4.6372
-0.00350321  0.00064676  4.64347
-0.00348112  0.000643734  4.63098
-0.00347878  0.00063697  4.67649
-0.00347878  0.00063697  4.67649
-0.00347459  0.00063514  4.68335
-0.00346935  0.000632594  4.69392
-0.00346229  0.000629112  4.70869
-0.00345637  0.000627031  4.71487
-0.00345213  0.000625983  4.71599
-0.0034368  0.000625818  4.69274
-0.00342611  0.000621645  4.70704
-0.00342391  0.000619364  4.72082
-0.00340883  0.000614658  4.73244
-0.00340883  0.000614658  4.73244
-0.00339974  0.000613389  4.7274
-0.00339482  0.000611296  4.73554
-0.00338297  0.000609094  4.73321
-0.00337478  0.000606951  4.73642
-0.00336905  0.000605152  4.74104
-0.00335552  0.000602884  4.73644
-0.00335052  0.000600635  4.74584
-0.00334362  0.000598742  4.74932
-0.00323844  0.000583128  4.69613
-0.00316443  0.000567915  4.69159
-0.00308004  0.000556434  4.63674
-0.00299506  0.000541827  4.6049
-0.00292561  0.000527137  4.60149
-0.00283031  0.000512733  4.54489
-0.00274404  0.000498467  4.50188
-0.00262397  0.000486613  4.36481
-0.00251835  0.000472379  4.27274
-0.00241733  0.00045984  4.16956
-0.00232181  0.000447497  4.07112
-0.00219638  0.000434134  3.90752
-0.00209194  0.000422975  3.76368
-0.00196038  0.000412553  3.53986
-0.00183624  0.000404353  3.30464
-0.00168767  0.000391898  3.03056
-0.00156564  0.000382365  2.78697
-0.00142832  0.000371396  2.49955
-0.00128794  0.000366387  2.15057
-0.00109594  0.000356541  1.67145
-0.000940058  0.000349074  1.26064
-0.000728032  0.000341545  0.667647
-0.000544837  0.00033672  0.133157
-0.000323224  0.000333314  -0.530358
-6.37416e-05  0.000332547  -1.31187
