-0.003971  0.00164852  2.10552
-0.0039531  0.00152966  2.25743
-0.00393314  0.00141616  2.42427
-0.00390917  0.0012962  2.63012
-0.00388029  0.00118513  2.85225
-0.00384837  0.00109393  3.06088
-0.00380379  0.00101201  3.26458
-0.00375931  0.000925373  3.52216
-0.00370776  0.000847125  3.78664
-0.00365404  0.000794629  3.96919
-0.00358923  0.000725107  4.26037
-0.00353018  0.000670939  4.51632
-0.00345609  0.000627869  4.70814
-0.0034176  0.000611896  4.76813
-0.00331642  0.000580845  4.84883
-0.00321905  0.000557051  4.88115
-0.00315498  0.000547453  4.84969
-0.00310074  0.000537706  4.83673
-0.00303892  0.000527892  4.80954
-0.00296148  0.000514895  4.78054
-0.00291215  0.000505848  4.76853
-0.00285265  0.000498258  4.72175
-0.00277876  0.000488242  4.66729
-0.00271208  0.000477716  4.63053
-0.00263745  0.00046779  4.56926
-0.0025745  0.000459651  4.51321
-0.00251395  0.000450546  4.47001
-0.00243581  0.000442857  4.37119
-0.00234949  0.000430171  4.29943
-0.00227563  0.000423458  4.19316
-0.00219986  0.000414582  4.10018
-0.00211177  0.000405712  3.97269
-0.00201958  0.000399132  3.80721
-0.00193453  0.000389909  3.67915
-0.00184446  0.000385039  3.49174
-0.00176054  0.000375836  3.35397
-0.00166008  0.000368882  3.14485
-0.00156246  0.000360866  2.94419
-0.00147124  0.000355299  2.73358
-0.00135092  0.000348197  2.44379
-0.00125673  0.000343299  2.2043
-0.00114032  0.000336855  1.90087
-0.0010226  0.000331047  1.57861
-0.000894231  0.000325452  1.21133
-0.000764833  0.000321201  0.82451
-0.000633192  0.000317197  0.419904
-0.000508654  0.00031322  0.0276295
-0.000336953  0.000310133  -0.525733
-0.000241011  0.000308864  -0.838523
1.17738e-05  0.000308324  -1.65986
