-0.00397098  0.00164852  2.10552
-0.00395409  0.00153731  2.24684
-0.00393343  0.00142513  2.40921
-0.00391051  0.00132034  2.58304
-0.00388375  0.00122128  2.77066
-0.00385471  0.00113126  2.96545
-0.00381561  0.00104961  3.1589
-0.00377581  0.000968989  3.38065
-0.00373268  0.000894028  3.61585
-0.00368672  0.000825996  3.85804
-0.00363319  0.000758565  4.13042
-0.00357648  0.000708569  4.34182
-0.00351237  0.000662258  4.54864
-0.00344214  0.000627008  4.69236
-0.00337425  0.000600698  4.78486
-0.00328515  0.000578966  4.81055
-0.00319819  0.000557294  4.84159
-0.00313437  0.000546524  4.82023
-0.00308324  0.000536611  4.81399
-0.00301457  0.000525817  4.78222
-0.00296128  0.000516315  4.767
-0.00289781  0.000506043  4.73835
-0.00283456  0.000496073  4.70609
-0.0027673  0.000486516  4.66029
-0.00269422  0.000476465  4.6052
-0.00262903  0.000467003  4.55893
-0.0025547  0.000456976  4.49631
-0.00247859  0.000447135  4.42504
-0.00240155  0.000438347  4.338
-0.00233372  0.000430211  4.26238
-0.00225192  0.000421522  4.15618
-0.00216164  0.000412145  4.03168
-0.00209627  0.000404569  3.94559
-0.00199793  0.00039584  3.78417
-0.00190938  0.000388125  3.63126
-0.0018135  0.000380074  3.45591
-0.00172467  0.000372484  3.28785
-0.00162339  0.000365261  3.07558
-0.0015214  0.000359152  2.84392
-0.00140822  0.00035144  2.58427
-0.00130457  0.000345198  2.33076
-0.00118538  0.000338425  2.02521
-0.00107606  0.000332953  1.73016
-0.000954818  0.000327447  1.38898
-0.00081665  0.000322511  0.981825
-0.000684172  0.000318838  0.577635
-0.000536388  0.000315108  0.115477
-0.000383315  0.000311804  -0.374224
-0.000263267  0.000310312  -0.762888
-3.31917e-05  0.000309404  -1.50874
