-0.003971  0.00164852  2.10552
-0.00395131  0.00152686  2.2604
-0.00393047  0.00142027  2.41537
-0.0039119  0.0013033  2.6179
-0.00388166  0.00120001  2.81803
-0.00385065  0.00110131  3.04241
-0.00381067  0.00101025  3.27707
-0.00376799  0.000935214  3.49437
-0.00372302  0.000859736  3.74885
-0.00366965  0.000791301  4.00562
-0.00361022  0.000732445  4.24636
-0.00354589  0.000683342  4.45735
-0.00347812  0.000638275  4.66589
-0.00340384  0.000603966  4.80795
-0.00332328  0.000581761  4.85299
-0.00323654  0.000561582  4.87291
-0.0031788  0.000551432  4.8579
-0.00311913  0.000540973  4.84151
-0.00306072  0.000530678  4.82537
-0.00299651  0.00052102  4.79158
-0.00293944  0.000510046  4.78279
-0.00287554  0.000500351  4.74776
-0.00281623  0.000491089  4.71651
-0.00274242  0.000480913  4.66284
-0.00267054  0.000470952  4.60883
-0.00260843  0.000461797  4.56569
-0.00253558  0.000452833  4.49521
-0.00245966  0.000442959  4.42403
-0.00238555  0.000435103  4.33358
-0.00231185  0.00042553  4.25788
-0.002223  0.000416835  4.13353
-0.00214916  0.000408882  4.03335
-0.002067  0.000400968  3.90804
-0.00197451  0.000392874  3.75314
-0.00188624  0.00038455  3.60484
-0.00178876  0.000377137  3.4172
-0.00169886  0.000369685  3.24293
-0.00158892  0.00036218  3.00657
-0.00150082  0.000355562  2.81476
-0.00139383  0.000349495  2.55748
-0.00128215  0.00034298  2.28046
-0.00117699  0.000337221  2.00755
-0.00104098  0.000331349  1.63266
-0.000914733  0.000326326  1.27092
-0.000789823  0.000321286  0.902071
-0.000648941  0.000317389  0.469269
-0.000568117  0.000316738  0.215058
-0.000568117  0.000316738  0.215058
-0.000220822  0.000309324  -0.902541
-0.000109742  0.000308682  -1.26427
