-0.003971  0.00164852  2.10552
-0.00395397  0.00152861  2.25954
-0.00393231  0.0014007  2.45043
-0.00391222  0.00129499  2.63493
-0.00388542  0.00119341  2.83676
-0.00385071  0.00109633  3.05631
-0.00381076  0.00100998  3.27804
-0.00376433  0.000929591  3.51158
-0.00371568  0.000859861  3.73976
-0.0036582  0.000787596  4.00992
-0.00361404  0.000730837  4.26093
-0.00354846  0.000676686  4.50499
-0.00347331  0.000634502  4.68605
-0.00339503  0.000601687  4.81153
-0.0033122  0.000581658  4.8348
-0.00322525  0.000558225  4.88199
-0.00317144  0.000548193  4.87318
-0.00311396  0.000538234  4.85655
-0.00305273  0.000527659  4.83784
-0.00298843  0.000517509  4.80847
-0.00293354  0.000508135  4.78916
-0.00287037  0.00049739  4.76562
-0.00280868  0.000488306  4.72793
-0.00274226  0.000478282  4.68816
-0.00268384  0.000470174  4.64474
-0.00260334  0.000459725  4.5752
-0.00254277  0.000451603  4.52339
-0.00247436  0.000442951  4.4573
-0.00239827  0.000434201  4.37186
-0.00232066  0.00042574  4.27647
-0.00224234  0.000417515  4.17312
-0.00216321  0.000409034  4.06619
-0.00207961  0.000400775  3.94139
-0.00198889  0.000392631  3.79207
-0.00189954  0.0003849  3.6361
-0.00181998  0.000378405  3.48828
-0.00171684  0.000370956  3.28027
-0.00162714  0.000364207  3.09477
-0.00152235  0.000357322  2.86116
-0.00141995  0.000350123  2.62751
-0.00131645  0.000344382  2.37076
-0.00121733  0.000339142  2.11514
-0.00110154  0.000333009  1.80636
-0.000976771  0.000327533  1.45564
-0.000852076  0.000323101  1.08968
-0.000746868  0.000318816  0.774327
-0.000588202  0.000314579  0.280382
-0.000482429  0.000311658  -0.0563781
-0.000321118  0.000309128  -0.578665
-0.000145985  0.000306998  -1.15315
