-0.003971  0.00164852  2.10552
-0.00395308  0.0015274  2.26076
-0.00393478  0.00141721  2.42362
-0.00390647  0.00128501  2.65092
-0.00388033  0.0011856  2.85116
-0.00384501  0.00111335  3.00445
-0.00380866  0.00102853  3.21688
-0.00376126  0.000940681  3.46692
-0.00370177  0.000852794  3.75445
-0.0036625  0.000809771  3.90542
-0.00357856  0.000713785  4.313
-0.00352805  0.000699071  4.33154
-0.00345164  0.000641321  4.60244
-0.00338565  0.000613541  4.70327
-0.00330247  0.000585487  4.78656
-0.00321042  0.000561417  4.82782
-0.00314575  0.000549336  4.81626
-0.00309838  0.000541274  4.8005
-0.0030392  0.000531517  4.77728
-0.00297432  0.000523505  4.72645
-0.00291969  0.000511855  4.7273
-0.00285141  0.000501688  4.687
-0.0028082  0.000494164  4.67092
-0.00272991  0.00048108  4.63521
-0.00268152  0.000474261  4.59982
-0.00260286  0.000466872  4.50414
-0.00254029  0.000455825  4.47602
-0.00246981  0.000449655  4.38072
-0.00239661  0.000437779  4.33235
-0.00232148  0.000429131  4.24458
-0.00224134  0.00042089  4.13728
-0.0021561  0.000412158  4.01813
-0.00208834  0.000404711  3.92463
-0.00201228  0.000397789  3.8017
-0.00191619  0.000390942  3.6225
-0.00184852  0.000384757  3.50486
-0.00174461  0.000375805  3.31184
-0.00166597  0.000369917  3.15199
-0.00156839  0.000363664  2.93785
-0.00146999  0.000356061  2.72422
-0.00136519  0.000351864  2.45888
-0.00125588  0.00034448  2.19425
-0.00112005  0.000337232  1.83864
-0.00106448  0.000333486  1.69266
-0.000944036  0.000328805  1.35045
-0.000650747  0.000322137  0.467959
-0.00054902  0.000321544  0.152452
-0.000401014  0.000315435  -0.313808
-0.000252467  0.00031379  -0.78885
-6.08845e-05  0.000312469  -1.40531
