-0.003971  0.00164852  2.10552
-0.00395389  0.00152386  2.26655
-0.003935  0.00140479  2.44521
-0.0039141  0.00129669  2.63294
-0.00388745  0.00118728  2.85312
-0.0038533  0.00109142  3.07242
-0.00380763  0.00100627  3.28701
-0.00376566  0.000928538  3.51699
-0.00372898  0.00087883  3.67418
-0.0036608  0.000786443  4.01911
-0.00361478  0.000733964  4.24378
-0.00355387  0.000679805  4.49227
-0.0034798  0.000637495  4.67423
-0.0033892  0.000604075  4.78285
-0.0033387  0.000591604  4.79831
-0.00322582  0.000558633  4.87945
-0.00314571  0.000543496  4.86794
-0.00306788  0.00053606  4.79029
-0.00304644  0.000530918  4.7963
-0.00297678  0.000517107  4.78969
-0.00290404  0.000509486  4.71856
-0.00283946  0.000495973  4.71692
-0.00278538  0.000488108  4.68213
-0.00269557  0.000475284  4.61949
-0.00265647  0.000469704  4.59113
-0.00259201  0.000460659  4.54135
-0.00251507  0.000451692  4.46115
-0.00242998  0.000442452  4.36202
-0.00234956  0.000432984  4.27166
-0.00226735  0.000422557  4.18252
-0.00222016  0.000417238  4.12272
-0.00213003  0.000409049  3.98492
-0.0020519  0.000400438  3.87551
-0.00196286  0.000392357  3.72838
-0.00187314  0.000385837  3.55887
-0.00178148  0.000376378  3.40477
-0.00166054  0.000368949  3.14553
-0.00159757  0.000362544  3.0274
-0.0014749  0.000353797  2.75555
-0.00137896  0.000348086  2.52513
-0.00124929  0.000340816  2.1985
-0.00116003  0.000336407  1.96199
-0.00105781  0.000331752  1.68142
-0.000936953  0.000325638  1.34184
-0.000792107  0.00032016  0.912376
-0.000655588  0.000316409  0.491731
-0.000510932  0.000313064  0.0349201
-0.000356863  0.000309519  -0.462448
-0.000231946  0.000307829  -0.870788
-1.04566e-05  0.000306671  -1.59632
