-0.003971  0.00164852  2.10552
-0.00396132  0.00157623  2.19595
-0.00395077  0.00150261  2.29651
-0.00393993  0.0014327  2.40102
-0.00392858  0.00136561  2.51066
-0.00391658  0.00130154  2.62503
-0.00390269  0.00123615  2.75264
-0.00388359  0.0011742  2.88162
-0.00387087  0.00112196  3.00445
-0.00384114  0.00107405  3.11078
-0.00381675  0.00102625  3.23191
-0.00379645  0.0009776  3.37199
-0.00378362  0.000950523  3.45454
-0.00374703  0.000883998  3.67312
-0.00372068  0.00084006  3.83387
-0.0036919  0.000801592  3.98196
-0.00365883  0.000769144  4.10694
-0.00362351  0.00073496  4.2499
-0.00358455  0.000706847  4.36382
-0.00356429  0.000685057  4.47304
-0.00350942  0.000671402  4.48229
-0.00348281  0.000637157  4.68144
-0.00343575  0.000621101  4.72669
-0.00338696  0.000610048  4.73235
-0.00334066  0.000598105  4.74943
-0.00324481  0.000584058  4.69956
-0.00317909  0.00057059  4.69531
-0.00309352  0.000554267  4.67919
-0.00302165  0.000541418  4.65749
-0.00293257  0.000525798  4.62643
-0.00284957  0.000511767  4.59109
-0.0027396  0.000495731  4.51778
-0.00266703  0.000485691  4.46175
-0.00256438  0.000472946  4.36494
-0.00243605  0.000458772  4.22008
-0.00232571  0.000446385  4.09
-0.00222035  0.000434391  3.96038
-0.00209708  0.000422967  3.77591
-0.00198548  0.000411707  3.6081
-0.00186917  0.000401923  3.40654
-0.00172157  0.000390855  3.12539
-0.00152111  0.000385861  2.64631
-0.00141093  0.000373546  2.4386
-0.00126948  0.000365691  2.10418
-0.00109532  0.000356296  1.67086
-0.0009372  0.000348823  1.25336
-0.000784951  0.000343343  0.82993
-0.000616297  0.000337677  0.344403
-0.000516072  0.000335167  0.0479526
-0.000123183  0.000331295  -1.1374
