-0.003971  0.00164852  2.10552
-0.00395615  0.0015395  2.24499
-0.00394035  0.00143795  2.39253
-0.00392164  0.00132768  2.57715
-0.00390197  0.00123302  2.75904
-0.00387725  0.00114368  2.95298
-0.00384482  0.00106682  3.13531
-0.0038061  0.000986544  3.35119
-0.00376282  0.000918689  3.5516
-0.0037177  0.000856131  3.75842
-0.00367662  0.00079039  4.01905
-0.00362786  0.000743424  4.20737
-0.00356966  0.000695887  4.41115
-0.00350637  0.000655273  4.58797
-0.00343702  0.000621735  4.72391
-0.00336845  0.000601377  4.76979
-0.00329111  0.000578055  4.82845
-0.00321433  0.00056083  4.83986
-0.00314281  0.000548437  4.81881
-0.00309776  0.000539126  4.81846
-0.003017  0.000528995  4.75808
-0.00296341  0.000516524  4.76921
-0.00289865  0.000505448  4.74559
-0.00282651  0.000496425  4.68653
-0.00275744  0.000486238  4.64267
-0.00269574  0.000477175  4.60153
-0.00260833  0.000464208  4.54178
-0.00254827  0.000455694  4.49482
-0.00246191  0.000448177  4.37755
-0.00238617  0.000436576  4.32038
-0.00230828  0.000427811  4.22681
-0.00222361  0.000420196  4.10192
-0.00213077  0.00040945  3.98284
-0.00204009  0.000401308  3.83766
-0.00195749  0.000393932  3.69986
-0.00184184  0.000384033  3.49408
-0.0017562  0.000377501  3.32768
-0.0016606  0.00037015  3.13549
-0.00154225  0.000362162  2.87787
-0.00143609  0.00035488  2.63776
-0.00136332  0.000349847  2.4677
-0.00124859  0.000344913  2.17037
-0.00116174  0.000339211  1.95083
-0.000956602  0.000329827  1.38437
-0.000826568  0.000324323  1.00692
-0.000764228  0.000322107  0.82031
-0.000764228  0.000322107  0.82031
-0.000464334  0.000313993  -0.113587
-0.000300736  0.000313417  -0.635777
-0.000113037  0.000309756  -1.24925
