-0.003971  0.00164852  2.10552
-0.00395551  0.00153532  2.25068
-0.00393482  0.0014116  2.43328
-0.00391417  0.00130491  2.6164
-0.00387974  0.00119806  2.82102
-0.00385223  0.00110061  3.0458
-0.00381438  0.00102028  3.24851
-0.00376945  0.000934746  3.49769
-0.00371727  0.000870551  3.69567
-0.00366551  0.000798006  3.96677
-0.00361251  0.000737858  4.2183
-0.00353685  0.000686217  4.4255
-0.00348174  0.000647052  4.60819
-0.00339892  0.000611443  4.74111
-0.00331465  0.000585969  4.8034
-0.00323207  0.000562565  4.85646
-0.00316212  0.000552036  4.82236
-0.0031074  0.000539867  4.82971
-0.00304057  0.000528691  4.8054
-0.0029894  0.000519639  4.79063
-0.00292719  0.000511796  4.74249
-0.00286351  0.000501375  4.71405
-0.00280363  0.00049232  4.67913
-0.00272621  0.000481571  4.62282
-0.00266849  0.000472538  4.58903
-0.0026007  0.000463186  4.53533
-0.00252029  0.00045467  4.44341
-0.00245317  0.00044575  4.38176
-0.00238899  0.000436242  4.33015
-0.00230811  0.000427752  4.22702
-0.00219779  0.000418757  4.05435
-0.00215042  0.000411051  4.01513
-0.00204588  0.00040211  3.84443
-0.0019746  0.000394769  3.73534
-0.00189112  0.000386885  3.59568
-0.00178511  0.000378419  3.39599
-0.00169797  0.000371489  3.22479
-0.00158525  0.000365586  2.96853
-0.00149657  0.000358057  2.78326
-0.00135754  0.000352391  2.4335
-0.0012887  0.000346513  2.27609
-0.00114965  0.000337682  1.92384
-0.00104491  0.000333561  1.63362
-0.000912433  0.000328711  1.2547
-0.000789366  0.000323697  0.893943
-0.000679947  0.000320384  0.56166
-0.000545694  0.000316305  0.144463
-0.000384363  0.000313549  -0.368801
-0.00024363  0.000311491  -0.823041
-1.07305e-05  0.00030975  -1.57956
