-0.003971  0.00164852  2.10552
-0.00395351  0.00152331  2.2671
-0.00393605  0.00141253  2.43255
-0.00391266  0.00129679  2.63163
-0.00388656  0.00118504  2.85775
-0.00385303  0.00109129  3.07253
-0.00380973  0.000996359  3.32183
-0.00377257  0.000935748  3.49727
-0.00371773  0.000854798  3.76432
-0.00366708  0.000785429  4.0323
-0.00360087  0.000726412  4.26875
-0.00355499  0.000702231  4.3504
-0.00347374  0.000668317  4.4496
-0.00339433  0.000617409  4.68787
-0.00331056  0.000585198  4.80275
-0.00323597  0.000561651  4.87129
-0.00315258  0.000547452  4.84532
-0.00309654  0.00053762  4.8297
-0.00306626  0.000531072  4.83221
-0.00300041  0.000520658  4.8024
-0.00292119  0.000507348  4.77225
-0.00287131  0.000499763  4.74488
-0.00282382  0.000492635  4.71713
-0.00273997  0.000480784  4.659
-0.00267145  0.000469806  4.62202
-0.00259734  0.000460085  4.55859
-0.00253193  0.000453608  4.47947
-0.00244816  0.000442253  4.40509
-0.00239387  0.000435441  4.34931
-0.00230759  0.000424692  4.25624
-0.00222579  0.000415937  4.14916
-0.00216002  0.000409481  4.05395
-0.00206062  0.000399355  3.90786
-0.0019915  0.00039325  3.79275
-0.00190126  0.000385701  3.63302
-0.00179188  0.000376191  3.43411
-0.00172223  0.000371028  3.29416
-0.00159766  0.000363637  3.01856
-0.00150921  0.000355849  2.83607
-0.00140068  0.000350452  2.57004
-0.00130707  0.000343966  2.34638
-0.00118027  0.000337616  2.01492
-0.00108052  0.000332396  1.74646
-0.000946159  0.000326844  1.36505
-0.00083048  0.000322465  1.02486
-0.000693244  0.00031781  0.608048
-0.000559879  0.000314027  0.19068
-0.000404449  0.000311028  -0.307209
-0.000265521  0.000308748  -0.75945
-6.45719e-05  0.000308634  -1.41082
