-0.003971  0.00164852  2.10552
-0.00395397  0.00152861  2.25954
-0.00393399  0.00141159  2.43271
-0.00391222  0.00129499  2.63493
-0.00388254  0.00118599  2.85209
-0.00384905  0.00109395  3.06143
-0.00380913  0.00101088  3.27351
-0.00376739  0.000925692  3.52968
-0.00371283  0.000850543  3.77739
-0.0036566  0.000786693  4.01249
-0.00359819  0.000723767  4.28064
-0.00353366  0.000668711  4.53658
-0.00346777  0.000631113  4.70245
-0.00338967  0.000598364  4.82928
-0.00330052  0.000575207  4.86872
-0.00320929  0.000554424  4.88668
-0.00314203  0.000543398  4.86205
-0.00309515  0.000534456  4.85569
-0.00303068  0.000523654  4.83273
-0.00297798  0.000514273  4.81842
-0.00291698  0.000504776  4.78823
-0.00284936  0.000495437  4.742
-0.00278725  0.000484971  4.71627
-0.00272419  0.000475826  4.67437
-0.00265973  0.000466342  4.63122
-0.00259327  0.000457582  4.57464
-0.00252726  0.000449317  4.51187
-0.00245151  0.000439721  4.43806
-0.00237727  0.000431292  4.35267
-0.00230325  0.000423174  4.26126
-0.00221912  0.000413856  4.15391
-0.00213955  0.000406684  4.0315
-0.00205181  0.000398144  3.89762
-0.00196996  0.000390492  3.76437
-0.00188695  0.000383173  3.61965
-0.00179272  0.000375835  3.43961
-0.00169746  0.000368427  3.2502
-0.00160428  0.00036187  3.0516
-0.00151592  0.00035523  2.8599
-0.00140629  0.0003488  2.59831
-0.00130718  0.000343045  2.353
-0.00119446  0.000336937  2.06111
-0.0010776  0.000332068  1.73939
-0.000955281  0.000325882  1.39708
-0.00083056  0.000320904  1.03009
-0.000701313  0.000316722  0.635613
-0.000567533  0.000313175  0.215639
-0.000434713  0.000310632  -0.210174
-0.000269037  0.000307833  -0.750288
-0.000106589  0.0003063  -1.2844
