-0.003971  0.00164852  2.10552
-0.00395272  0.00151582  2.27779
-0.00393491  0.00140224  2.4496
-0.00390723  0.00128774  2.6459
-0.00388428  0.0011838  2.85883
-0.003846  0.00107994  3.09834
-0.00380448  0.00099728  3.3135
-0.00375786  0.000907401  3.59032
-0.00372641  0.000855302  3.77225
-0.0036709  0.00078393  4.04487
-0.00360861  0.000718225  4.32817
-0.00354624  0.000669792  4.54804
-0.00346837  0.000628063  4.72623
-0.00339265  0.000606322  4.77082
-0.00331104  0.00057942  4.85148
-0.00325791  0.000568794  4.8487
-0.003192  0.000558426  4.82069
-0.00313657  0.000545856  4.83015
-0.0030728  0.000534953  4.8094
-0.00301336  0.00052677  4.77128
-0.0029608  0.000516002  4.76897
-0.00288207  0.000506679  4.70134
-0.00283226  0.00049653  4.6971
-0.00275848  0.000486353  4.6437
-0.00269875  0.000477807  4.60176
-0.00262631  0.000466183  4.56111
-0.00255566  0.000458783  4.48068
-0.00249175  0.000449883  4.42726
-0.00242085  0.000440386  4.36175
-0.00233371  0.000430981  4.25472
-0.00225663  0.000422514  4.15757
-0.00216919  0.000412554  4.04599
-0.00208709  0.000404437  3.9242
-0.00199259  0.000397789  3.75222
-0.00190888  0.000389544  3.61674
-0.00181832  0.000382329  3.44813
-0.00172545  0.000375332  3.26498
-0.00161847  0.000368305  3.0368
-0.00151937  0.000361256  2.82174
-0.00141113  0.00035497  2.56679
-0.0012995  0.000348772  2.29233
-0.00120533  0.000342353  2.06024
-0.00108351  0.000337022  1.73138
-0.000948862  0.000329989  1.36023
-0.00082308  0.000326828  0.98853
-0.000718283  0.000322222  0.677429
-0.00056572  0.000317771  0.206815
-0.000461602  0.000314643  -0.122036
-0.00025854  0.000312177  -0.773472
-9.44841e-05  0.000310733  -1.30503
