-0.010865  0.0047755  2.17045
-0.0107194  0.00450379  2.26907
-0.0106122  0.0043139  2.3441
-0.0104882  0.00410503  2.43315
-0.0103441  0.00387705  2.53908
-0.0101977  0.0036628  2.64762
-0.0100538  0.00346513  2.75712
-0.00987352  0.00323461  2.89789
-0.00972572  0.00305425  3.02061
-0.00955936  0.00286143  3.16602
-0.00938804  0.00269854  3.29365
-0.00923353  0.00252563  3.45796
-0.00900076  0.0023073  3.6843
-0.00876268  0.00210909  3.91765
-0.00858978  0.00198197  4.08168
-0.00831385  0.00181778  4.29857
-0.0080826  0.00169567  4.47174
-0.00788376  0.00159242  4.63682
-0.00752884  0.00139469  5.03972
-0.00735708  0.00132469  5.17637
-0.00700636  0.00122618  5.30621
-0.00677106  0.00116218  5.39595
-0.00642711  0.00108256  5.47511
-0.00615363  0.00101347  5.57848
-0.00570543  0.000921985  5.64589
-0.00563704  0.000913438  5.62386
-0.00558211  0.00090898  5.59101
-0.005523  0.000903273  5.56089
-0.00540914  0.000891784  5.50486
-0.0053416  0.00088357  5.47959
-0.00529066  0.000873857  5.4822
-0.00518605  0.000854704  5.48266
-0.00517321  0.000854006  5.47211
-0.00507791  0.000842771  5.43197
-0.00507791  0.000842771  5.43197
-0.00486326  0.000836452  5.21639
-0.00485903  0.000825657  5.27946
-0.00476738  0.000818047  5.21654
-0.00475577  0.000817331  5.20691
-0.00475577  0.000817331  5.20691
-0.00437411  0.000805355  4.81044
-0.00425134  0.000796732  4.70841
-0.00420407  0.000790245  4.68725
-0.00420407  0.000790245  4.68725
-0.00406203  0.000778461  4.57573
-0.00402014  0.000767881  4.58422
-0.00387945  0.000765028  4.41743
-0.003762  0.000761567  4.28327
-0.00366976  0.000753273  4.20798
-0.00357412  0.000748974  4.10444
