-0.00341257  0.000683211  4.26306
-0.00314582  0.000548493  4.82379
-0.00310611  0.000541013  4.81709
-0.00306475  0.000534059  4.80237
-0.00302821  0.000526094  4.80563
-0.00298475  0.000519148  4.78621
-0.00294305  0.000512728  4.76481
-0.00290581  0.000505496  4.75931
-0.00285659  0.000497003  4.7416
-0.00282146  0.00049129  4.72523
-0.00277064  0.000484782  4.68384
-0.00273107  0.000478163  4.66593
-0.00268212  0.000470619  4.63671
-0.00263733  0.000464675  4.59961
-0.00258518  0.000457464  4.55812
-0.00252915  0.00045009  4.50833
-0.0024848  0.000444467  4.46558
-0.00243162  0.000438476  4.40531
-0.00238368  0.000433675  4.34353
-0.0023269  0.000426439  4.28408
-0.00227164  0.00042051  4.21308
-0.00222241  0.000414799  4.15238
-0.00216166  0.000409176  4.06099
-0.00210434  0.000403374  3.97731
-0.00204745  0.000397857  3.88946
-0.0019809  0.000391909  3.77867
-0.00192826  0.000387209  3.6886
-0.00185376  0.000381023  3.55297
-0.00180598  0.000376838  3.46563
-0.00170685  0.000370205  3.25996
-0.00165893  0.000365325  3.17234
-0.00160117  0.000361439  3.04664
-0.00150526  0.000355485  2.82785
-0.00144108  0.000351423  2.6779
-0.00138158  0.000347605  2.53617
-0.001308  0.000343688  2.35098
-0.00123712  0.000339061  2.17402
-0.00115851  0.000335838  1.96079
-0.00104968  0.000330611  1.66262
-0.000993773  0.000328046  1.5052
-0.000884433  0.000323467  1.18847
-0.000824185  0.000321238  1.00917
-0.000680055  0.000316941  0.568103
-0.000606981  0.000314995  0.339626
-0.00049673  0.000312904  -0.0104508
-0.000390814  0.000309761  -0.352486
-0.000351541  0.000309008  -0.480439
-0.000182531  0.000307348  -1.03293
-5.59274e-05  0.000306473  -1.44898
-5.59274e-05  0.000306473  -1.44898
