-0.003971  0.00164852  2.10552
-0.00395418  0.00152581  2.26383
-0.00393198  0.00140171  2.44843
-0.00390548  0.00128385  2.65256
-0.00388362  0.00118917  2.84537
-0.0038546  0.00108785  3.08371
-0.00380065  0.0010125  3.2599
-0.00374966  0.000913939  3.55566
-0.00370281  0.000845737  3.787
-0.00364777  0.000787537  3.99698
-0.00358712  0.00072688  4.24708
-0.00352513  0.000673405  4.49229
-0.0034473  0.000637073  4.62632
-0.00336373  0.000601553  4.76056
-0.0032825  0.000578153  4.81274
-0.00318949  0.00055549  4.84165
-0.00313224  0.000545308  4.82706
-0.00306639  0.000534493  4.80155
-0.00300503  0.000527493  4.74893
-0.0029597  0.000516658  4.7608
-0.00289596  0.000505601  4.73884
-0.00282061  0.000497469  4.66483
-0.00276487  0.000486983  4.65082
-0.00269019  0.000479605  4.56665
-0.00262731  0.000469683  4.52924
-0.00255184  0.00046022  4.45839
-0.00248614  0.000451117  4.40271
-0.0024006  0.000444186  4.27884
-0.00233462  0.000435118  4.21637
-0.00224771  0.000425864  4.10392
-0.00217708  0.000418522  4.00715
-0.00209326  0.000409637  3.88944
-0.00201741  0.000402227  3.77253
-0.00192278  0.000395546  3.59701
-0.00184899  0.000389378  3.46446
-0.0017575  0.000379762  3.31128
-0.00167543  0.000374585  3.13797
-0.00156557  0.000366923  2.90406
-0.00146168  0.000360294  2.66916
-0.00134003  0.000353468  2.37653
-0.00127019  0.000347385  2.21711
-0.0011668  0.000341378  1.95326
-0.00103376  0.000334741  1.59453
-0.000927587  0.000331631  1.28935
-0.000819407  0.000325601  0.980976
-0.000663827  0.000320744  0.510771
-0.000570953  0.000319019  0.22241
-0.000463755  0.000315136  -0.115014
-0.000268577  0.000312318  -0.740985
-8.62253e-05  0.000311131  -1.3299
