-0.010865  0.0047755  2.17045
-0.0107795  0.00461498  2.22742
-0.010692  0.00445557  2.28747
-0.0106024  0.00429826  2.35036
-0.0105101  0.0041436  2.41579
-0.010415  0.00399131  2.48414
-0.0103165  0.00383823  2.55756
-0.0102152  0.00369005  2.6328
-0.0101094  0.00354535  2.71042
-0.0100002  0.00339962  2.79449
-0.00988874  0.00325949  2.88043
-0.00977538  0.00312077  2.97215
-0.00965935  0.00298313  3.07038
-0.00954164  0.00284846  3.17422
-0.00942175  0.00271389  3.28744
-0.00929851  0.00258488  3.40383
-0.00916993  0.00245673  3.52905
-0.00904035  0.00232989  3.66556
-0.00890244  0.00220524  3.81021
-0.00876785  0.00208893  3.95795
-0.00862129  0.00197095  4.12049
-0.00847221  0.00186078  4.28434
-0.00831725  0.00175151  4.46314
-0.00816146  0.00164821  4.64835
-0.00799385  0.00154692  4.84437
-0.00782523  0.0014532  5.04074
-0.00764859  0.00136301  5.24471
-0.00745638  0.00127417  5.45952
-0.00726915  0.00120365  5.62385
-0.00707553  0.00113509  5.79294
-0.00684895  0.00107088  5.92874
-0.00663286  0.00101128  6.06444
-0.00640989  0.000956989  6.17551
-0.00617772  0.000907679  6.2552
-0.00594166  0.000860868  6.32113
-0.00569859  0.000819001  6.34748
-0.00557559  0.000800747  6.33857
-0.00544908  0.000784035  6.31232
-0.00529991  0.000766936  6.25856
-0.00516347  0.000750739  6.21184
-0.00499757  0.000735597  6.11417
-0.00484067  0.000720861  6.02151
-0.00465257  0.000705474  5.88622
-0.00445455  0.000692726  5.70868
-0.00423234  0.000680841  5.48196
-0.00398785  0.000669385  5.21053
-0.00375149  0.000660309  4.9242
-0.00347797  0.000652153  4.56637
-0.00313551  0.000646498  4.0766
-0.00277041  0.000643051  3.53068
