-0.010865  0.0047755  2.17045
-0.0107796  0.00461424  2.22779
-0.0106916  0.00445598  2.28718
-0.0106002  0.004297  2.35053
-0.0105068  0.00414024  2.41696
-0.010413  0.00398971  2.48463
-0.0103146  0.00383674  2.55805
-0.0102121  0.0036864  2.63458
-0.0101073  0.00354164  2.71267
-0.00999534  0.00339977  2.79293
-0.0098866  0.0032565  2.88242
-0.00977093  0.00311663  2.97467
-0.00965818  0.00297938  3.07385
-0.00953886  0.00284193  3.18053
-0.00941953  0.00271037  3.29089
-0.00929439  0.00257801  3.4113
-0.00916925  0.00245161  3.53615
-0.00903478  0.0023234  3.67341
-0.00889924  0.00220371  3.8114
-0.0087586  0.00208126  3.96808
-0.0086131  0.00196367  4.1316
-0.00846604  0.00185355  4.29773
-0.00830735  0.0017427  4.48002
-0.00814925  0.00164054  4.66265
-0.00798691  0.00154143  4.85713
-0.00781383  0.00144431  5.06389
-0.00763667  0.0013546  5.26847
-0.00744739  0.00127038  5.46874
-0.00724949  0.00119545  5.64598
-0.0070503  0.00112579  5.81838
-0.00682912  0.00106336  5.95203
-0.00661731  0.00100653  6.07765
-0.00638165  0.0009508  6.186
-0.00615612  0.000901238  6.27594
-0.00592033  0.000856797  6.32627
-0.00567116  0.000814424  6.34947
-0.00554996  0.000797194  6.33467
-0.00542465  0.000780326  6.31102
-0.0052932  0.000764372  6.27077
-0.00514501  0.000748626  6.20472
-0.00500424  0.000734159  6.13524
-0.00482428  0.000719298  6.0118
-0.00465037  0.000705819  5.88022
-0.00447092  0.000694078  5.72114
-0.00422895  0.000681908  5.4684
-0.00402209  0.000670646  5.25178
-0.00378132  0.000661827  4.95798
-0.00349136  0.000654172  4.57274
-0.00318325  0.000647971  4.141
-0.00282387  0.000644244  3.60713
