-0.003971  0.00164852  2.10552
-0.00395658  0.0015906  2.17313
-0.00393888  0.00152517  2.25475
-0.00392208  0.00146851  2.3303
-0.00391696  0.00144773  2.36022
-0.00386376  0.00122082  2.75533
-0.00386376  0.00122082  2.75533
-0.00385989  0.00120817  2.78097
-0.00383644  0.00111831  2.98347
-0.00382677  0.00110692  3.00542
-0.00381187  0.00109529  3.02376
-0.00374921  0.00105047  3.0931
-0.00371081  0.00099725  3.21966
-0.00370728  0.000821918  3.90219
-0.00370728  0.000821918  3.90219
-0.00370728  0.000821918  3.90219
-0.00365779  0.000764578  4.1301
-0.00365779  0.000764578  4.1301
-0.00356996  0.00069295  4.43027
-0.00353953  0.000687531  4.42094
-0.00350135  0.000684251  4.38632
-0.00346316  0.000681868  4.34565
-0.00346316  0.000681868  4.34565
-0.00336053  0.00061615  4.64259
-0.00332125  0.000594842  4.74286
-0.00321325  0.000577227  4.70049
-0.00314375  0.000564434  4.68391
-0.00306164  0.000553608  4.62717
-0.002974  0.000532547  4.6456
-0.00290304  0.00052239  4.60008
-0.00283388  0.00050923  4.58316
-0.00272255  0.000495494  4.48552
-0.00264325  0.000484015  4.42806
-0.00253856  0.000471032  4.32786
-0.00243894  0.000458991  4.22436
-0.00232588  0.000447109  4.08376
-0.00223244  0.000438904  3.9472
-0.00211599  0.000423999  3.8113
-0.00199034  0.000412123  3.61625
-0.00185361  0.000402982  3.359
-0.00175366  0.000393082  3.18931
-0.0015874  0.00038234  2.84406
-0.00145724  0.000374987  2.55273
-0.00133502  0.000368627  2.26522
-0.00113709  0.000360541  1.76703
-0.000987118  0.000351201  1.38701
-0.000845185  0.000346175  0.99714
-0.000693936  0.000340532  0.569508
-0.000499314  0.000336942  -0.0020371
-0.000221759  0.000332683  -0.836354
