-0.003971  0.00164852  2.10552
-0.00395131  0.00152686  2.2604
-0.00393187  0.00141168  2.43105
-0.0039119  0.0013033  2.6179
-0.00388337  0.00119984  2.81985
-0.00385201  0.00109955  3.04852
-0.0038127  0.00101656  3.25873
-0.00376991  0.000934011  3.50093
-0.0037185  0.000851015  3.78196
-0.00366965  0.000791301  4.00562
-0.00361329  0.00073727  4.22273
-0.0035499  0.000682698  4.46743
-0.00347793  0.000641491  4.6422
-0.0034058  0.000605788  4.79673
-0.00332886  0.000589938  4.79517
-0.00324587  0.000562525  4.88134
-0.00317547  0.000553508  4.83366
-0.00312023  0.000543204  4.82366
-0.00306424  0.000532104  4.81906
-0.00300516  0.000521641  4.80245
-0.00294309  0.000511918  4.77242
-0.00287854  0.000502217  4.73608
-0.00281912  0.000491107  4.72223
-0.00275302  0.000483451  4.66028
-0.00269941  0.000473587  4.64414
-0.00260639  0.00046334  4.5461
-0.00254887  0.000454567  4.50729
-0.00248493  0.000446747  4.44308
-0.00240368  0.000436704  4.35919
-0.00232184  0.000428152  4.25513
-0.00224629  0.000418966  4.1681
-0.00216718  0.000410107  4.06523
-0.00209249  0.000402238  3.95906
-0.00200198  0.000395679  3.79597
-0.00192375  0.000388351  3.66615
-0.00182775  0.000379239  3.50108
-0.00172983  0.000371741  3.30829
-0.00163039  0.000364597  3.10038
-0.00153658  0.000358266  2.89332
-0.00142582  0.000351786  2.63176
-0.00132234  0.000345491  2.38021
-0.00121005  0.000339505  2.09142
-0.00110097  0.000333786  1.80047
-0.000977253  0.000328266  1.45386
-0.000874247  0.000324227  1.15428
-0.000728436  0.000319324  0.715374
-0.000603388  0.000316111  0.327062
-0.000442049  0.000312741  -0.185299
-0.000329233  0.000310575  -0.549842
-0.000129985  0.000308323  -1.20009
