-0.003971  0.00164852  2.10552
-0.00395474  0.0015297  2.25845
-0.00393548  0.00141003  2.43647
-0.00391579  0.00129759  2.6324
-0.00389024  0.00118723  2.85558
-0.0038547  0.00108324  3.09692
-0.00381989  0.00101385  3.27455
-0.00377193  0.000937805  3.48893
-0.00372866  0.000852357  3.78792
-0.00366804  0.000800329  3.95842
-0.00362332  0.000735746  4.24511
-0.00355169  0.000677889  4.50176
-0.00348443  0.000638103  4.67704
-0.00341562  0.000609444  4.78407
-0.00332709  0.000585011  4.83255
-0.00324424  0.000563798  4.86742
-0.00318952  0.000552967  4.86379
-0.00312667  0.000543305  4.83462
-0.00306278  0.000531252  4.82404
-0.00301657  0.000523009  4.81171
-0.00295321  0.000512888  4.78313
-0.0028926  0.000503313  4.75369
-0.00281686  0.00049283  4.70115
-0.00274724  0.000483409  4.64873
-0.00269145  0.00047362  4.62702
-0.002621  0.00046488  4.56247
-0.00253617  0.000455496  4.47021
-0.00246974  0.000445884  4.41761
-0.00238976  0.000436694  4.32742
-0.00230988  0.000428884  4.21996
-0.00223894  0.000420003  4.14031
-0.00215141  0.000411451  4.01363
-0.00205709  0.000403851  3.85561
-0.00199145  0.000395268  3.77325
-0.00188279  0.000388595  3.55844
-0.00179918  0.000380794  3.41176
-0.00169869  0.000373244  3.21154
-0.00159527  0.000365833  2.99391
-0.00149787  0.000358929  2.78013
-0.00141693  0.000352828  2.5988
-0.00128898  0.00034619  2.27903
-0.00117267  0.000340166  1.97749
-0.00105025  0.000334648  1.64426
-0.000955499  0.000329108  1.38404
-0.000815223  0.000324595  0.97113
-0.000725367  0.000320896  0.702306
-0.000528486  0.000316718  0.0899408
-0.000397087  0.000313677  -0.328086
-0.000220763  0.000311384  -0.896761
-4.45004e-05  0.000310491  -1.46703
