-0.003971  0.00164852  2.10552
-0.00395485  0.00153045  2.25741
-0.00393658  0.00142388  2.41353
-0.00391671  0.00132204  2.58443
-0.003892  0.00122872  2.76059
-0.00386495  0.00114261  2.94498
-0.00382025  0.00106881  3.10648
-0.00378755  0.000992536  3.31227
-0.00374602  0.000929915  3.49066
-0.00370386  0.000854857  3.74784
-0.00365926  0.000792695  3.98547
-0.00360664  0.000746888  4.15945
-0.00353885  0.00069783  4.35471
-0.00348271  0.000646517  4.6135
-0.00344088  0.000630318  4.66571
-0.00336789  0.000607075  4.72411
-0.00328239  0.000577122  4.82115
-0.00319186  0.000561959  4.79013
-0.00314414  0.000551792  4.79191
-0.00308979  0.000543232  4.76738
-0.00302841  0.000533871  4.73599
-0.00296474  0.000521651  4.72488
-0.00290035  0.000512364  4.68485
-0.00283063  0.00050106  4.65139
-0.00274794  0.000491226  4.57618
-0.00270405  0.000483577  4.5578
-0.00262263  0.000471442  4.50241
-0.00255175  0.000465859  4.40424
-0.0024794  0.000455691  4.34374
-0.00240821  0.000444927  4.28881
-0.00232044  0.000438309  4.15332
-0.00223465  0.000428276  4.05031
-0.00216354  0.00042067  3.95449
-0.0020723  0.000413165  3.8055
-0.00202632  0.000402446  3.7926
-0.00190766  0.000395537  3.55887
-0.00183854  0.000386513  3.4631
-0.00173427  0.000378674  3.25945
-0.00165955  0.000372987  3.10881
-0.00152879  0.000365487  2.81485
-0.00145367  0.00036034  2.64658
-0.00133902  0.000351596  2.38631
-0.00123353  0.000345743  2.12161
-0.00111105  0.000340047  1.79697
-0.00101452  0.00033331  1.54366
-0.000901574  0.000329271  1.21959
-0.000788063  0.000326105  0.883346
-0.000616006  0.000322212  0.360029
-0.000450091  0.000320438  -0.155752
-0.000284276  0.000316985  -0.680552
