-0.003971  0.00164852  2.10552
-0.00395131  0.00152686  2.2604
-0.00393047  0.00141828  2.41876
-0.0039043  0.00131309  2.59259
-0.00388166  0.00120001  2.81803
-0.00385024  0.00110127  3.04216
-0.00381452  0.00101957  3.2509
-0.00377006  0.000936959  3.49008
-0.0037197  0.000860328  3.74241
-0.00366799  0.000791961  4.00019
-0.00361081  0.000734251  4.23671
-0.0035452  0.000679277  4.483
-0.00347975  0.000642127  4.64044
-0.00340486  0.000607218  4.78389
-0.00332372  0.000581964  4.85206
-0.00323917  0.000562449  4.87008
-0.00318124  0.000552251  4.85512
-0.00312354  0.000542113  4.83947
-0.00306408  0.000531163  4.82729
-0.00300423  0.000521869  4.79857
-0.00294499  0.000511583  4.77927
-0.0028879  0.000502644  4.75068
-0.00281905  0.000492542  4.70833
-0.00274744  0.000483314  4.65007
-0.00269251  0.000473537  4.63007
-0.00261059  0.000463267  4.55588
-0.00253594  0.000454912  4.47546
-0.00246739  0.000445128  4.41983
-0.00238671  0.000436832  4.31908
-0.00231006  0.000427665  4.23242
-0.00222198  0.000419421  4.10562
-0.00215336  0.000410915  4.0236
-0.00207873  0.000404825  3.89978
-0.00198829  0.000396034  3.75799
-0.0018792  0.000386936  3.56441
-0.00180064  0.000380222  3.42074
-0.00167783  0.000373491  3.15357
-0.00159195  0.000364753  2.99367
-0.00149959  0.00035926  2.78234
-0.00138678  0.000352588  2.51506
-0.00128546  0.000345955  2.27042
-0.00117771  0.000339342  1.99713
-0.00107053  0.000335389  1.70108
-0.000971447  0.000329798  1.4295
-0.000815329  0.000323484  0.974788
-0.000670558  0.000319977  0.533032
-0.000549487  0.000316655  0.156282
-0.000454582  0.000314153  -0.144571
-0.00021915  0.000310927  -0.903267
-5.15199e-05  0.000310156  -1.44598
