-0.010865  0.0047755  2.17045
-0.0107806  0.00461644  2.22696
-0.0106896  0.00445352  2.28799
-0.0106004  0.00429911  2.34942
-0.0105103  0.00414554  2.41472
-0.0104148  0.00399575  2.48135
-0.0103159  0.00383715  2.55812
-0.010214  0.0036991  2.62604
-0.0101126  0.00355166  2.70652
-0.0100002  0.00341063  2.78546
-0.00989144  0.00327082  2.87128
-0.00978015  0.00312672  2.96802
-0.00966646  0.00300082  3.05465
-0.00954889  0.00286117  3.16265
-0.0094269  0.00273036  3.2695
-0.00931022  0.00260566  3.38118
-0.00918068  0.00247757  3.50371
-0.00905059  0.00235198  3.63549
-0.00892132  0.00222913  3.77786
-0.00877986  0.00211145  3.92141
-0.0086355  0.00199393  4.08013
-0.00849047  0.00188363  4.24207
-0.00834371  0.00177432  4.42068
-0.00818629  0.0016705  4.60119
-0.00802211  0.00156536  4.80535
-0.00785409  0.00147884  4.97286
-0.00767906  0.00138438  5.18574
-0.00748895  0.00129971  5.3773
-0.00730774  0.00122019  5.57925
-0.00710566  0.00115377  5.72528
-0.00691365  0.00109101  5.87864
-0.00667953  0.00102702  6.01697
-0.00646527  0.000973322  6.12878
-0.00625012  0.000924104  6.22238
-0.00601393  0.000877482  6.28381
-0.0057728  0.000832717  6.33204
-0.00564122  0.000812233  6.32974
-0.00552011  0.000794687  6.31709
-0.00536627  0.000777029  6.26266
-0.00520948  0.000758433  6.20948
-0.00504608  0.000743328  6.11584
-0.00488499  0.000726926  6.03224
-0.0046915  0.000712436  5.88333
-0.00448389  0.00069879  5.70112
-0.00428114  0.000684914  5.52061
-0.00402875  0.000673943  5.23598
-0.00380369  0.000663321  4.98054
-0.0034895  0.000653939  4.57152
-0.00318694  0.000646616  4.15539
-0.00282093  0.000643366  3.60748
