-0.003971  0.00164852  2.10552
-0.00395437  0.00152716  2.26195
-0.00393626  0.00141046  2.43627
-0.00391579  0.00129759  2.6324
-0.00389236  0.00119422  2.84065
-0.00386305  0.00110233  3.05084
-0.00381909  0.00100873  3.29035
-0.00377983  0.000935641  3.50543
-0.00372961  0.000858626  3.76137
-0.00368021  0.000798065  3.9849
-0.00363938  0.000752311  4.17298
-0.00356725  0.000690586  4.44152
-0.00350619  0.000647422  4.64332
-0.00342875  0.000608663  4.81178
-0.00335566  0.000589916  4.84079
-0.00327834  0.000568915  4.88358
-0.00320922  0.000555751  4.87489
-0.00315036  0.0005442  4.8702
-0.00310805  0.000537241  4.85453
-0.00303186  0.000527265  4.80187
-0.00297398  0.000515087  4.80304
-0.00289921  0.000503492  4.76514
-0.0028667  0.000497636  4.75588
-0.00277275  0.000486041  4.67605
-0.00270671  0.000476735  4.6288
-0.00263302  0.00046581  4.57917
-0.00255785  0.000455171  4.52106
-0.00250446  0.00044796  4.47463
-0.00241408  0.000436696  4.3831
-0.00233619  0.000427998  4.29018
-0.00226755  0.000420331  4.20514
-0.00217067  0.000410316  4.07165
-0.00208944  0.00040339  3.9402
-0.00199666  0.000393924  3.79937
-0.00191941  0.000386734  3.67024
-0.00181914  0.000378705  3.48329
-0.00173711  0.000372765  3.31873
-0.00162332  0.000364371  3.0829
-0.00151341  0.000356827  2.84006
-0.00141872  0.000351061  2.61698
-0.00132351  0.000345149  2.38596
-0.0011917  0.000338316  2.04454
-0.00105997  0.000332764  1.68277
-0.000958042  0.000327881  1.39698
-0.000804359  0.000321191  0.947595
-0.00068925  0.000317793  0.595513
-0.000548935  0.000313951  0.155868
-0.000385379  0.000311211  -0.368305
-0.000243473  0.000308675  -0.831059
-4.83991e-05  0.000307683  -1.46775
