-0.003971  0.00164852  2.10552
-0.0039553  0.00153355  2.25314
-0.00393778  0.00141993  2.42109
-0.00391821  0.00130981  2.6097
-0.00389519  0.00120527  2.81695
-0.00386559  0.00110867  3.03571
-0.00382505  0.00102559  3.24207
-0.00378704  0.000949656  3.4613
-0.00373903  0.000870489  3.72094
-0.00369064  0.000805162  3.96273
-0.00363148  0.000747932  4.18685
-0.00357218  0.000690922  4.44649
-0.00350759  0.000654234  4.59712
-0.00342583  0.000619945  4.7195
-0.00335363  0.0005941  4.80328
-0.00326491  0.000572798  4.82703
-0.00317807  0.000553759  4.83617
-0.00311885  0.000542131  4.83066
-0.00306463  0.000531058  4.82929
-0.00300494  0.00052095  4.80841
-0.00295184  0.000511161  4.79662
-0.00288423  0.000500927  4.75964
-0.00282657  0.000491589  4.73276
-0.00275544  0.000481829  4.681
-0.00268816  0.000472799  4.6281
-0.00262447  0.000463023  4.58826
-0.00255298  0.000453512  4.52685
-0.00248264  0.000444759  4.45779
-0.00240638  0.000434877  4.38371
-0.00232823  0.000426052  4.29109
-0.00225533  0.000418506  4.19427
-0.00217354  0.000409885  4.08294
-0.00207824  0.000402013  3.92584
-0.00200189  0.000393709  3.81472
-0.0019078  0.000386546  3.642
-0.00181985  0.000378965  3.48277
-0.00172233  0.0003709  3.29559
-0.00162817  0.00036415  3.09811
-0.00153291  0.00035781  2.88675
-0.0014189  0.000352242  2.60872
-0.00131407  0.000344806  2.36096
-0.00119784  0.000338864  2.05934
-0.00109547  0.000334395  1.78073
-0.00097902  0.00032861  1.45772
-0.000846214  0.000323131  1.07144
-0.000708391  0.00031868  0.653921
-0.000586944  0.000314783  0.276204
-0.000428253  0.000312005  -0.229955
-0.000307626  0.000309272  -0.622021
-0.000132537  0.000307544  -1.19483
