-0.00386943  0.00128515  2.62182
-0.00381261  0.00116729  2.83788
-0.00378735  0.00104952  3.13223
-0.00371771  0.000967478  3.32588
-0.00365849  0.000841398  3.75385
-0.00359517  0.000769467  4.02248
-0.00350554  0.00067019  4.48461
-0.00341656  0.000615527  4.7383
-0.00330033  0.000578498  4.8407
-0.00323905  0.000564972  4.84812
-0.00320757  0.00055706  4.86046
-0.00315361  0.000547241  4.84907
-0.00310958  0.000538685  4.84435
-0.0030525  0.000528877  4.82627
-0.00300684  0.000520752  4.81388
-0.00295591  0.000512996  4.78738
-0.00289854  0.000503745  4.76143
-0.00283741  0.000494248  4.72922
-0.0027824  0.000485893  4.69733
-0.00272714  0.000477762  4.6616
-0.00266884  0.000470202  4.61258
-0.00260788  0.00046213  4.56122
-0.00254609  0.000453873  4.50807
-0.00247644  0.000446137  4.43011
-0.0024067  0.000437287  4.36028
-0.00235965  0.000430766  4.31707
-0.00228172  0.000422257  4.21952
-0.00221297  0.000414829  4.12935
-0.0021401  0.000409393  4.00618
-0.00207366  0.000401894  3.9156
-0.00199947  0.000394546  3.80049
-0.00192583  0.000386995  3.68435
-0.00183614  0.00038055  3.51108
-0.00177079  0.000375255  3.38648
-0.00167533  0.000368099  3.19298
-0.00159395  0.000361542  3.0258
-0.00151132  0.000357008  2.83276
-0.00140552  0.000352681  2.56754
-0.00131907  0.000344497  2.37757
-0.00123251  0.000340232  2.15297
-0.00112781  0.000335277  1.8725
-0.00102416  0.000330914  1.58398
-0.000918533  0.000326862  1.28046
-0.000825132  0.000322419  1.00841
-0.000687516  0.000319354  0.587175
-0.00057956  0.000314765  0.25276
-0.000471895  0.000312652  -0.0898917
-0.000353493  0.000311133  -0.470884
-0.000180377  0.000308579  -1.03579
-2.70068e-05  0.000308336  -1.53402
