-0.010865  0.0047755  2.17045
-0.0107785  0.00461521  2.22709
-0.0106915  0.00445568  2.28732
-0.0106004  0.00429707  2.35053
-0.0105132  0.00415073  2.41241
-0.0104083  0.00398185  2.48837
-0.0103074  0.00382453  2.56433
-0.0102134  0.00368756  2.6341
-0.0101153  0.00355392  2.70555
-0.0099955  0.00339458  2.79725
-0.00989745  0.00327291  2.87129
-0.00977988  0.00312131  2.97308
-0.00966911  0.00299209  3.06445
-0.00955554  0.00286755  3.15794
-0.00942722  0.00271941  3.28278
-0.00930531  0.00259044  3.39916
-0.00917681  0.00245907  3.52849
-0.00904602  0.00233635  3.65785
-0.00891747  0.00221972  3.79213
-0.00879619  0.0021114  3.92924
-0.00864272  0.00199212  4.08745
-0.00848332  0.00187628  4.25486
-0.00837894  0.00179345  4.39318
-0.00816921  0.0016712  4.58904
-0.00800241  0.00155673  4.81933
-0.00787304  0.00148432  4.96728
-0.00764995  0.00138372  5.16719
-0.00750423  0.00130695  5.35924
-0.00730517  0.00122707  5.54589
-0.00716931  0.00118119  5.64628
-0.00690444  0.00108959  5.87787
-0.00668253  0.00104313  5.92689
-0.00645991  0.00098529  6.04889
-0.0062611  0.000932152  6.18043
-0.00603065  0.000877927  6.29968
-0.00577037  0.000831383  6.33928
-0.00563026  0.000814626  6.29769
-0.00544551  0.000793578  6.23191
-0.00537058  0.000775341  6.28185
-0.00520689  0.000756916  6.21851
-0.00503043  0.000743761  6.09125
-0.00484443  0.000728122  5.96663
-0.00472965  0.000716207  5.90562
-0.00441873  0.000696228  5.6285
-0.00426594  0.000685458  5.49404
-0.00398417  0.000669472  5.20435
-0.00382725  0.000664101  5.01015
-0.00345459  0.000652096  4.53091
-0.00315884  0.000646377  4.11346
-0.00278205  0.000643003  3.54904
