-0.003971  0.00164852  2.10552
-0.00395429  0.0015267  2.26259
-0.00393612  0.00141336  2.43117
-0.00391505  0.00129574  2.63559
-0.00389185  0.00119376  2.84132
-0.00386005  0.00109676  3.06361
-0.0038161  0.00101763  3.25865
-0.00377488  0.000941718  3.47756
-0.00372746  0.000868705  3.71526
-0.00367706  0.000800642  3.96814
-0.0036268  0.000749904  4.1696
-0.00356999  0.000704845  4.35555
-0.00349504  0.000657635  4.55426
-0.00342471  0.000624477  4.68346
-0.00334791  0.000594632  4.78937
-0.0032703  0.00057094  4.85217
-0.00321435  0.000560419  4.84344
-0.00314401  0.000546694  4.83637
-0.00310183  0.000538812  4.82883
-0.00302874  0.000527557  4.7933
-0.00297011  0.000517041  4.77739
-0.00290088  0.000506196  4.74298
-0.00284354  0.000497422  4.71137
-0.00277807  0.000487955  4.66861
-0.00270983  0.000477314  4.62972
-0.00264339  0.000468451  4.57548
-0.00256759  0.000458265  4.51178
-0.00249297  0.000449484  4.43391
-0.00242628  0.000440051  4.37739
-0.00234156  0.000430585  4.27687
-0.00226427  0.000421916  4.18155
-0.0021863  0.000414144  4.07178
-0.00209403  0.00040478  3.93801
-0.00200784  0.000396763  3.80035
-0.00192385  0.000389008  3.6602
-0.00182997  0.000380072  3.49927
-0.00172548  0.000373537  3.28076
-0.00163461  0.000366199  3.09833
-0.00152485  0.00035936  2.85188
-0.0014183  0.000352187  2.60741
-0.0013077  0.000346386  2.33179
-0.00120107  0.000339241  2.06657
-0.00109135  0.000333766  1.77176
-0.000964137  0.000328772  1.41173
-0.000842502  0.00032339  1.0591
-0.000715919  0.000319057  0.676741
-0.000566427  0.000315199  0.210745
-0.000429605  0.000311787  -0.225779
-0.000263355  0.000309325  -0.765035
-8.33264e-05  0.000308139  -1.35223
