-0.003971  0.00164852  2.10552
-0.00395489  0.00153107  2.25652
-0.00393729  0.00142486  2.41238
-0.00391564  0.00132132  2.58503
-0.00389217  0.00121612  2.78934
-0.00386283  0.00112188  2.9975
-0.00383029  0.00104092  3.19937
-0.00378512  0.000954698  3.44101
-0.00374139  0.000902105  3.59314
-0.00369769  0.000830953  3.84822
-0.00365079  0.000777426  4.05285
-0.00359381  0.000716645  4.31708
-0.00353687  0.000678175  4.478
-0.00346347  0.000633511  4.67785
-0.0033964  0.000608931  4.75653
-0.00331295  0.000583152  4.8237
-0.00323799  0.000562999  4.86321
-0.00317476  0.00055316  4.83542
-0.0031215  0.000541502  4.84115
-0.00305479  0.000530182  4.8187
-0.00298414  0.000519241  4.78418
-0.00292761  0.000510399  4.75631
-0.00287481  0.00050174  4.73316
-0.00279334  0.000489078  4.6891
-0.00272786  0.000479469  4.64651
-0.00267268  0.000470902  4.61388
-0.00260482  0.000460841  4.56734
-0.00251557  0.000452236  4.4569
-0.00243997  0.000442617  4.38296
-0.0023625  0.000432966  4.30173
-0.00230158  0.000425132  4.2377
-0.00220881  0.000414657  4.12102
-0.00211896  0.000407322  3.97465
-0.00202848  0.000399644  3.8246
-0.00194882  0.000390407  3.71105
-0.00185554  0.000382162  3.54703
-0.00177169  0.000375964  3.38249
-0.00166872  0.000367853  3.17714
-0.00157449  0.000361443  2.97278
-0.0014498  0.000354527  2.67907
-0.0013605  0.000349021  2.46547
-0.00124952  0.00034218  2.19044
-0.00111327  0.000335319  1.82891
-0.000978331  0.000329792  1.4504
-0.000856454  0.000325753  1.09424
-0.000718424  0.00032036  0.681807
-0.000577099  0.000317605  0.242753
-0.000421296  0.00031499  -0.249863
-0.000307653  0.000311817  -0.616859
-0.000100991  0.000310178  -1.28639
