-0.00332222  0.000603008  4.68024
-0.00332141  0.000602878  4.6799
-0.00332141  0.000602878  4.6799
-0.00332141  0.000602878  4.6799
-0.00332141  0.000602878  4.6799
-0.00332005  0.000602297  4.68216
-0.00332005  0.000602297  4.68216
-0.00332005  0.000602297  4.68216
-0.00332005  0.000602297  4.68216
-0.00332141  0.000602878  4.6799
-0.00332141  0.000602878  4.6799
-0.00332141  0.000602878  4.6799
-0.00330138  0.000594688  4.71068
-0.00330138  0.000594688  4.71068
-0.00330138  0.000594688  4.71068
-0.00330138  0.000594688  4.71068
-0.00330138  0.000594688  4.71068
-0.00330138  0.000594688  4.71068
-0.00330138  0.000594688  4.71068
-0.00330138  0.000594688  4.71068
-0.00330138  0.000594688  4.71068
-0.00330118  0.000593466  4.72004
-0.00330118  0.000593466  4.72004
-0.0032999  0.000592205  4.72792
-0.0032999  0.000592205  4.72792
-0.00321046  0.000576668  4.70022
-0.00311885  0.00056374  4.64549
-0.00304708  0.000548108  4.64704
-0.00289067  0.000518874  4.60742
-0.00289067  0.000518874  4.60742
-0.0027536  0.000500795  4.50005
-0.00267592  0.000486787  4.46996
-0.0025906  0.000476051  4.39155
-0.00247638  0.000465023  4.25008
-0.00243578  0.000458743  4.21975
-0.00224427  0.000441554  3.9503
-0.00218137  0.000435886  3.85737
-0.00202286  0.000422995  3.60017
-0.00194177  0.000408423  3.53008
-0.00182647  0.000398655  3.32736
-0.00168211  0.000391463  3.01972
-0.00153892  0.000379797  2.73547
-0.00140637  0.000371705  2.43841
-0.00126262  0.000364597  2.09168
-0.0010627  0.000356672  1.57763
-0.000882479  0.000347056  1.10207
-0.000728382  0.000341577  0.66861
-0.000545481  0.000336748  0.135059
-0.000372257  0.000334473  -0.381922
-8.08059e-05  0.000332371  -1.26122
