-0.003971  0.00164852  2.10552
-0.00395406  0.00152501  2.26494
-0.00393654  0.00141223  2.43341
-0.00391534  0.00129602  2.63524
-0.00389116  0.00118963  2.85059
-0.00386068  0.00109682  3.06401
-0.00381958  0.00101072  3.28438
-0.00377668  0.000940051  3.48564
-0.00372592  0.000856537  3.76624
-0.00367718  0.000802887  3.95719
-0.00362362  0.000741331  4.21353
-0.00356388  0.000696866  4.39666
-0.00350413  0.000651632  4.61016
-0.0034276  0.00061185  4.78484
-0.00335557  0.000588309  4.85386
-0.003269  0.000566211  4.8904
-0.00320362  0.000555918  4.86334
-0.00314986  0.000545155  4.86073
-0.00309418  0.000534326  4.85506
-0.00302678  0.000523324  4.82832
-0.00297345  0.000513662  4.81534
-0.00290693  0.000503918  4.77644
-0.00283497  0.0004933  4.73336
-0.00277159  0.000483955  4.6938
-0.00270645  0.000474316  4.65187
-0.00263063  0.000464578  4.58615
-0.00256373  0.000455186  4.53382
-0.00248342  0.000445181  4.45532
-0.00241035  0.000436366  4.37787
-0.00233136  0.000427523  4.28366
-0.00224729  0.000418605  4.17408
-0.00216107  0.000409484  4.05649
-0.00207394  0.00040164  3.91879
-0.00198014  0.000394006  3.75663
-0.00190737  0.000386021  3.64585
-0.00179603  0.000377832  3.43018
-0.00169517  0.000370096  3.22935
-0.00158074  0.000363238  2.97529
-0.00150371  0.000357114  2.81061
-0.00138007  0.000349994  2.51454
-0.00126626  0.000343568  2.2303
-0.00116593  0.000337523  1.973
-0.00103577  0.000332292  1.61236
-0.000918766  0.000326324  1.28328
-0.000771272  0.000321251  0.844423
-0.000670552  0.000317735  0.536775
-0.000508238  0.000313671  0.0262641
-0.000353398  0.000310756  -0.471758
-0.000156202  0.000308823  -1.11325
3.71918e-05  0.000308718  -1.74007
