-0.003971  0.00164852  2.10552
-0.00395437  0.00152716  2.26195
-0.00393558  0.00140635  2.4429
-0.00391579  0.00129759  2.6324
-0.00389024  0.00118723  2.85558
-0.00385485  0.0010915  3.07361
-0.00381744  0.00101673  3.26285
-0.00378118  0.000937811  3.49877
-0.00372794  0.000863675  3.73745
-0.0036719  0.000791492  4.00749
-0.00361867  0.000730934  4.26669
-0.00355317  0.000683636  4.46608
-0.00348717  0.000644999  4.63128
-0.00341273  0.000606725  4.80074
-0.00333765  0.000584153  4.85771
-0.00324613  0.000562562  4.88146
-0.00319187  0.000552921  4.86845
-0.00312298  0.00054271  4.83313
-0.0030644  0.000532254  4.818
-0.0030075  0.000522126  4.80248
-0.00294315  0.000512074  4.7711
-0.00286558  0.000500195  4.72932
-0.00281343  0.00049178  4.70421
-0.00274628  0.000481436  4.66579
-0.00268643  0.000473278  4.61975
-0.00260632  0.000462487  4.55433
-0.00253665  0.000453227  4.49367
-0.00246984  0.000445106  4.42554
-0.00239453  0.000435582  4.34943
-0.00231914  0.000426807  4.26219
-0.00224006  0.000418571  4.15716
-0.00214996  0.000409882  4.02545
-0.0020692  0.000401146  3.9118
-0.00198338  0.000393733  3.76748
-0.00189108  0.000385821  3.6055
-0.0018062  0.000378203  3.4537
-0.00170348  0.000370961  3.24423
-0.00161075  0.00036372  3.05385
-0.00150502  0.000357042  2.81484
-0.00138665  0.000350976  2.52625
-0.00129115  0.000344512  2.29644
-0.00118004  0.000339069  2.00562
-0.00104675  0.000332688  1.64342
-0.000940038  0.000327494  1.34365
-0.00079678  0.000323358  0.917806
-0.000683778  0.00031868  0.576684
-0.000543727  0.0003156  0.138552
-0.000398944  0.000312241  -0.323647
-0.00019801  0.000309082  -0.977054
-2.74304e-05  0.000308333  -1.53266
