-0.003971  0.00164852  2.10552
-0.00395131  0.00152686  2.2604
-0.00393047  0.00141828  2.41876
-0.0039043  0.00131309  2.59259
-0.00388166  0.00120001  2.81803
-0.00385024  0.00110127  3.04216
-0.00381057  0.00101021  3.27711
-0.00377006  0.000936959  3.49008
-0.0037197  0.000860328  3.74241
-0.00366799  0.000791961  4.00019
-0.00361081  0.000734251  4.23671
-0.00354729  0.000686506  4.43883
-0.0034782  0.000639904  4.65415
-0.0034009  0.000605304  4.79247
-0.00332372  0.000581964  4.85206
-0.00323393  0.00056135  4.87027
-0.00317891  0.000551059  4.86138
-0.0031226  0.000541  4.84768
-0.00306618  0.00053106  4.83219
-0.00299613  0.000519523  4.80466
-0.00293704  0.000509694  4.78138
-0.00287383  0.000500059  4.74709
-0.00281277  0.000491837  4.70231
-0.00273231  0.000479994  4.65072
-0.00267648  0.000472936  4.60206
-0.00261059  0.000463267  4.55588
-0.00252346  0.000454109  4.45589
-0.00246739  0.000445128  4.41983
-0.00238671  0.000436832  4.31908
-0.00231074  0.000427423  4.23642
-0.00222382  0.000419158  4.11259
-0.0021422  0.000410705  3.99849
-0.00206013  0.000403432  3.86715
-0.00198723  0.000395253  3.76273
-0.00187972  0.000386888  3.56621
-0.00179918  0.000379954  3.4193
-0.00169117  0.000372345  3.19911
-0.00158264  0.000365178  2.96468
-0.00147876  0.000356079  2.74873
-0.00139689  0.000352275  2.54598
-0.00125288  0.000343256  2.19336
-0.00117884  0.000339402  2.00009
-0.00107153  0.000334217  1.71007
-0.000908259  0.000326939  1.24873
-0.000815329  0.000323484  0.974788
-0.000671223  0.00031976  0.535476
-0.000523033  0.000316441  0.0727863
-0.000465812  0.000314157  -0.108825
-0.000254789  0.000310908  -0.788693
-5.47751e-05  0.000309943  -1.43647
