-0.010865  0.0047755  2.17045
-0.0107785  0.00461521  2.22709
-0.0106914  0.00445521  2.28752
-0.0106027  0.0042993  2.34985
-0.0105098  0.00414436  2.41527
-0.0104146  0.00398972  2.48503
-0.0103174  0.0038389  2.55734
-0.0102156  0.00368992  2.633
-0.0101121  0.00354617  2.71055
-0.0100027  0.00340191  2.79334
-0.00989285  0.00326131  2.88008
-0.00977864  0.00312176  2.97224
-0.00966319  0.00298522  3.06952
-0.00954637  0.00284869  3.17562
-0.00942457  0.00271616  3.28574
-0.00930106  0.00258424  3.40567
-0.00917155  0.00245382  3.5339
-0.00904257  0.00232835  3.66894
-0.00890566  0.00220786  3.80715
-0.00876862  0.00208812  3.95984
-0.00862247  0.00197061  4.12181
-0.00847944  0.00186109  4.28752
-0.00832245  0.00175224  4.46425
-0.00816164  0.00164851  4.6476
-0.00799645  0.00154754  4.84412
-0.00782592  0.00145615  5.03102
-0.00765293  0.00136817  5.2281
-0.00746851  0.00128159  5.4374
-0.00727116  0.00120415  5.62321
-0.00706805  0.00113505  5.78659
-0.00685942  0.00107383  5.92218
-0.00663593  0.00101404  6.05097
-0.00641311  0.00096038  6.15705
-0.00617943  0.000909074  6.24749
-0.00594975  0.000864325  6.30521
-0.00570413  0.000821521  6.33475
-0.00558131  0.000803688  6.3225
-0.00545888  0.000786159  6.30773
-0.00531679  0.000768456  6.26815
-0.00516529  0.000752341  6.20103
-0.00501111  0.000736492  6.12513
-0.0048268  0.00072263  5.98758
-0.0046525  0.000707311  5.87083
-0.0044484  0.000694852  5.68236
-0.0042279  0.000681561  5.46965
-0.00400415  0.000671917  5.21516
-0.00375946  0.000661014  4.93099
-0.00349329  0.000653394  4.58114
-0.00315884  0.000646377  4.11346
-0.00277325  0.000643359  3.53341
