-0.010865  0.0047755  2.17045
-0.0107814  0.00462024  2.2253
-0.0106952  0.0044647  2.28352
-0.0106069  0.00430926  2.3454
-0.0105181  0.00416176  2.40719
-0.0104263  0.00401027  2.47522
-0.0103301  0.00386202  2.54532
-0.0102299  0.003716  2.61838
-0.0101307  0.00357751  2.692
-0.0100262  0.00343882  2.77018
-0.00991753  0.0032976  2.85587
-0.00980972  0.00316354  2.94282
-0.00969605  0.00302776  3.03725
-0.00958504  0.00289709  3.13592
-0.00946412  0.00276055  3.24722
-0.00934526  0.00263771  3.35339
-0.00922281  0.00250768  3.47844
-0.00909794  0.00238495  3.60508
-0.00896828  0.002264  3.74041
-0.00883666  0.00214809  3.88096
-0.00869884  0.00203212  4.03462
-0.00855354  0.001919  4.19674
-0.00840827  0.00181347  4.36085
-0.00825356  0.00170798  4.5396
-0.00809524  0.00161003  4.71745
-0.00793577  0.00151186  4.91829
-0.00776596  0.00142273  5.10705
-0.00759382  0.00133569  5.31098
-0.00741186  0.00125644  5.50115
-0.00722227  0.00118189  5.68771
-0.00702643  0.00111766  5.83937
-0.00680643  0.00105479  5.97882
-0.00659303  0.00099964  6.09522
-0.00637402  0.00094859  6.19236
-0.0061499  0.000900113  6.27688
-0.00591931  0.000857218  6.32198
-0.00568083  0.000816137  6.34799
-0.00554892  0.000797579  6.3303
-0.00540868  0.000777969  6.30961
-0.0052643  0.000760849  6.26182
-0.00511782  0.000745645  6.19306
-0.00492017  0.000728942  6.06382
-0.00475149  0.000715187  5.94458
-0.00456569  0.000701582  5.79503
-0.00430421  0.000685791  5.54719
-0.00406723  0.000674244  5.29072
-0.00384057  0.0006637  5.03325
-0.00353271  0.000654685  4.63232
-0.00318968  0.000647323  4.15508
-0.00280377  0.000644777  3.57297
