-0.003971  0.00164852  2.10552
-0.00395376  0.00152295  2.26781
-0.00393506  0.00140313  2.44813
-0.00391486  0.00129293  2.64118
-0.00388991  0.00118436  2.86224
-0.00385811  0.00109007  3.08064
-0.00381866  0.00100693  3.29584
-0.00377634  0.000927785  3.53136
-0.00373107  0.000855006  3.779
-0.00368109  0.000789891  4.02725
-0.00361945  0.000743954  4.19307
-0.00356722  0.000682476  4.49426
-0.00350835  0.000650583  4.62409
-0.00342904  0.000619928  4.72481
-0.0033494  0.000600346  4.74626
-0.00327827  0.000590908  4.7017
-0.00322454  0.000579961  4.6978
-0.00317534  0.000569167  4.70046
-0.00311654  0.00055826  4.68694
-0.00306212  0.000547562  4.67913
-0.0030024  0.000537268  4.65763
-0.00294111  0.00052712  4.63104
-0.00287855  0.000516106  4.60864
-0.00282043  0.000506621  4.5802
-0.00275198  0.000496995  4.5312
-0.00268047  0.000487639  4.47149
-0.00261005  0.000478342  4.41117
-0.0025338  0.00046945  4.33231
-0.00245851  0.000460555  4.25251
-0.00237313  0.000452011  4.144
-0.00230099  0.000443532  4.06056
-0.00221789  0.000435104  3.94822
-0.0021398  0.000425942  3.84981
-0.00205431  0.00041774  3.72075
-0.00196114  0.000410407  3.56021
-0.0018731  0.000402292  3.4132
-0.00177773  0.000394973  3.23498
-0.00167804  0.000388193  3.03468
-0.00157406  0.000381378  2.81627
-0.00146593  0.000374789  2.57727
-0.00136119  0.00036876  2.33536
-0.00124647  0.000362909  2.05689
-0.00112813  0.000357566  1.75668
-0.00101221  0.000352233  1.45417
-0.000889444  0.000346949  1.12248
-0.000758959  0.000342455  0.756185
-0.000616824  0.000339109  0.344503
-0.000479634  0.000335456  -0.0607128
-0.000319338  0.00033327  -0.542087
-0.000147721  0.000332393  -1.05983
