-0.003971  0.00164852  2.10552
-0.00395463  0.00152894  2.2595
-0.00393648  0.00141165  2.43437
-0.00391638  0.00130109  2.62578
-0.00389193  0.00119284  2.84357
-0.00385997  0.00109464  3.06948
-0.0038172  0.00101756  3.25996
-0.00377971  0.000940167  3.48843
-0.00372552  0.000865511  3.72672
-0.00367356  0.00080217  3.95621
-0.00361799  0.0007389  4.21978
-0.00355998  0.000698592  4.38021
-0.00348711  0.000657975  4.53985
-0.00341824  0.000620985  4.69937
-0.00334046  0.000595749  4.76788
-0.00326302  0.000574229  4.81171
-0.00319433  0.000558986  4.82004
-0.00314056  0.00054846  4.8145
-0.00308701  0.000538423  4.80478
-0.00302887  0.000528103  4.78859
-0.00296214  0.00051731  4.75951
-0.00289629  0.000507532  4.72145
-0.00284013  0.000498329  4.69595
-0.00276884  0.000487374  4.65524
-0.00269836  0.000477444  4.60443
-0.00262895  0.000466587  4.5628
-0.00256166  0.000457943  4.50199
-0.00248664  0.000448934  4.42524
-0.00241754  0.000439772  4.3603
-0.00233681  0.000430425  4.26743
-0.00225559  0.000422059  4.15958
-0.00216835  0.00041316  4.03802
-0.00209775  0.000404282  3.95208
-0.00200375  0.000395563  3.80154
-0.0019143  0.000388278  3.6425
-0.00182577  0.000381977  3.4708
-0.00172675  0.000373441  3.285
-0.00162482  0.000365968  3.07355
-0.00151478  0.000358641  2.82952
-0.00140813  0.000351053  2.58687
-0.00130971  0.000345393  2.34431
-0.00120159  0.000339453  2.06681
-0.00105974  0.000335256  1.66959
-0.000959534  0.000328891  1.39722
-0.000843233  0.000324667  1.05718
-0.000727403  0.000321165  0.708057
-0.000560091  0.000316141  0.190077
-0.000497638  0.00031386  -0.00752538
-0.000307423  0.000310527  -0.620161
-0.000133848  0.00030861  -1.18646
