-0.003971  0.00164852  2.10552
-0.00395501  0.00153243  2.2546
-0.00393422  0.00140296  2.44784
-0.0039168  0.00130442  2.61939
-0.00389287  0.00120443  2.817
-0.00386555  0.00110866  3.0357
-0.00382392  0.0010187  3.2629
-0.00378654  0.000949971  3.45962
-0.00373636  0.000878751  3.68291
-0.00368901  0.000806179  3.95571
-0.00362684  0.000754592  4.14375
-0.00357376  0.000703764  4.3676
-0.0034998  0.000663148  4.52357
-0.00342111  0.000626739  4.66081
-0.00335369  0.000598876  4.76509
-0.0032649  0.000572799  4.82701
-0.00317939  0.000554417  4.8328
-0.00311869  0.000542385  4.82811
-0.00305585  0.000530686  4.81612
-0.00300527  0.00052183  4.80093
-0.0029454  0.000511928  4.77685
-0.00288404  0.000501864  4.75038
-0.00282669  0.000493396  4.71566
-0.00275531  0.000482431  4.6749
-0.00269083  0.000473701  4.62492
-0.00261661  0.000463027  4.57123
-0.00255316  0.000456067  4.50189
-0.00250515  0.000448418  4.4716
-0.00240687  0.000438268  4.35093
-0.00233289  0.000428784  4.27462
-0.00227346  0.000423133  4.19127
-0.00218235  0.000413472  4.06884
-0.00209261  0.000404375  3.93844
-0.00200716  0.000397365  3.79288
-0.00194943  0.000389639  3.71992
-0.00186487  0.000383632  3.55775
-0.00176973  0.000376714  3.37054
-0.00165517  0.000368737  3.13277
-0.00155457  0.000362327  2.91054
-0.00145485  0.000355197  2.68821
-0.00137341  0.000349385  2.49985
-0.001253  0.000342641  2.19765
-0.00112821  0.000339153  1.85229
-0.00103011  0.000331709  1.59811
-0.000946652  0.000328029  1.36162
-0.000786034  0.000324015  0.882779
-0.000741974  0.000321233  0.753267
-0.000523679  0.000314627  0.0752608
-0.000273948  0.000310153  -0.728841
-0.00011474  0.000309405  -1.24516
