-0.003971  0.00164852  2.10552
-0.00395384  0.00152346  2.26711
-0.00393534  0.0014048  2.44543
-0.00391418  0.00128956  2.64754
-0.00388778  0.00119504  2.83488
-0.00384822  0.0010757  3.1126
-0.00380986  0.000999213  3.31246
-0.00377028  0.00092384  3.53988
-0.00372466  0.000849703  3.79504
-0.0036764  0.000783571  4.05375
-0.00361243  0.000721405  4.31441
-0.00354624  0.000669759  4.54826
-0.0034702  0.000639041  4.6479
-0.00339861  0.000607017  4.77517
-0.00331094  0.000581679  4.83246
-0.00322614  0.000561292  4.85691
-0.00316449  0.000550113  4.84354
-0.00310608  0.000540225  4.82406
-0.00304767  0.000530045  4.80652
-0.00298806  0.000519874  4.7859
-0.00292325  0.000509906  4.75235
-0.00286354  0.000500965  4.71797
-0.00280628  0.000491554  4.69181
-0.00273188  0.000480793  4.64207
-0.00267071  0.000472503  4.59406
-0.00260011  0.000463738  4.52865
-0.00252676  0.000454512  4.45919
-0.00245548  0.00044501  4.39423
-0.00239042  0.000436525  4.33062
-0.00230366  0.000427855  4.21559
-0.00222933  0.000418302  4.13416
-0.00214286  0.000410599  4.00114
-0.00207101  0.000402411  3.90398
-0.00197313  0.000394651  3.73273
-0.00189052  0.000386688  3.59598
-0.00180689  0.000379497  3.44373
-0.00168469  0.000370466  3.19784
-0.00161863  0.000365119  3.06373
-0.0015161  0.000358827  2.83173
-0.00141854  0.000351864  2.61049
-0.00129855  0.000345226  2.31313
-0.00119319  0.000339454  2.04206
-0.00106904  0.000334533  1.70101
-0.000963398  0.000328832  1.40923
-0.00083826  0.000323871  1.04443
-0.000707037  0.000319411  0.648185
-0.000574625  0.000315846  0.23627
-0.000407801  0.000312869  -0.294689
-0.000261908  0.00031005  -0.767917
-8.24803e-05  0.0003093  -1.34989
