-0.003971  0.00164852  2.10552
-0.00396147  0.00157732  2.19453
-0.00393213  0.00138589  2.47648
-0.00393213  0.00138589  2.47648
-0.00392982  0.00137263  2.49872
-0.00391772  0.00130735  2.61424
-0.00390446  0.00124396  2.73679
-0.00388774  0.00117636  2.87985
-0.0038734  0.00112925  2.98731
-0.00385407  0.00108163  3.10094
-0.00383169  0.0010341  3.22184
-0.00380955  0.000989187  3.34572
-0.00378738  0.000947305  3.47024
-0.00375539  0.000892553  3.64728
-0.00373761  0.000866337  3.73712
-0.00370107  0.000820282  3.9024
-0.00368466  0.000802336  3.96923
-0.00364687  0.000766098  4.10766
-0.00361174  0.000740685  4.20117
-0.00357419  0.000721202  4.26259
-0.00353535  0.000663974  4.57149
-0.00352101  0.000657157  4.59709
-0.00347219  0.000655137  4.53675
-0.00344395  0.000621207  4.73908
-0.00340221  0.000606679  4.78377
-0.00331005  0.000592932  4.73924
-0.00323266  0.000575933  4.74476
-0.00313993  0.000561098  4.70494
-0.00305502  0.000545522  4.68363
-0.00297448  0.000532427  4.64755
-0.00287881  0.000516026  4.60986
-0.00278644  0.000499159  4.58059
-0.00271274  0.000488956  4.52544
-0.00260047  0.000475319  4.41908
-0.0024879  0.00046222  4.30077
-0.00237559  0.0004499  4.1689
-0.00223379  0.000436259  3.97421
-0.00211349  0.00042621  3.78568
-0.00199939  0.000411434  3.6443
-0.00188727  0.00040256  3.44611
-0.00174117  0.00039224  3.16432
-0.00160219  0.000383403  2.87476
-0.00143538  0.000373973  2.5012
-0.00129508  0.000363871  2.18505
-0.00111878  0.000356193  1.7372
-0.000953418  0.000348157  1.30234
-0.000765299  0.000341517  0.776826
-0.000692966  0.000338787  0.569579
-0.000447602  0.000334109  -0.156829
-7.54193e-05  0.000332508  -1.2769
