-0.010865  0.0047755  2.17045
-0.0107816  0.00461944  2.22573
-0.0106945  0.0044641  2.28367
-0.010609  0.00431229  2.34423
-0.0105194  0.00415935  2.40889
-0.0104276  0.00401082  2.47521
-0.0103334  0.00386656  2.5432
-0.0102363  0.00372184  2.616
-0.0101341  0.00358135  2.69007
-0.0100311  0.00344202  2.76905
-0.0099226  0.00330301  2.85274
-0.00981466  0.00316815  2.9401
-0.0097007  0.00303058  3.03595
-0.0095892  0.0028999  3.13432
-0.00947122  0.0027696  3.23917
-0.00935684  0.00264659  3.34651
-0.00923405  0.00251975  3.46624
-0.00910534  0.00239235  3.59702
-0.00897911  0.00227361  3.72937
-0.00884376  0.00215611  3.86982
-0.0087106  0.00204262  4.01964
-0.00856756  0.00192894  4.18237
-0.00842514  0.00182453  4.34367
-0.00827114  0.00172122  4.51491
-0.00811322  0.00161853  4.70378
-0.00796351  0.00153208  4.87149
-0.00778956  0.00143622  5.07553
-0.00761607  0.0013577  5.24128
-0.00742787  0.00126973  5.45617
-0.00725367  0.00119367  5.65789
-0.00704607  0.00112942  5.79598
-0.00686493  0.00107441  5.92411
-0.00663606  0.00101826  6.02603
-0.00641212  0.000958026  6.17115
-0.00618786  0.000908115  6.26336
-0.00595726  0.000862813  6.32496
-0.00573852  0.000824913  6.35039
-0.00558622  0.000802702  6.33638
-0.00544826  0.000784281  6.3093
-0.00531649  0.000766795  6.28133
-0.00515267  0.000748631  6.21491
-0.00498207  0.000732336  6.12024
-0.00478936  0.000715839  5.99207
-0.00458951  0.000701263  5.83163
-0.00433203  0.000688631  5.5647
-0.00409319  0.000676336  5.31273
-0.00384719  0.000663365  5.04577
-0.00356889  0.000655054  4.68495
-0.00322308  0.000648061  4.20189
-0.00281098  0.000644583  3.58523
