-0.003971  0.00164852  2.10552
-0.00395406  0.00152501  2.26494
-0.00393654  0.00141223  2.43341
-0.00391534  0.00129602  2.63524
-0.00389116  0.00118963  2.85059
-0.00386027  0.00109549  3.06737
-0.00381702  0.0010096  3.28549
-0.00377483  0.000941616  3.47789
-0.00372592  0.000856537  3.76624
-0.00367718  0.000802887  3.95719
-0.00361598  0.000734887  4.24007
-0.00355665  0.000698233  4.3777
-0.00350413  0.000651632  4.61016
-0.00342904  0.000612079  4.78539
-0.00337971  0.000593346  4.85335
-0.003269  0.000566211  4.8904
-0.00320362  0.000555918  4.86334
-0.00314986  0.000545155  4.86073
-0.00309361  0.000535208  4.84599
-0.00303168  0.000524557  4.82632
-0.00296791  0.000514364  4.79799
-0.00289329  0.000504382  4.745
-0.00284241  0.000494836  4.73371
-0.00277159  0.000483955  4.6938
-0.00270797  0.00047543  4.64416
-0.00263049  0.000464581  4.58583
-0.00255671  0.000454738  4.52284
-0.00248288  0.000445867  4.44724
-0.00241343  0.000438407  4.36451
-0.00233136  0.000427523  4.28366
-0.00226531  0.000420029  4.20284
-0.00218099  0.000411622  4.08383
-0.00207951  0.000401799  3.9311
-0.0019841  0.000396387  3.74407
-0.00189835  0.000386015  3.62253
-0.00181324  0.000380089  3.45509
-0.00171337  0.000371939  3.26229
-0.00162536  0.000364844  3.0845
-0.00150371  0.000357114  2.81061
-0.00141362  0.000351497  2.59921
-0.00130205  0.000345365  2.32232
-0.00119808  0.000339525  2.05606
-0.00107246  0.000333389  1.7171
-0.000950554  0.000328248  1.3726
-0.000842499  0.000323361  1.05918
-0.000689516  0.000318589  0.59486
-0.000555427  0.000315282  0.175801
-0.000410257  0.000312424  -0.287248
-0.000226131  0.00030983  -0.883933
-5.10765e-05  0.000308839  -1.45359
