-0.003971  0.00164852  2.10552
-0.00396106  0.0015743  2.19847
-0.00395107  0.00150464  2.29362
-0.00394093  0.00143887  2.39141
-0.00392949  0.00137077  2.50188
-0.00391744  0.00130589  2.61695
-0.00390445  0.00124391  2.73688
-0.00388942  0.00118255  2.86621
-0.00387175  0.00112565  2.99538
-0.00385133  0.00107636  3.11356
-0.00382665  0.00103278  3.22108
-0.00380814  0.000987106  3.35136
-0.00378181  0.000937615  3.50017
-0.00375625  0.00089415  3.64173
-0.00373066  0.000854647  3.78011
-0.00370249  0.000816253  3.9234
-0.00367227  0.000783959  4.04648
-0.00364252  0.000749254  4.1942
-0.00361298  0.000719431  4.327
-0.00357607  0.000689764  4.45959
-0.00354103  0.000665235  4.57136
-0.00350286  0.000647334  4.63882
-0.00347471  0.000632171  4.70555
-0.00342402  0.00061447  4.75861
-0.0033792  0.00060211  4.78185
-0.00328345  0.000588705  4.72808
-0.00319727  0.000574066  4.69853
-0.00312162  0.000559291  4.68739
-0.00304278  0.000544753  4.66778
-0.00295698  0.000530041  4.63545
-0.00287005  0.00051575  4.59535
-0.00278451  0.000501607  4.55438
-0.00267431  0.000487566  4.45951
-0.00257191  0.000473597  4.37484
-0.00248595  0.000462022  4.2984
-0.00237141  0.000450235  4.15652
-0.00225848  0.000438123  4.01367
-0.00214668  0.000425824  3.86706
-0.00203557  0.000414982  3.70033
-0.00189158  0.000403744  3.4467
-0.00174706  0.000393492  3.16922
-0.00162939  0.000385416  2.93032
-0.00146465  0.00037523  2.57081
-0.00133108  0.000367293  2.2627
-0.00114934  0.000358651  1.81052
-0.000997572  0.000351535  1.41543
-0.000822307  0.000343113  0.939361
-0.000620518  0.000338504  0.356031
-0.000420755  0.000334693  -0.236768
-0.000179127  0.000332456  -0.965162
