-0.003971  0.00164852  2.10552
-0.00395162  0.00150834  2.28836
-0.00393378  0.00139558  2.46047
-0.00391149  0.00127648  2.67258
-0.00388469  0.00116549  2.90408
-0.00384865  0.00107157  3.12499
-0.00380781  0.000985737  3.35567
-0.00376269  0.000908126  3.59278
-0.0037143  0.000836178  3.84404
-0.00365911  0.000777292  4.06425
-0.00359648  0.000731947  4.23047
-0.00352576  0.000701297  4.31451
-0.00350921  0.000648294  4.64173
-0.00339913  0.0006059  4.78483
-0.00334132  0.00059642  4.76395
-0.0032775  0.000586602  4.73489
-0.00322979  0.000574923  4.7481
-0.00317303  0.000564482  4.73537
-0.00310383  0.000555236  4.68959
-0.00304823  0.000544404  4.68077
-0.00298444  0.000534873  4.64492
-0.0029437  0.000522883  4.67351
-0.00288109  0.000513325  4.63857
-0.00281257  0.000503189  4.59582
-0.00274627  0.000493514  4.55159
-0.00266897  0.000483414  4.48677
-0.00259368  0.000476743  4.39164
-0.00252474  0.00046613  4.34374
-0.00245091  0.000456993  4.26901
-0.00237648  0.000449101  4.17832
-0.00229491  0.00044045  4.07517
-0.00221437  0.00043307  3.95865
-0.00212598  0.000423834  3.83636
-0.00202836  0.000416785  3.66701
-0.00194579  0.000408788  3.53676
-0.0018552  0.000400771  3.38148
-0.00176305  0.000393673  3.20838
-0.00166309  0.000386615  3.0084
-0.00156513  0.000379685  2.80531
-0.00146237  0.00037364  2.57565
-0.00135661  0.000367626  2.33012
-0.00124474  0.000361012  2.06292
-0.00113245  0.000355749  1.77781
-0.00100129  0.000350636  1.42966
-0.000909344  0.000345598  1.18445
-0.000785472  0.000341664  0.835535
-0.000637687  0.000336642  0.409
-0.000522875  0.00033417  0.0684539
-0.000345197  0.000332105  -0.466127
-0.000154505  0.000330711  -1.0447
