-0.003971  0.00164852  2.10552
-0.00395429  0.0015267  2.26259
-0.00393515  0.0014048  2.44531
-0.00391505  0.00129574  2.63559
-0.00389185  0.00119376  2.84132
-0.00386005  0.00109676  3.06361
-0.0038161  0.00101763  3.25865
-0.00377488  0.000941718  3.47756
-0.00372746  0.000868705  3.71526
-0.00366972  0.000802593  3.94936
-0.00361681  0.000746077  4.1776
-0.00355235  0.000693969  4.39839
-0.00348465  0.000651583  4.58062
-0.00341356  0.000617629  4.71733
-0.00333536  0.00059144  4.79399
-0.00325536  0.000568081  4.85029
-0.00319721  0.000557693  4.83637
-0.00314068  0.000545946  4.83688
-0.00308644  0.00053619  4.82373
-0.00301909  0.000526045  4.78873
-0.00295574  0.000514453  4.7735
-0.00289333  0.000505052  4.73879
-0.00282743  0.00049493  4.70254
-0.00275942  0.000484673  4.66174
-0.0026959  0.000476174  4.61156
-0.002626  0.00046624  4.55989
-0.00254898  0.000455836  4.49499
-0.00247749  0.000447289  4.42107
-0.00240015  0.000438338  4.33491
-0.00231946  0.000429203  4.23915
-0.0022429  0.000420292  4.14688
-0.00216328  0.000411385  4.04312
-0.00207447  0.000403415  3.90284
-0.00198805  0.00039522  3.76511
-0.00189971  0.000387218  3.61479
-0.00180751  0.00037938  3.44642
-0.00169703  0.000372302  3.2152
-0.00161176  0.000364713  3.04831
-0.00150148  0.000356672  2.80785
-0.00138706  0.00035124  2.52552
-0.00128539  0.000344672  2.27866
-0.00119439  0.000339126  2.04759
-0.00104986  0.000332584  1.65328
-0.000936099  0.000327097  1.33324
-0.000803076  0.000322037  0.94112
-0.000715841  0.000320167  0.67415
-0.000534563  0.000314599  0.109864
-0.000416004  0.00031421  -0.267324
-0.000279836  0.000309558  -0.711219
-8.33264e-05  0.000308139  -1.35223
