-0.010865  0.0047755  2.17045
-0.0107794  0.00461601  2.2269
-0.0106927  0.00445648  2.28716
-0.0106034  0.00430049  2.34937
-0.0105125  0.00414648  2.41471
-0.0104176  0.00399315  2.48366
-0.0103187  0.00384166  2.55583
-0.0102204  0.00369539  2.63042
-0.0101161  0.00355086  2.70811
-0.0100046  0.00340601  2.79055
-0.00989671  0.00326951  2.87404
-0.00978179  0.00312709  2.96819
-0.00966905  0.00299198  3.06455
-0.00954957  0.00285735  3.16712
-0.00942453  0.00272208  3.27857
-0.00930249  0.0025907  3.39773
-0.00917192  0.00246107  3.52364
-0.009044  0.00233538  3.6585
-0.00891921  0.00222151  3.78985
-0.0087742  0.00209662  3.94644
-0.00862717  0.00198105  4.10246
-0.00848022  0.00186501  4.27891
-0.00832601  0.00176145  4.44293
-0.00817231  0.00165706  4.63007
-0.00800643  0.0015554  4.82606
-0.00783958  0.00145974  5.02802
-0.00766516  0.00137104  5.22606
-0.00748372  0.00128694  5.42663
-0.00728508  0.00121091  5.60329
-0.00708618  0.00113755  5.78981
-0.00686614  0.00107708  5.91056
-0.00666434  0.00101963  6.04567
-0.0064296  0.000966953  6.13226
-0.00622641  0.000917724  6.23979
-0.00597726  0.000868219  6.30861
-0.00570352  0.000820998  6.33804
-0.00560243  0.000805899  6.33135
-0.0054719  0.000788623  6.30454
-0.00532215  0.000770572  6.25788
-0.00515144  0.000752493  6.18138
-0.00500917  0.000737383  6.1151
-0.0048062  0.000724946  5.94003
-0.00469299  0.00071133  5.89458
-0.00448821  0.000697268  5.71977
-0.0042409  0.000684696  5.46359
-0.00405415  0.00067315  5.27988
-0.00376963  0.000662868  4.93255
-0.00353512  0.0006544  4.63802
-0.00317032  0.000647662  4.12302
-0.00280011  0.000644345  3.56969
