-0.003971  0.00164852  2.10552
-0.00396117  0.00157516  2.19735
-0.00394907  0.0014913  2.31279
-0.00393634  0.00141081  2.43572
-0.00392797  0.00136216  2.51657
-0.0039168  0.00130266  2.62294
-0.00390351  0.00123975  2.74531
-0.00388596  0.00116995  2.8941
-0.00386916  0.00111724  3.01561
-0.00384464  0.00106505  3.14037
-0.00381753  0.00100521  3.30034
-0.00379972  0.000971394  3.3969
-0.00377189  0.000925287  3.53607
-0.00374811  0.000881122  3.68633
-0.00372137  0.000842443  3.82384
-0.00368777  0.000804361  3.96311
-0.00365873  0.000763333  4.13807
-0.0036262  0.00073249  4.26791
-0.00358738  0.000720397  4.28566
-0.00354539  0.000687861  4.42733
-0.00349989  0.000676717  4.43301
-0.0034797  0.000662363  4.49859
-0.00343045  0.000639392  4.58319
-0.00338018  0.000608672  4.7319
-0.00333605  0.000597167  4.74917
-0.00324302  0.000583999  4.69696
-0.0031566  0.000566208  4.69191
-0.00309333  0.000554463  4.6772
-0.00301908  0.000540363  4.66183
-0.00294293  0.000527764  4.62882
-0.00282613  0.000511363  4.54888
-0.00276394  0.000499286  4.53436
-0.00263647  0.000482506  4.42786
-0.00255089  0.000473268  4.33347
-0.00243104  0.000462324  4.17681
-0.00235138  0.000450563  4.10904
-0.00227468  0.000443626  4.00039
-0.00213075  0.000430435  3.78861
-0.00202471  0.000415129  3.67285
-0.00191631  0.000409965  3.45471
-0.0017418  0.000395341  3.14108
-0.001615  0.000389932  2.85948
-0.00148195  0.000378387  2.5951
-0.00132485  0.000367843  2.24241
-0.0011515  0.000358807  1.81573
-0.00101454  0.000354002  1.4535
-0.000860027  0.000345854  1.04098
-0.0006781  0.000342429  0.520109
-0.000610747  0.000340599  0.325153
-0.000256508  0.000335375  -0.726028
