-0.010865  0.0047755  2.17045
-0.0107817  0.00462024  2.22536
-0.0106958  0.00446327  2.28438
-0.0106105  0.00431159  2.34495
-0.0105182  0.00415861  2.40904
-0.0104311  0.00401673  2.47242
-0.0103303  0.0038597  2.54692
-0.0102201  0.00370343  2.62461
-0.01013  0.00356924  2.69804
-0.0100237  0.00343287  2.77427
-0.00991939  0.00329524  2.85848
-0.00979288  0.00313916  2.9603
-0.00969555  0.00302071  3.04417
-0.00958347  0.00289656  3.13595
-0.0094637  0.00275695  3.25131
-0.00933596  0.00262691  3.36364
-0.0092108  0.00251672  3.46117
-0.0091084  0.00239518  3.59405
-0.0089546  0.00224973  3.75804
-0.0088284  0.00214924  3.87504
-0.00869026  0.00202905  4.0365
-0.00854159  0.00191113  4.20776
-0.00840532  0.0018088  4.37049
-0.00825332  0.00171642  4.51714
-0.00809728  0.00161271  4.71087
-0.00790579  0.00150994  4.90471
-0.00775794  0.00141793  5.1187
-0.00759513  0.00133916  5.29821
-0.00738735  0.00125864  5.47205
-0.00721675  0.00119333  5.62856
-0.00702325  0.00112318  5.80783
-0.00681159  0.00105956  5.95681
-0.00659646  0.00100268  6.08019
-0.00636739  0.000948315  6.18717
-0.00613771  0.000902941  6.24372
-0.00590552  0.000855021  6.32209
-0.00566322  0.000812991  6.35089
-0.00546691  0.000794299  6.2532
-0.00534563  0.000774393  6.25732
-0.00525724  0.000760525  6.2552
-0.00503444  0.000744816  6.088
-0.00491807  0.000731877  6.03663
-0.0047292  0.000717824  5.8917
-0.00454434  0.000703303  5.7505
-0.00435257  0.000689488  5.58758
-0.00411731  0.000680387  5.31655
-0.00388257  0.000668954  5.05651
-0.00367069  0.000658919  4.81196
-0.0033622  0.000652204  4.3885
-0.00299947  0.000647747  3.85871
