-0.003971  0.00164852  2.10552
-0.00395341  0.00152053  2.27118
-0.00393357  0.00139488  2.46155
-0.00391321  0.00128805  2.64989
-0.00389002  0.00120202  2.82028
-0.003854  0.00110554  3.03382
-0.00380894  0.00102674  3.22276
-0.00376641  0.000957393  3.41177
-0.00371636  0.00088311  3.64208
-0.00368455  0.000813749  3.91343
-0.00361606  0.000754597  4.12943
-0.00355648  0.000702471  4.35105
-0.00348899  0.000657842  4.54364
-0.00342738  0.000622435  4.70311
-0.00334673  0.000591604  4.81189
-0.00326562  0.000568196  4.86736
-0.00321258  0.0005574  4.86649
-0.00314977  0.000547213  4.8423
-0.0030888  0.000537058  4.82033
-0.00302306  0.000526486  4.79226
-0.00296638  0.000516521  4.77499
-0.00289397  0.000506943  4.72236
-0.00283099  0.000496512  4.69473
-0.00275895  0.000486997  4.63852
-0.0026857  0.000476265  4.58925
-0.0026226  0.00046663  4.54879
-0.0025395  0.000458768  4.4456
-0.00246033  0.000448187  4.37391
-0.002376  0.000436845  4.29443
-0.00230762  0.00043093  4.19469
-0.00223148  0.00042135  4.10937
-0.00215723  0.000414118  4.00184
-0.00205974  0.000403019  3.87015
-0.00196953  0.000396438  3.70683
-0.00189354  0.000388187  3.58986
-0.00176086  0.000378862  3.32803
-0.00170553  0.000372569  3.23573
-0.00161551  0.000365136  3.05504
-0.00149396  0.000358319  2.77396
-0.00136669  0.000352326  2.45992
-0.00129293  0.000345111  2.2976
-0.00114781  0.0003382  1.91547
-0.00106934  0.000334718  1.70096
-0.000897806  0.00032854  1.21083
-0.000770391  0.000323226  0.836538
-0.000648828  0.000319619  0.465643
-0.000522949  0.000315772  0.0726767
-0.000336333  0.00031248  -0.52377
-0.000198008  0.000310543  -0.972462
3.30684e-05  0.000309811  -1.72063
