-0.003971  0.00164852  2.10552
-0.00395463  0.00153434  2.25154
-0.00393759  0.00141987  2.42105
-0.00391789  0.00131289  2.60333
-0.00389257  0.0012  2.82714
-0.00386134  0.0011132  3.01952
-0.00382335  0.00103266  3.21823
-0.0037821  0.00095714  3.42907
-0.00373442  0.000881477  3.66932
-0.0036887  0.000815566  3.9098
-0.00363164  0.000752455  4.1619
-0.00357367  0.000698388  4.4011
-0.00350795  0.000652286  4.61139
-0.00343807  0.000619999  4.73884
-0.00335771  0.000591915  4.82791
-0.00327201  0.000569073  4.87109
-0.00318395  0.000549808  4.88162
-0.00313663  0.000540507  4.87806
-0.00305832  0.000529623  4.83045
-0.00300443  0.000519194  4.82369
-0.00294123  0.000509773  4.78886
-0.00287479  0.000499346  4.7558
-0.00281478  0.000490308  4.72106
-0.00274074  0.00048171  4.65165
-0.0026915  0.000471818  4.64481
-0.00261109  0.000461866  4.57079
-0.00253972  0.000453103  4.50167
-0.00247719  0.00044384  4.45474
-0.00238673  0.000433367  4.35366
-0.00232135  0.000426623  4.26923
-0.00223751  0.000417126  4.16545
-0.00216089  0.00040981  4.05283
-0.00207425  0.000401371  3.92218
-0.00198518  0.000393223  3.77695
-0.00189589  0.000385133  3.62444
-0.00179363  0.000377537  3.42649
-0.00169826  0.000370769  3.23183
-0.00160329  0.000362774  3.04125
-0.00150757  0.000357191  2.82083
-0.00139474  0.000350074  2.55585
-0.00129696  0.000343497  2.32014
-0.00118223  0.000337863  2.01926
-0.001075  0.000332328  1.73021
-0.000949362  0.000326845  1.37485
-0.000816068  0.000322012  0.981541
-0.00068708  0.000317333  0.589538
-0.000544925  0.000313011  0.143525
-0.000402181  0.000310082  -0.315461
-0.000236478  0.000308437  -0.854379
-5.8565e-05  0.000306959  -1.43809
