-0.003971  0.00164852  2.10552
-0.00395142  0.001507  2.29026
-0.00393437  0.00139904  2.45481
-0.00391281  0.00128289  2.66025
-0.00388989  0.00118427  2.86243
-0.00385723  0.00108817  3.08521
-0.00382112  0.00101166  3.28283
-0.0037738  0.000923403  3.54537
-0.00372846  0.000851221  3.79274
-0.00367854  0.000790344  4.02172
-0.00362301  0.000728492  4.28695
-0.00355549  0.000674979  4.52678
-0.00351312  0.00065238  4.61866
-0.00342806  0.000620642  4.71779
-0.00335345  0.000604455  4.7207
-0.00326774  0.000589594  4.69431
-0.00321998  0.000578576  4.70116
-0.0031654  0.000567884  4.69357
-0.003111  0.000557474  4.68363
-0.00306659  0.000545756  4.70282
-0.00300515  0.000535794  4.67558
-0.00294687  0.000525271  4.65831
-0.00287541  0.000515798  4.60532
-0.00280182  0.000506782  4.54203
-0.00274376  0.000496714  4.51721
-0.00267154  0.000486215  4.46621
-0.00260552  0.000477859  4.40615
-0.00252477  0.000469236  4.31504
-0.00244864  0.000459875  4.23733
-0.00237587  0.000451498  4.15477
-0.00229157  0.000443017  4.04401
-0.002209  0.000434867  3.92994
-0.00214183  0.000426151  3.8527
-0.00204612  0.000417935  3.69944
-0.00194865  0.000411069  3.5241
-0.0018771  0.000403203  3.4154
-0.00177563  0.000394995  3.22948
-0.00167778  0.00038805  3.03511
-0.0015674  0.000381983  2.79438
-0.00146947  0.000375054  2.58488
-0.00135898  0.000369053  2.32753
-0.00124595  0.00036323  2.05367
-0.00113069  0.000357815  1.7626
-0.0010154  0.000352405  1.46252
-0.000893189  0.000347449  1.13164
-0.000763787  0.00034267  0.769801
-0.000628706  0.000338792  0.379896
-0.000490213  0.000335648  -0.0291578
-0.000347741  0.000333638  -0.45636
-0.000157893  0.000332436  -1.02909
