-0.010865  0.0047755  2.17045
-0.0107814  0.00462146  2.2247
-0.0106974  0.00446698  2.28284
-0.0106099  0.00431607  2.34239
-0.0105203  0.00416131  2.40797
-0.0104263  0.00401657  2.47134
-0.0103342  0.00387207  2.53978
-0.0102395  0.00372735  2.61297
-0.0101335  0.00358232  2.68918
-0.0100324  0.00344791  2.7647
-0.00991947  0.00330419  2.85077
-0.00981472  0.00317267  2.93593
-0.00970131  0.00303508  3.03165
-0.00959015  0.00290412  3.13009
-0.00947458  0.00277921  3.22919
-0.00935658  0.00264664  3.34634
-0.00923539  0.00252749  3.45616
-0.00910994  0.00239744  3.59131
-0.00898337  0.00227844  3.72332
-0.00885322  0.00216266  3.86248
-0.00871217  0.00204297  4.01972
-0.00858205  0.0019399  4.16621
-0.00842288  0.00183639  4.31437
-0.00828406  0.00173211  4.49398
-0.00811937  0.00162891  4.67758
-0.00796428  0.00152907  4.88159
-0.00780401  0.00144386  5.05867
-0.00760735  0.00135484  5.24591
-0.00743934  0.00128007  5.42106
-0.00725239  0.00120352  5.61055
-0.00705289  0.00113524  5.77224
-0.00684653  0.00107869  5.88357
-0.00664803  0.00102255  6.01245
-0.00642301  0.000967518  6.12186
-0.00620917  0.000921025  6.19871
-0.00598065  0.000873848  6.27186
-0.00574615  0.000831521  6.30911
-0.00561646  0.000812037  6.30078
-0.00546956  0.000792504  6.27071
-0.00532177  0.000775205  6.21999
-0.00516784  0.000755918  6.17506
-0.00501892  0.000739883  6.10761
-0.00480021  0.000721081  5.96355
-0.0046038  0.00070521  5.81926
-0.00439326  0.000692269  5.62391
-0.00420866  0.000681624  5.44091
-0.00388764  0.000668706  5.06596
-0.00362358  0.000657166  4.75311
-0.00333985  0.000653356  4.34656
-0.00298537  0.000646815  3.84247
