-0.00336989  0.000613351  4.67903
-0.00318075  0.000556555  4.81668
-0.00314416  0.000548611  4.81973
-0.00310595  0.000541285  4.81438
-0.00306607  0.000533885  4.8064
-0.003014  0.000526433  4.77554
-0.00297355  0.000518549  4.77014
-0.00292781  0.000512441  4.73774
-0.00289235  0.000505346  4.73409
-0.00284624  0.00049806  4.71075
-0.0027969  0.000491574  4.67254
-0.0027523  0.000484454  4.64915
-0.00270212  0.000477189  4.61477
-0.00265694  0.000470212  4.58718
-0.00260754  0.00046376  4.54447
-0.0025486  0.000456838  4.48429
-0.00250944  0.000450825  4.45724
-0.00244488  0.00044318  4.38847
-0.00239501  0.000437404  4.33241
-0.00234897  0.000431522  4.28476
-0.00228271  0.000425002  4.19458
-0.00222855  0.000419348  4.12199
-0.00217819  0.000413733  4.05622
-0.00212157  0.000408181  3.97268
-0.00205646  0.00040273  3.86478
-0.00198324  0.000396461  3.7412
-0.00192113  0.000390408  3.6401
-0.00185426  0.000384922  3.51828
-0.0017976  0.000380078  3.41404
-0.00172636  0.000373115  3.28681
-0.00167439  0.000369425  3.17896
-0.0015861  0.000363595  2.98712
-0.00150843  0.000358803  2.81055
-0.00144067  0.000355307  2.64749
-0.00138143  0.000351054  2.51081
-0.00128416  0.000346489  2.26317
-0.00120548  0.000342424  2.06025
-0.00112947  0.000338037  1.86215
-0.00104852  0.00033431  1.64077
-0.000971865  0.000330483  1.42781
-0.000855935  0.000327073  1.08824
-0.000771148  0.000323302  0.838682
-0.00067684  0.000321007  0.550891
-0.00060871  0.000317575  0.342311
-0.000497557  0.000315767  -0.00773583
-0.000382851  0.000312712  -0.374622
-0.000277366  0.00031165  -0.714372
-0.000145837  0.000309698  -1.14358
-4.7683e-06  0.000309429  -1.60047
-4.7683e-06  0.000309429  -1.60047
