-0.00396357  0.00164281  2.10832
-0.0039428  0.00153831  2.23804
-0.00391816  0.00141998  2.40719
-0.0038959  0.00129971  2.61282
-0.00387705  0.00119164  2.83395
-0.00382918  0.00110166  3.02195
-0.0037824  0.00100902  3.25306
-0.00373918  0.000944405  3.42987
-0.00369693  0.000896721  3.56513
-0.00363934  0.000799046  3.92886
-0.00359846  0.000741361  4.17942
-0.00354447  0.000695816  4.37539
-0.00346208  0.000646639  4.58074
-0.00338324  0.000607236  4.74814
-0.00331621  0.000589768  4.77512
-0.00321844  0.000565217  4.80955
-0.00314021  0.000551959  4.78335
-0.00309469  0.000544468  4.76555
-0.00303553  0.000534486  4.74386
-0.00298326  0.000524971  4.73028
-0.00290261  0.000514018  4.67417
-0.002816  0.000501736  4.61597
-0.00276737  0.000492625  4.60262
-0.00268781  0.000485318  4.508
-0.00263926  0.000476681  4.48783
-0.00256425  0.000467108  4.41921
-0.00250108  0.000456963  4.37909
-0.00244884  0.000450842  4.32266
-0.0023471  0.000440031  4.19765
-0.00226931  0.000430437  4.11049
-0.00217981  0.000421237  3.9878
-0.00211152  0.000412521  3.90651
-0.00200958  0.000404474  3.7322
-0.00193752  0.000397665  3.61489
-0.00186785  0.000391047  3.49793
-0.00173696  0.000380205  3.25339
-0.0016568  0.000374088  3.09232
-0.00155332  0.000366769  2.87189
-0.00144229  0.000358029  2.63188
-0.00136587  0.000353865  2.44688
-0.00122744  0.000345256  2.10696
-0.00110758  0.000341696  1.77812
-0.00100218  0.000333623  1.50522
-0.000903679  0.000330274  1.22226
-0.000807675  0.000325246  0.945974
-0.000625762  0.00032003  0.392969
-0.000496457  0.000316611  -0.0111914
-0.000342718  0.000313181  -0.502206
-0.00025802  0.000311415  -0.777034
2.28943e-07  0.000309739  -1.615
