-0.010865  0.0047755  2.17045
-0.0107794  0.00461557  2.22712
-0.0106932  0.00445714  2.28693
-0.0106014  0.00429805  2.35023
-0.01051  0.00414366  2.41573
-0.0104146  0.0039882  2.48599
-0.0103225  0.00384518  2.55448
-0.0102205  0.00369764  2.62883
-0.0101093  0.00354123  2.71355
-0.01001  0.00341074  2.78825
-0.00989939  0.00327518  2.86988
-0.00977435  0.00311853  2.97395
-0.00965847  0.0029821  3.07114
-0.00954794  0.00286397  3.15923
-0.0094179  0.00271526  3.28436
-0.00930347  0.00259579  3.39144
-0.00916694  0.00244919  3.53869
-0.00904095  0.00232831  3.66831
-0.00891808  0.00221759  3.79605
-0.00876475  0.00210641  3.92362
-0.00863277  0.00198688  4.09323
-0.00847602  0.0018649  4.27692
-0.0083283  0.00176131  4.44458
-0.00818147  0.00166386  4.61667
-0.00802091  0.00156952  4.79185
-0.00784527  0.0014695  4.99848
-0.00766479  0.00139422  5.13892
-0.00749844  0.00130535  5.36133
-0.00727956  0.00122637  5.52817
-0.00708217  0.00115499  5.6989
-0.00691358  0.00109966  5.83231
-0.00665983  0.00102526  6.00809
-0.00647284  0.000973541  6.13517
-0.00623832  0.000920138  6.23637
-0.00599639  0.000873048  6.29564
-0.00575964  0.000829298  6.34227
-0.00563348  0.000812267  6.31994
-0.00550908  0.000793926  6.30925
-0.00535733  0.000776271  6.25726
-0.00521374  0.00075713  6.2258
-0.00505847  0.00074252  6.13919
-0.00483344  0.000722202  6.00032
-0.00469287  0.000710208  5.90372
-0.00445485  0.00069484  5.69173
-0.00431155  0.000684924  5.56493
-0.00400637  0.000670761  5.22746
-0.00377015  0.000661475  4.94372
-0.00349432  0.000653561  4.58155
-0.00314743  0.00064799  4.0856
-0.00285397  0.000643713  3.65687
