-0.003971  0.00164852  2.10552
-0.00395348  0.00152464  2.26511
-0.00393646  0.00142747  2.40738
-0.0039168  0.00132068  2.58716
-0.0038937  0.00121981  2.78215
-0.00386744  0.0011268  2.9885
-0.00382935  0.0010649  3.12645
-0.00379088  0.000984162  3.34384
-0.00373612  0.000881234  3.67226
-0.00369968  0.000827569  3.86636
-0.00364826  0.000768004  4.09928
-0.00358883  0.000719594  4.29246
-0.0035316  0.000672116  4.51053
-0.00345688  0.000650294  4.54699
-0.00339324  0.00061184  4.72875
-0.00334181  0.00058866  4.82758
-0.00324138  0.000562374  4.87465
-0.00317848  0.000551609  4.85575
-0.00310301  0.000542874  4.79487
-0.00305656  0.000530405  4.82002
-0.00299176  0.000521246  4.7804
-0.0029359  0.00051128  4.76433
-0.00284978  0.000498801  4.71085
-0.00278452  0.000490312  4.65932
-0.00271882  0.00048121  4.61092
-0.00263384  0.000469287  4.54699
-0.00257135  0.000459882  4.50408
-0.00249317  0.000450804  4.42136
-0.00241641  0.000443632  4.31983
-0.0023316  0.000434092  4.21938
-0.00225806  0.000423389  4.15235
-0.00219864  0.00041772  4.06645
-0.00207634  0.000404043  3.90141
-0.00199869  0.000398029  3.76529
-0.00191284  0.000390745  3.61577
-0.0018106  0.00038207  3.43027
-0.00171552  0.000375947  3.23323
-0.00161463  0.000367989  3.02899
-0.00149687  0.000362747  2.74811
-0.00141221  0.000354739  2.5715
-0.00128982  0.000347924  2.27009
-0.00121807  0.000341248  2.10426
-0.00105883  0.000335448  1.66592
-0.000977909  0.000330917  1.4442
-0.000799433  0.000325689  0.919383
-0.000663323  0.000320121  0.510191
-0.000519455  0.000316337  0.0615017
-0.000391227  0.000313029  -0.347486
-0.000188769  0.00031112  -1.00036
-1.04883e-06  0.000310729  -1.60574
