-0.010865  0.0047755  2.17045
-0.0107768  0.00461306  2.22776
-0.0106901  0.00445763  2.28599
-0.0105987  0.00430152  2.34771
-0.0105078  0.00414285  2.41568
-0.0104116  0.00399071  2.48367
-0.0103114  0.003832  2.56039
-0.0102122  0.00368864  2.633
-0.0101053  0.00353849  2.71452
-0.00999655  0.00339773  2.79497
-0.00989096  0.00326842  2.87324
-0.0097818  0.00312641  2.96884
-0.00965938  0.00298391  3.06959
-0.00953896  0.00284592  3.17611
-0.00941985  0.00271443  3.28609
-0.0092865  0.00258662  3.3969
-0.00916799  0.00246418  3.5176
-0.00902541  0.0023185  3.67713
-0.00889726  0.00220385  3.81026
-0.00875813  0.00209045  3.9504
-0.00862283  0.00197427  4.11435
-0.00846314  0.00186193  4.27681
-0.00829133  0.00173585  4.48849
-0.00815711  0.00164816  4.64585
-0.00800443  0.00155579  4.82356
-0.00781945  0.00144953  5.04955
-0.0076311  0.00135358  5.26831
-0.00744544  0.0012796  5.42783
-0.00723796  0.00120641  5.58513
-0.00705404  0.00112727  5.81407
-0.00684151  0.00107033  5.92481
-0.00660726  0.00101162  6.03709
-0.00639823  0.000955755  6.17127
-0.00618662  0.000908853  6.25692
-0.00590794  0.000854999  6.32508
-0.00568083  0.000816137  6.34799
-0.00554187  0.000795479  6.33816
-0.0054164  0.000779727  6.30528
-0.00528249  0.000766564  6.23887
-0.00515452  0.000750238  6.20405
-0.00500583  0.000735027  6.13016
-0.00479954  0.000722705  5.94923
-0.00461761  0.000709425  5.80414
-0.00448977  0.000696706  5.72662
-0.00426494  0.000683774  5.50612
-0.00402445  0.000672169  5.2434
-0.00380545  0.000662996  4.98563
-0.00357497  0.000655109  4.69383
-0.00321967  0.000648343  4.1948
-0.00286105  0.000645103  3.65995
