-0.003971  0.00164852  2.10552
-0.00395338  0.00152036  2.27142
-0.00393212  0.00138587  2.47652
-0.00390675  0.00125455  2.71551
-0.00387699  0.00114855  2.94023
-0.00383367  0.00105121  3.17126
-0.00378528  0.000962652  3.41274
-0.00373772  0.000882982  3.6668
-0.00367519  0.000807664  3.93132
-0.00361672  0.000734157  4.24531
-0.00355128  0.000690637  4.41806
-0.00346464  0.000645917  4.58981
-0.00337418  0.000605563  4.74628
-0.00328448  0.000578804  4.81075
-0.00317861  0.000552157  4.85117
-0.00311462  0.000540246  4.83969
-0.00306803  0.000532137  4.82588
-0.00302017  0.00052296  4.81905
-0.00295805  0.000513895  4.78318
-0.00289553  0.000504951  4.74409
-0.00285438  0.00049629  4.74396
-0.00278028  0.00048501  4.7015
-0.00271578  0.000476679  4.64837
-0.00264646  0.00047108  4.55647
-0.00258327  0.000460274  4.52616
-0.00251627  0.00045041  4.47651
-0.00244956  0.000441421  4.41656
-0.00238871  0.000437041  4.3216
-0.00232254  0.000427121  4.26702
-0.00226211  0.000421096  4.18457
-0.00217595  0.000411822  4.06961
-0.00209893  0.000406378  3.93458
-0.00204103  0.000399659  3.85587
-0.0019355  0.000390501  3.67604
-0.00185399  0.000385193  3.5151
-0.00174908  0.000374257  3.33748
-0.00169087  0.000372086  3.20052
-0.00159794  0.000364377  3.01318
-0.0014833  0.00036166  2.71886
-0.00138606  0.000352601  2.51292
-0.00132793  0.000348004  2.37907
-0.0012197  0.000343482  2.09529
-0.00111751  0.000337862  1.82771
-0.00100646  0.000332162  1.52473
-0.00091375  0.000328132  1.26093
-0.000734561  0.000323171  0.72581
-0.000600092  0.000319759  0.313022
-0.000444167  0.000316835  -0.17622
-0.000328491  0.000315134  -0.544241
-0.000163613  0.000314037  -1.07117
