-0.003971  0.00164852  2.10552
-0.00395175  0.00151801  2.27386
-0.00392995  0.00139261  2.46297
-0.00390658  0.00127263  2.6768
-0.003873  0.0011657  2.89354
-0.00383885  0.00105743  3.15751
-0.00379569  0.000974435  3.38215
-0.00374601  0.000888756  3.6523
-0.00369686  0.000816059  3.91744
-0.00362947  0.000741746  4.21906
-0.00356556  0.000683114  4.48762
-0.00348434  0.000640283  4.66097
-0.00341556  0.000611233  4.76997
-0.00331891  0.000582593  4.83856
-0.0032205  0.000560139  4.85683
-0.00315535  0.000550726  4.82154
-0.00310807  0.000541241  4.81868
-0.0030482  0.000530824  4.80047
-0.00297699  0.000520814  4.75599
-0.00292611  0.000513163  4.72776
-0.00287255  0.000504247  4.70513
-0.00281436  0.000494676  4.67854
-0.00273568  0.000484344  4.6159
-0.0026778  0.000475666  4.57842
-0.00260951  0.000467869  4.50876
-0.00254526  0.000458659  4.45922
-0.00247046  0.000450082  4.37801
-0.00239672  0.000440906  4.30186
-0.00232212  0.000433145  4.20673
-0.00225242  0.000424875  4.12454
-0.00217734  0.000417708  4.01559
-0.00209327  0.000410184  3.88427
-0.00201552  0.000402162  3.76844
-0.00191846  0.000393746  3.60248
-0.00185521  0.000388849  3.48519
-0.00174939  0.000380172  3.28639
-0.00167178  0.000373714  3.1355
-0.00156658  0.000366619  2.90924
-0.00148877  0.000361224  2.73728
-0.00137604  0.00035383  2.47588
-0.00127533  0.000348469  2.22497
-0.00116591  0.00034123  1.95149
-0.00106792  0.000336464  1.68792
-0.000939997  0.000330026  1.33322
-0.000842335  0.000327082  1.04664
-0.000709354  0.000321836  0.650499
-0.000577483  0.000319111  0.24281
-0.000443688  0.000316438  -0.177958
-0.000291795  0.000314498  -0.662023
-0.000129649  0.000312783  -1.18405
