-0.003971  0.00164852  2.10552
-0.00395395  0.00152442  2.26575
-0.00393541  0.00141759  2.42342
-0.00391491  0.00131159  2.60364
-0.00388845  0.0012121  2.79552
-0.00386243  0.00111273  3.02179
-0.00382914  0.00103087  3.22945
-0.00378773  0.000958068  3.43163
-0.00373714  0.000887147  3.64893
-0.00368166  0.000826554  3.84931
-0.00363706  0.000763679  4.10783
-0.00358086  0.000720221  4.27767
-0.00352141  0.000664317  4.54815
-0.00344968  0.000629057  4.68905
-0.00337324  0.000595769  4.82274
-0.00328395  0.000572597  4.86198
-0.00320201  0.000553317  4.88329
-0.00314783  0.000542988  4.8764
-0.00307691  0.000533157  4.83331
-0.00302084  0.000522741  4.82236
-0.00295014  0.000510262  4.80174
-0.00289206  0.000502229  4.76288
-0.0028241  0.000492403  4.71991
-0.00275786  0.00048324  4.67234
-0.00268923  0.000473317  4.6253
-0.00262301  0.000463788  4.57754
-0.00253797  0.00045423  4.48664
-0.00246406  0.000446029  4.40344
-0.00240628  0.000436814  4.36406
-0.0023271  0.000427357  4.27535
-0.00222937  0.000417321  4.14398
-0.00215754  0.000411087  4.0321
-0.00207185  0.000401915  3.91091
-0.00198132  0.000393716  3.76242
-0.0019033  0.000387048  3.62565
-0.00179124  0.000378433  3.41205
-0.00174524  0.000374195  3.32779
-0.00158983  0.000363945  2.99449
-0.00154233  0.000359595  2.89861
-0.00143794  0.000353202  2.65554
-0.00129707  0.000344818  2.31156
-0.0011808  0.000338722  2.00991
-0.0011808  0.000338722  2.00991
-0.000937468  0.000326109  1.34148
-0.000860577  0.000327138  1.10222
-0.000694971  0.000317885  0.613337
-0.000584003  0.000316657  0.265281
-0.000442057  0.000312347  -0.185507
-0.000335646  0.000310399  -0.529492
-4.20138e-05  0.000307515  -1.48931
