-0.010865  0.0047755  2.17045
-0.0107818  0.00461866  2.22614
-0.010696  0.00446258  2.28477
-0.0106087  0.00431075  2.34501
-0.0105196  0.00416005  2.40852
-0.0104278  0.00400959  2.47603
-0.0103332  0.00386218  2.54603
-0.0102347  0.00371616  2.61956
-0.0101337  0.00357515  2.69462
-0.0100295  0.0034349  2.77431
-0.00992069  0.00329794  2.85654
-0.00981098  0.00316208  2.94457
-0.00969951  0.00302604  3.04012
-0.009586  0.00289377  3.13985
-0.00946868  0.00276452  3.24421
-0.00934886  0.00263624  3.35662
-0.00922891  0.0025095  3.47835
-0.00910091  0.00238694  3.60331
-0.00897312  0.00226567  3.73978
-0.00883634  0.00214767  3.88158
-0.00870179  0.00203216  4.036
-0.00855841  0.00192009  4.19689
-0.00841094  0.00181392  4.36125
-0.00826009  0.00171276  4.53076
-0.00810071  0.00161119  4.71745
-0.0079375  0.00151452  4.91079
-0.00776752  0.00142605  5.09625
-0.00759447  0.00133906  5.29808
-0.00741167  0.00126018  5.48466
-0.0072214  0.00118612  5.66674
-0.00702018  0.00112051  5.81892
-0.00681019  0.00105943  5.95618
-0.00659712  0.00100396  6.07307
-0.00637265  0.000951451  6.1723
-0.00615554  0.000904561  6.25225
-0.00592  0.000859149  6.30857
-0.00568411  0.000819017  6.32968
-0.00554894  0.000799838  6.31245
-0.00541866  0.000781091  6.29717
-0.00527122  0.000762887  6.25416
-0.00511882  0.00074684  6.18448
-0.00494379  0.00072967  6.09014
-0.00473587  0.000713852  5.93382
-0.00452943  0.000698536  5.76839
-0.00430126  0.000684179  5.55594
-0.00409094  0.000673828  5.32916
-0.00383288  0.0006635  5.02318
-0.00354697  0.000654103  4.65824
-0.00322994  0.000647779  4.21431
-0.00279368  0.000643352  3.56521
