-0.003971  0.00164852  2.10552
-0.00395248  0.00151419  2.28008
-0.00393547  0.00140561  2.44412
-0.00391407  0.00128903  2.64856
-0.00388881  0.00118029  2.87118
-0.00385664  0.00108692  3.08821
-0.00381699  0.00100427  3.30287
-0.00376552  0.0009193  3.55217
-0.00371492  0.000849678  3.78369
-0.00367335  0.000781309  4.06158
-0.00361445  0.000725922  4.29034
-0.00355637  0.000675832  4.52238
-0.00348575  0.000638965  4.6728
-0.00340955  0.00061477  4.73274
-0.0033305  0.000596194  4.74761
-0.00326361  0.000585852  4.71725
-0.00322231  0.000573637  4.74571
-0.00316059  0.000564642  4.712
-0.00310538  0.000553181  4.70981
-0.00305362  0.000542773  4.70478
-0.00299522  0.00053082  4.70069
-0.0029271  0.000523968  4.63216
-0.00286038  0.000513054  4.60065
-0.00279945  0.000503575  4.56625
-0.00273069  0.000494206  4.51368
-0.00266016  0.000484761  4.45614
-0.00258564  0.000476047  4.38115
-0.00251098  0.000466516  4.31062
-0.00243007  0.000458356  4.21084
-0.00235259  0.000449902  4.11776
-0.00227532  0.000440647  4.0289
-0.00219971  0.000431844  3.93593
-0.00211658  0.000423754  3.81491
-0.00203403  0.000415917  3.6883
-0.00194665  0.000408826  3.53854
-0.00184931  0.000400431  3.36965
-0.00175166  0.000393144  3.18372
-0.00165237  0.000387251  2.97576
-0.00154791  0.000379863  2.75865
-0.0014429  0.000374016  2.52102
-0.00133689  0.00036745  2.27757
-0.00121539  0.000361484  1.97903
-0.00110006  0.00035625  1.68439
-0.000980952  0.000350779  1.3711
-0.000863093  0.00034606  1.04922
-0.00073119  0.000341585  0.676814
-0.000588334  0.000337698  0.261578
-0.0004363  0.000334813  -0.190256
-0.000283547  0.000332942  -0.650122
-9.97688e-05  0.000332376  -1.20415
