-0.003971  0.00164852  2.10552
-0.00396093  0.00157343  2.19962
-0.003951  0.00150417  2.29428
-0.00393928  0.00142867  2.40732
-0.00392745  0.00135926  2.52155
-0.00391634  0.00130034  2.62727
-0.00390243  0.00123505  2.75489
-0.00388637  0.00117142  2.89082
-0.00386828  0.00111485  3.02128
-0.003845  0.00106137  3.15158
-0.00382049  0.00101051  3.28597
-0.0037978  0.000966717  3.41133
-0.00377143  0.000923894  3.54091
-0.00374205  0.000877342  3.69531
-0.00371126  0.000841569  3.81581
-0.00368275  0.000801824  3.96938
-0.003658  0.000763433  4.13658
-0.0036228  0.000728212  4.28831
-0.00358231  0.000707424  4.3571
-0.00354589  0.000688699  4.42267
-0.00350842  0.000655016  4.5929
-0.00346731  0.000631007  4.70249
-0.00343596  0.000621047  4.72743
-0.0033801  0.000608934  4.72974
-0.00332909  0.000595872  4.74782
-0.00322922  0.000580801  4.69905
-0.00316256  0.000567313  4.69328
-0.00308624  0.000552594  4.68018
-0.0030072  0.000538123  4.65915
-0.00292018  0.000523823  4.62023
-0.00283706  0.000509916  4.58323
-0.00274501  0.000496195  4.52445
-0.00264748  0.000483341  4.443
-0.0025464  0.000470723  4.34736
-0.0024363  0.000458384  4.22418
-0.00232761  0.000446687  4.09147
-0.00221777  0.000434114  3.95695
-0.00210674  0.000422638  3.80169
-0.00198538  0.000411861  3.6065
-0.00185827  0.000401588  3.38223
-0.00173445  0.00039189  3.14999
-0.00158365  0.000382122  2.83588
-0.00143418  0.000373493  2.50119
-0.00127874  0.000365089  2.13301
-0.00111157  0.000357292  1.71168
-0.000945735  0.000349894  1.27391
-0.000760525  0.000342916  0.759733
-0.000580756  0.000337727  0.239118
-0.000374806  0.000333886  -0.37496
-0.000134528  0.000332371  -1.09959
