-0.003971  0.00164852  2.10552
-0.00395395  0.00152442  2.26575
-0.00393541  0.00141759  2.42342
-0.00391491  0.00131159  2.60364
-0.00388956  0.00121632  2.78673
-0.00386243  0.00111273  3.02179
-0.00382914  0.00103087  3.22945
-0.00377221  0.000951002  3.44081
-0.00374427  0.000889491  3.64734
-0.00369187  0.000830647  3.84264
-0.00364043  0.00076637  4.0978
-0.00357796  0.000718092  4.2863
-0.00350088  0.000653346  4.5931
-0.00344521  0.000637383  4.62078
-0.00337994  0.000598462  4.81224
-0.0033007  0.000576883  4.85489
-0.00317828  0.000548594  4.88209
-0.00309575  0.000540163  4.80549
-0.0030457  0.000527085  4.82977
-0.00301597  0.000522581  4.81451
-0.002921  0.000506472  4.78014
-0.00284283  0.00049973  4.68819
-0.0027925  0.000486657  4.71071
-0.0027069  0.000477758  4.61929
-0.00265957  0.000469251  4.60216
-0.00257642  0.000458128  4.5324
-0.00255843  0.0004561  4.51311
-0.00244207  0.000441498  4.39881
-0.00233466  0.000429646  4.27016
-0.00230082  0.00042685  4.21886
-0.00219636  0.000416568  4.07224
-0.00217322  0.00041202  4.06102
-0.00204744  0.000401474  3.8544
-0.00200181  0.000395684  3.79548
-0.00185965  0.000385881  3.52349
-0.00181388  0.000379517  3.46197
-0.00169539  0.000371568  3.21714
-0.00161529  0.000365207  3.05386
-0.00152298  0.000357665  2.86015
-0.0013857  0.00034962  2.53333
-0.00131797  0.000344781  2.37244
-0.00119048  0.000339602  2.03321
-0.00104994  0.000332039  1.65625
-0.000947316  0.000327606  1.36541
-0.000821286  0.000322079  0.997538
-0.000684736  0.000317443  0.581951
-0.000544765  0.000314112  0.142512
-0.000383036  0.000310574  -0.376606
-0.000250258  0.000308908  -0.808465
-1.15358e-05  0.000308028  -1.58578
