-0.003971  0.00164852  2.10552
-0.00395326  0.00151954  2.27258
-0.00392785  0.00136151  2.51768
-0.00390348  0.00123962  2.74558
-0.00386929  0.00114187  2.95069
-0.0038421  0.00105794  3.15908
-0.00378029  0.000947975  3.46031
-0.00371479  0.000887079  3.62401
-0.00368471  0.000802758  3.96721
-0.00359345  0.000709604  4.3594
-0.0035467  0.000675852  4.50793
-0.0034582  0.00065578  4.51096
-0.00332764  0.000606541  4.6619
-0.00325898  0.000582513  4.73633
-0.00313358  0.00054853  4.80115
-0.00303661  0.000543355  4.66841
-0.00301532  0.000528885  4.75589
-0.0029353  0.000518374  4.69796
-0.00291973  0.000517712  4.67389
-0.00281755  0.000500467  4.63078
-0.00279354  0.000496902  4.61568
-0.00269343  0.000487075  4.50327
-0.00266052  0.000478911  4.51131
-0.0025997  0.000471263  4.45549
-0.00254011  0.000461388  4.42167
-0.00247779  0.000454734  4.34933
-0.00236247  0.00044801  4.15721
-0.00235011  0.000442398  4.182
-0.00225508  0.000430486  4.07697
-0.00220804  0.000425475  4.01443
-0.00207617  0.000411269  3.83246
-0.0020381  0.000409092  3.75978
-0.00195997  0.000400208  3.64804
-0.00185631  0.000394308  3.43973
-0.00178507  0.00038893  3.3041
-0.00165157  0.000379802  3.03202
-0.00157414  0.000371947  2.88788
-0.00149099  0.00036715  2.69913
-0.00137677  0.000363036  2.41511
-0.00128765  0.000355456  2.21589
-0.00120088  0.000352562  1.98798
-0.00107966  0.00034655  1.67265
-0.000988348  0.000340786  1.433
-0.000876495  0.000334203  1.12654
-0.00076077  0.000331904  0.78568
-0.000626485  0.00032833  0.385238
-0.000522691  0.000323944  0.0700448
-0.000337715  0.000320613  -0.50617
-0.000337715  0.000320613  -0.50617
-3.10323e-05  0.000318515  -1.47236
