-0.003971  0.00164852  2.10552
-0.00395375  0.00152318  2.26746
-0.00393582  0.00141273  2.43205
-0.00391317  0.00128793  2.65012
-0.00388628  0.00119679  2.82947
-0.00385257  0.00110293  3.0397
-0.00381394  0.00101533  3.26392
-0.00376904  0.000938431  3.48352
-0.00372557  0.000860056  3.75042
-0.00367749  0.000789613  4.02411
-0.00362038  0.000728121  4.28552
-0.00355425  0.000684452  4.46233
-0.00348727  0.00063784  4.68341
-0.00341278  0.000606121  4.80561
-0.00333184  0.000581355  4.87111
-0.00324766  0.000562769  4.8824
-0.00318858  0.000551815  4.87225
-0.00313085  0.00054129  4.86035
-0.00307185  0.000531058  4.84288
-0.00301297  0.000521525  4.8185
-0.0029502  0.000511098  4.79399
-0.00288237  0.000501607  4.74946
-0.00281821  0.000492287  4.70905
-0.00275855  0.000482735  4.67866
-0.00268896  0.000472698  4.63077
-0.00262755  0.00046328  4.59236
-0.00255063  0.000453132  4.52547
-0.00247515  0.000443894  4.4496
-0.00240992  0.000436234  4.3782
-0.00233524  0.000428706  4.28089
-0.00223782  0.000417535  4.16209
-0.00216982  0.00041035  4.06926
-0.00208381  0.000402233  3.93754
-0.00199842  0.000394621  3.79712
-0.00189157  0.000384374  3.62036
-0.00183649  0.000380921  3.50857
-0.00172658  0.000372794  3.29023
-0.0016326  0.000364297  3.10899
-0.00153914  0.000359084  2.89387
-0.00141866  0.000351629  2.61258
-0.00131504  0.000345246  2.36076
-0.00122449  0.000339179  2.13601
-0.00108212  0.000335366  1.73578
-0.000976331  0.000328411  1.45041
-0.000856258  0.000324295  1.09856
-0.00075467  0.000320253  0.795214
-0.000586769  0.000315703  0.274842
-0.000436694  0.000312609  -0.202509
-0.000285655  0.000310059  -0.691305
-0.000126545  0.00030811  -1.21209
