-0.00397087  0.00164847  2.10551
-0.0039523  0.00152984  2.25663
-0.00393112  0.00141523  2.42442
-0.00390425  0.00131449  2.58979
-0.00387359  0.0012136  2.77982
-0.00383999  0.00111213  3.00323
-0.00379963  0.00103289  3.19456
-0.00375676  0.000956026  3.40656
-0.00370555  0.000877985  3.65104
-0.00365705  0.00080951  3.89995
-0.00359767  0.000751561  4.12164
-0.00353346  0.000705617  4.29901
-0.0034625  0.000661557  4.47807
-0.00340118  0.000621248  4.66992
-0.0033186  0.000589825  4.77871
-0.00322852  0.000570502  4.78267
-0.0031717  0.000555801  4.80693
-0.0031231  0.000543827  4.8234
-0.00305491  0.000534646  4.77868
-0.00300003  0.000523637  4.77436
-0.0029387  0.000513516  4.74903
-0.00286984  0.000504273  4.69951
-0.00281504  0.000494739  4.6793
-0.00273797  0.000482797  4.63543
-0.00267268  0.00047371  4.58652
-0.00260062  0.000464608  4.52128
-0.00253863  0.00045654  4.4654
-0.00245391  0.000446025  4.38072
-0.00238301  0.000437941  4.2997
-0.00229765  0.000427722  4.20284
-0.00222741  0.000419793  4.11491
-0.00215041  0.000411086  4.01475
-0.00206927  0.000403191  3.89212
-0.00198124  0.000395187  3.74821
-0.00188284  0.000387932  3.56464
-0.00178727  0.000379393  3.39296
-0.00168395  0.000372442  3.17889
-0.00160005  0.000365235  3.0119
-0.00150478  0.00035851  2.80265
-0.00138085  0.000352486  2.49896
-0.00129561  0.000345711  2.30138
-0.00116155  0.000338302  1.95551
-0.00104107  0.000332537  1.62709
-0.000928525  0.00032829  1.30533
-0.000797502  0.000323853  0.918633
-0.000672048  0.000319628  0.538275
-0.000535692  0.00031526  0.113213
-0.000380054  0.000313187  -0.382986
-0.000221879  0.000310889  -0.8946
-1.10397e-05  0.000310314  -1.5757
