-0.003971  0.00164852  2.10552
-0.00395418  0.00152581  2.26383
-0.00393375  0.00140537  2.44331
-0.00391112  0.0012953  2.63346
-0.00388488  0.00119379  2.8354
-0.00384495  0.00110086  3.03848
-0.00380864  0.00101754  3.2516
-0.00376981  0.000936951  3.48984
-0.00371898  0.000857735  3.75288
-0.00366536  0.00078028  4.0567
-0.00361929  0.000732201  4.26015
-0.003545  0.00067504  4.51084
-0.0034967  0.000644957  4.64636
-0.00340408  0.000607109  4.78346
-0.00332094  0.00058246  4.84314
-0.00323558  0.000561078  4.87557
-0.0031593  0.000549332  4.84097
-0.00311151  0.000539484  4.84075
-0.00307072  0.000531303  4.83853
-0.00299531  0.00052215  4.77891
-0.00293581  0.000510736  4.76922
-0.00286206  0.000499522  4.72864
-0.00280507  0.000491387  4.69094
-0.00273956  0.000482014  4.64626
-0.0026693  0.000470816  4.60754
-0.00260677  0.000462326  4.5569
-0.00252523  0.000453754  4.46328
-0.00246859  0.000444793  4.42587
-0.00240381  0.000435973  4.3668
-0.00231211  0.000427241  4.24142
-0.00223005  0.000416928  4.14951
-0.00214797  0.000408833  4.03092
-0.00206693  0.000401467  3.90301
-0.00198787  0.000394017  3.77616
-0.00189814  0.000386177  3.62046
-0.00180126  0.000378843  3.43482
-0.00169299  0.000371316  3.21286
-0.00160773  0.000364361  3.04019
-0.00152922  0.000358695  2.86935
-0.00141633  0.000351646  2.60584
-0.00130864  0.00034505  2.34356
-0.00118768  0.000338548  2.03127
-0.00113677  0.000335752  1.89654
-0.00095144  0.000327828  1.37706
-0.00083506  0.000323626  1.03533
-0.000704638  0.000318399  0.64271
-0.000602365  0.000316051  0.323888
-0.000411084  0.000311755  -0.28521
-0.000275249  0.00030997  -0.725074
-0.000105926  0.000307421  -1.28187
