-0.003971  0.00164852  2.10552
-0.00395353  0.00152966  2.25771
-0.00393441  0.00141361  2.42954
-0.00391181  0.00129875  2.62699
-0.0038853  0.0011993  2.82274
-0.00385422  0.00110101  3.04649
-0.00381449  0.0010225  3.24154
-0.00377778  0.000949523  3.45202
-0.00373126  0.00087118  3.70906
-0.00367489  0.000795725  3.98993
-0.00362812  0.000743524  4.20716
-0.00357331  0.000695483  4.41895
-0.00350182  0.000653333  4.59463
-0.00344641  0.000624118  4.72092
-0.00336308  0.000597859  4.78889
-0.00327819  0.000571473  4.86145
-0.00320897  0.000561203  4.82708
-0.00314653  0.000549262  4.81833
-0.00309737  0.000539102  4.81796
-0.00303355  0.000528301  4.79565
-0.00298405  0.000517842  4.79693
-0.00291636  0.000507864  4.75789
-0.00283886  0.000497421  4.70196
-0.00277111  0.000486194  4.6712
-0.00271769  0.000477514  4.64425
-0.00264759  0.000468202  4.58689
-0.00255954  0.000458429  4.49259
-0.00249144  0.000447878  4.4464
-0.00242421  0.00043934  4.37977
-0.00233812  0.000430431  4.27043
-0.00226192  0.000420449  4.19057
-0.00217736  0.000411665  4.07459
-0.00208865  0.000402864  3.9434
-0.00200466  0.000394893  3.8103
-0.00190878  0.000387192  3.63845
-0.00180606  0.000379292  3.44341
-0.0017128  0.000371653  3.26325
-0.00160849  0.000362979  3.05386
-0.00151464  0.000357732  2.83631
-0.00140815  0.000349961  2.595
-0.00127651  0.000342378  2.26799
-0.00118261  0.000337648  2.02167
-0.00104961  0.000332284  1.65404
-0.000931858  0.000326275  1.3236
-0.000808357  0.000321782  0.958279
-0.000670446  0.00031743  0.536956
-0.000512925  0.000313426  0.0412385
-0.000370197  0.000310942  -0.417452
-0.000208843  0.000308022  -0.945248
-1.02777e-05  0.000307397  -1.59313
