-0.0039391  0.00142757  2.40906
-0.00391022  0.00127043  2.68431
-0.0038938  0.00119928  2.82986
-0.00384764  0.0010681  3.13419
-0.00381219  0.000995396  3.32751
-0.00376431  0.000917016  3.55971
-0.00372902  0.000866986  3.72442
-0.0036905  0.000802124  3.97756
-0.00361309  0.000720546  4.32045
-0.00353765  0.000690669  4.39813
-0.00348674  0.000639605  4.66967
-0.00341161  0.00061377  4.74381
-0.00334541  0.00059828  4.75599
-0.0032747  0.000590831  4.69627
-0.00322301  0.000579574  4.69829
-0.00317024  0.000569062  4.69235
-0.00312907  0.000560667  4.68917
-0.00305768  0.000549546  4.65416
-0.00300846  0.000539662  4.6482
-0.00295601  0.000529331  4.63984
-0.00289666  0.000519248  4.61564
-0.00284018  0.000510125  4.58746
-0.00277476  0.0005005  4.54498
-0.0027183  0.000492372  4.50534
-0.00264205  0.000483293  4.43219
-0.00257287  0.000473863  4.3744
-0.00250851  0.000466616  4.30442
-0.00242393  0.000457114  4.20887
-0.00234996  0.000449078  4.11947
-0.00227138  0.000440522  4.0211
-0.00219428  0.000432229  3.91986
-0.00211802  0.000423919  3.81681
-0.00202734  0.000416462  3.66742
-0.00192659  0.000407312  3.50244
-0.00185478  0.000400771  3.38043
-0.00178388  0.00039526  3.24818
-0.00167351  0.000387682  3.027
-0.00157608  0.000381682  2.81931
-0.00149646  0.000376918  2.64369
-0.00135392  0.000368513  2.3172
-0.00125989  0.000363638  2.08968
-0.00116047  0.000359346  1.83797
-0.00102939  0.000353152  1.49905
-0.000919262  0.000348096  1.20444
-0.000800735  0.000344192  0.873742
-0.000667187  0.000339854  0.491939
-0.000545123  0.000336778  0.133984
-0.000378656  0.000334327  -0.362949
-0.000247522  0.000332814  -0.758615
-4.77216e-05  0.000332426  -1.36054
