-0.003971  0.00164852  2.10552
-0.00395522  0.00153303  2.25385
-0.00393786  0.00141999  2.42105
-0.00391839  0.00131832  2.59298
-0.00389774  0.00121904  2.78722
-0.00387316  0.0011323  2.97902
-0.00383694  0.00105588  3.16033
-0.0037973  0.000986886  3.34111
-0.00376114  0.000912855  3.57247
-0.00370974  0.000853625  3.76012
-0.00366097  0.000792414  3.98904
-0.00361308  0.000742897  4.19046
-0.00355951  0.000693652  4.41072
-0.00349551  0.000650571  4.60443
-0.00342919  0.000614303  4.76831
-0.00336161  0.000592504  4.82969
-0.00328948  0.000574129  4.85862
-0.00322564  0.000563104  4.84038
-0.00316735  0.0005523  4.82953
-0.00310259  0.000540658  4.81374
-0.00303705  0.000530188  4.7852
-0.00297289  0.000519594  4.75928
-0.00291944  0.000508607  4.757
-0.00283779  0.000497293  4.70103
-0.00276935  0.00048834  4.64707
-0.00269155  0.000477819  4.58657
-0.00260933  0.000465634  4.53003
-0.00254628  0.000457638  4.47139
-0.00249255  0.000448558  4.44212
-0.0023934  0.000439525  4.30783
-0.00233114  0.000429319  4.26523
-0.00222661  0.000420296  4.10807
-0.00214921  0.000410769  4.01494
-0.0020513  0.000402322  3.85588
-0.00195307  0.000392125  3.70564
-0.00187142  0.000385745  3.55526
-0.00175129  0.000379057  3.30106
-0.00168425  0.000371365  3.18892
-0.00155048  0.000362568  2.89732
-0.00143857  0.000355786  2.63802
-0.00132833  0.000349114  2.37266
-0.00123131  0.000342426  2.13568
-0.00113742  0.000338154  1.885
-0.000953739  0.000329498  1.37706
-0.000841529  0.000325087  1.05058
-0.000712706  0.000320752  0.663146
-0.000565249  0.000316865  0.205921
-0.000415124  0.000313674  -0.270588
-0.000256261  0.000310324  -0.785433
-6.51139e-05  0.000309094  -1.40697
