-0.010865  0.0047755  2.17045
-0.0107796  0.00461424  2.22779
-0.0106916  0.00445598  2.28718
-0.0106024  0.00430036  2.34919
-0.0105095  0.00414345  2.41574
-0.0104164  0.00399389  2.48289
-0.0103171  0.00383994  2.55657
-0.0102104  0.00369218  2.63
-0.0101115  0.00355553  2.70325
-0.0100024  0.00340299  2.79236
-0.00989265  0.00326483  2.87692
-0.00977625  0.00312197  2.97128
-0.00965412  0.0029782  3.07371
-0.00954568  0.00285105  3.17275
-0.00941685  0.0027108  3.28938
-0.00929071  0.00257895  3.40864
-0.00916621  0.00245173  3.53473
-0.00905039  0.00234561  3.64527
-0.00891572  0.00221585  3.79797
-0.00876112  0.00208641  3.95948
-0.00862853  0.00197498  4.11574
-0.00846758  0.00185628  4.29222
-0.00831411  0.00174802  4.47028
-0.00815878  0.00164618  4.65247
-0.00800286  0.00155511  4.82466
-0.00783031  0.00145555  5.0361
-0.00763824  0.00135713  5.2598
-0.00745244  0.00128559  5.40797
-0.00728959  0.00122289  5.5521
-0.00705473  0.00114104  5.74454
-0.00683167  0.00107142  5.9096
-0.00662241  0.00101766  6.01614
-0.00639835  0.000958571  6.15328
-0.00622226  0.000923045  6.19933
-0.00592816  0.000861637  6.29982
-0.00569287  0.000818225  6.3465
-0.00553665  0.000797177  6.3181
-0.00540471  0.000778712  6.29849
-0.00527346  0.000764425  6.24451
-0.00514358  0.000750481  6.18748
-0.00500191  0.00073829  6.09775
-0.00477539  0.000718506  5.95039
-0.00466493  0.000707917  5.88335
-0.00444334  0.000694482  5.67811
-0.00421784  0.000681602  5.45456
-0.003958  0.000669977  5.16138
-0.00372534  0.000661662  4.87461
-0.00342154  0.000652172  4.47971
-0.00312912  0.000647622  4.05965
-0.0027076  0.000644584  3.42485
