-0.00383249  0.00105007  3.17358
-0.00381332  0.00101639  3.25991
-0.00380532  0.000987938  3.34568
-0.00379121  0.000959148  3.43139
-0.00378576  0.000948199  3.46526
-0.00376212  0.000910979  3.5809
-0.00375158  0.000887345  3.6644
-0.00373846  0.000866104  3.73911
-0.00371861  0.000837768  3.84188
-0.00370466  0.000818556  3.91501
-0.00369459  0.000805931  3.96386
-0.00367055  0.00077987  4.06548
-0.00364529  0.000761169  4.13219
-0.00363224  0.00074062  4.22921
-0.00361433  0.000718875  4.33223
-0.00358649  0.000708116  4.35874
-0.0035621  0.000695085  4.40536
-0.00353112  0.000681227  4.4495
-0.00350138  0.000675986  4.44
-0.00349339  0.000644927  4.64144
-0.00346913  0.000632256  4.69608
-0.00343716  0.000622549  4.71795
-0.00341202  0.000615743  4.72928
-0.00338332  0.000608657  4.73718
-0.00334003  0.000597973  4.74943
-0.00323687  0.000585229  4.67658
-0.0031652  0.000569879  4.67677
-0.00309374  0.000554337  4.679
-0.00301832  0.000540098  4.66271
-0.00293122  0.000525311  4.62816
-0.00284519  0.00051128  4.5869
-0.00275392  0.000497441  4.53102
-0.00265593  0.000484565  4.44922
-0.00255349  0.000471535  4.3549
-0.00244263  0.000459474  4.22795
-0.00233022  0.000447066  4.09384
-0.00222414  0.000435085  3.96277
-0.00210754  0.000423299  3.79763
-0.00197337  0.000413379  3.5642
-0.00184296  0.000402586  3.33584
-0.00172155  0.000391414  3.12087
-0.00157874  0.000381976  2.8241
-0.00142445  0.0003732  2.4771
-0.00128404  0.000364744  2.14956
-0.00111025  0.000356811  1.7103
-0.000946522  0.000349206  1.27868
-0.000792523  0.00034354  0.851496
-0.000587512  0.000337871  0.259009
-0.000359692  0.000333681  -0.420485
-0.000117442  0.000332386  -1.15095
