-0.003971  0.00164852  2.10552
-0.00395488  0.00153369  2.25265
-0.0039374  0.0014173  2.42531
-0.00391948  0.00131649  2.59742
-0.00389688  0.00121331  2.79968
-0.00386749  0.00111406  3.02271
-0.00382896  0.00104065  3.19892
-0.00379179  0.000965572  3.40916
-0.00374615  0.000892823  3.63583
-0.00370307  0.000829218  3.86277
-0.00364268  0.000756004  4.15695
-0.00359515  0.000714671  4.33087
-0.00353561  0.000667324  4.54893
-0.00346135  0.000632678  4.68066
-0.00338836  0.000606184  4.76482
-0.00331722  0.000581324  4.84622
-0.0032356  0.000561709  4.87014
-0.00317452  0.000550136  4.86156
-0.00312124  0.000540401  4.85054
-0.00305054  0.000528767  4.82356
-0.00298861  0.000519479  4.7906
-0.00292361  0.000509189  4.75975
-0.00286007  0.000499415  4.72567
-0.00278665  0.000489265  4.67365
-0.00272778  0.000479199  4.64898
-0.00265672  0.000468998  4.59857
-0.00258847  0.000459266  4.54741
-0.00251027  0.000449267  4.47456
-0.00243836  0.000440618  4.39919
-0.00236107  0.000432057  4.30748
-0.00228263  0.000422745  4.21681
-0.00219533  0.000413839  4.09661
-0.00211046  0.00040501  3.97636
-0.00203143  0.000396862  3.85884
-0.00193913  0.000389706  3.69285
-0.00182947  0.000380905  3.49029
-0.00174236  0.000372882  3.33177
-0.00164975  0.000365544  3.14532
-0.0015356  0.000358049  2.89236
-0.00144166  0.000352201  2.67364
-0.0013293  0.000345666  2.39913
-0.00120629  0.00033937  2.08117
-0.00109672  0.000333304  1.79031
-0.000967672  0.00032763  1.42744
-0.000838217  0.000322635  1.0483
-0.000705589  0.000318098  0.646307
-0.00056263  0.000313733  0.199629
-0.000433973  0.000311288  -0.212111
-0.000260677  0.000308652  -0.775382
-7.12218e-05  0.000307184  -1.39584
