-0.00395462  0.00162992  2.1195
-0.00393052  0.00149418  2.29592
-0.00390452  0.00137854  2.46964
-0.00388939  0.00127988  2.64822
-0.00385783  0.00119052  2.82048
-0.00381958  0.0010953  3.03076
-0.00377931  0.00100534  3.26188
-0.00373083  0.000918976  3.51569
-0.00369961  0.000868171  3.68546
-0.00363833  0.000794003  3.95254
-0.00357523  0.00072891  4.21894
-0.00351886  0.000680653  4.43525
-0.00345768  0.000634956  4.65808
-0.00338692  0.000602189  4.79404
-0.00330362  0.000579513  4.83789
-0.00323356  0.00056248  4.85984
-0.00318403  0.000552248  4.86019
-0.00312637  0.000542868  4.83795
-0.00307304  0.000531408  4.84194
-0.0030139  0.000522063  4.81531
-0.0029427  0.000511803  4.77273
-0.002885  0.000501376  4.7569
-0.00281988  0.000491763  4.71747
-0.00275295  0.000481593  4.67812
-0.00268775  0.000472032  4.63475
-0.00262048  0.000462703  4.58282
-0.00255249  0.000453599  4.52489
-0.00247383  0.000443606  4.4495
-0.00240391  0.000435133  4.37547
-0.00232609  0.000426116  4.28542
-0.00224213  0.000417317  4.17458
-0.00216126  0.000408987  4.0619
-0.00207542  0.000401035  3.92838
-0.0019904  0.000393359  3.78891
-0.00190067  0.000384894  3.63911
-0.00180955  0.000377947  3.46489
-0.00171444  0.000370535  3.27753
-0.00161776  0.000363341  3.07633
-0.00151547  0.000356784  2.84617
-0.00140381  0.000349898  2.58307
-0.00129976  0.000343877  2.32573
-0.00120373  0.000338627  2.07819
-0.00107034  0.000332789  1.71381
-0.00095433  0.000327439  1.38753
-0.000834469  0.000322137  1.03828
-0.000705729  0.00031789  0.64717
-0.000547852  0.000313807  0.152488
-0.000434551  0.000311239  -0.210285
-0.000288071  0.000309193  -0.685428
-8.70154e-05  0.00030769  -1.34221
