-0.003971  0.00164852  2.10552
-0.00395479  0.00153282  2.25387
-0.00393545  0.00140549  2.44431
-0.00391418  0.00128956  2.64754
-0.00389232  0.00121206  2.7988
-0.00386474  0.00111796  3.0097
-0.00382562  0.0010309  3.22594
-0.00378663  0.000966819  3.39943
-0.00374096  0.000880024  3.6828
-0.00369334  0.000818186  3.90295
-0.00364001  0.000764119  4.10933
-0.00358566  0.000707757  4.35977
-0.00352447  0.000668107  4.52692
-0.00345118  0.000631276  4.67494
-0.00338662  0.000599501  4.81504
-0.00331241  0.000579332  4.85457
-0.00321963  0.000559335  4.86225
-0.0031511  0.000549244  4.82681
-0.00309133  0.000538737  4.81001
-0.00303473  0.000527314  4.80686
-0.00296  0.000515641  4.77076
-0.00290757  0.000507848  4.74073
-0.0028444  0.000497168  4.7155
-0.00277464  0.000487591  4.66506
-0.00271418  0.0004778  4.63412
-0.00264779  0.000468453  4.58486
-0.00256939  0.000458774  4.5107
-0.00250393  0.000448397  4.46909
-0.0024189  0.000439198  4.36909
-0.0023423  0.000430404  4.28038
-0.00225255  0.000421475  4.15813
-0.00217021  0.000413569  4.03852
-0.0020944  0.000403642  3.95003
-0.0020046  0.000395804  3.80137
-0.00191807  0.000387461  3.6599
-0.00181878  0.00037984  3.47194
-0.00172317  0.000372079  3.2874
-0.00162284  0.000365559  3.07158
-0.001518  0.000357554  2.84712
-0.00141051  0.000351376  2.59128
-0.00129598  0.000344604  2.30985
-0.00118859  0.000338378  2.03497
-0.00107028  0.000332715  1.71401
-0.000941506  0.000327554  1.34789
-0.000800456  0.000322545  0.931515
-0.000702208  0.000318675  0.634528
-0.00053828  0.000314408  0.121753
-0.00038557  0.000311081  -0.367845
-0.000201054  0.000308894  -0.967793
-2.60773e-05  0.000307913  -1.53915
