-0.003971  0.00164852  2.10552
-0.00395529  0.00153525  2.25063
-0.00393502  0.00140528  2.44437
-0.0039151  0.00131322  2.60055
-0.00388984  0.00121338  2.79371
-0.00385871  0.00112088  2.9965
-0.00381949  0.00104117  3.18825
-0.00377915  0.000960188  3.41511
-0.00373264  0.000885727  3.6497
-0.00368504  0.000815072  3.90768
-0.00363158  0.000754715  4.14936
-0.00357592  0.00070857  4.34103
-0.00350744  0.000661987  4.54305
-0.00343574  0.000623332  4.70976
-0.00336386  0.000592606  4.83265
-0.00327977  0.000570715  4.87067
-0.00319379  0.000551851  4.88136
-0.00313565  0.000541075  4.87114
-0.00307537  0.00053087  4.85122
-0.0030135  0.000521272  4.82186
-0.0029537  0.000511378  4.79821
-0.00288599  0.000501344  4.75919
-0.00282609  0.000491278  4.73477
-0.00276268  0.000482077  4.69361
-0.00268932  0.000471793  4.64043
-0.00262716  0.000462739  4.59688
-0.00255478  0.00045327  4.53324
-0.00248351  0.000444355  4.46381
-0.00240731  0.000435953  4.37504
-0.00233256  0.000426926  4.29246
-0.0022566  0.000418055  4.20183
-0.00217366  0.000409891  4.08319
-0.00209027  0.000401753  3.95832
-0.00200895  0.000393699  3.83276
-0.00191175  0.000385259  3.66441
-0.00182162  0.000378042  3.49596
-0.00172811  0.00037128  3.30778
-0.00163651  0.000363758  3.12435
-0.00153464  0.000356358  2.90337
-0.00142974  0.000350433  2.65312
-0.00132987  0.000344114  2.41162
-0.00120746  0.000338043  2.09281
-0.00109629  0.000332538  1.79313
-0.000980459  0.000327008  1.46926
-0.000845123  0.000322022  1.07174
-0.000718729  0.000317589  0.688719
-0.000592058  0.000313442  0.293701
-0.000433639  0.000310405  -0.213789
-0.000276999  0.000308084  -0.723832
-0.000104458  0.000306571  -1.29021
