-0.003971  0.00164852  2.10552
-0.0039545  0.00152804  2.26075
-0.00393474  0.00140122  2.45125
-0.00391491  0.00129317  2.64073
-0.00389019  0.00118542  2.8599
-0.00385745  0.00108864  3.08407
-0.00381203  0.0010144  3.265
-0.00377465  0.000924787  3.54098
-0.0037302  0.0008579  3.76524
-0.003681  0.000789454  4.02937
-0.00363718  0.000741197  4.23258
-0.00356179  0.000701964  4.36174
-0.00349945  0.000644533  4.65368
-0.00344545  0.000623771  4.72201
-0.00334205  0.000598483  4.74876
-0.00327221  0.000590816  4.69217
-0.00319241  0.00057485  4.68367
-0.00316361  0.00056748  4.69375
-0.00311035  0.000557226  4.68454
-0.00305394  0.000547027  4.66877
-0.00300255  0.000536  4.66893
-0.00294254  0.000525238  4.65036
-0.00286876  0.00051402  4.6083
-0.00281164  0.000505387  4.574
-0.0027368  0.000496198  4.50788
-0.0026709  0.000486127  4.4657
-0.00259807  0.000477352  4.39522
-0.0025189  0.000466571  4.3271
-0.00243894  0.000458996  4.2243
-0.00234787  0.000449399  4.11187
-0.00227943  0.000441036  4.03466
-0.00220731  0.000434231  3.93181
-0.00212923  0.000424856  3.83478
-0.00201872  0.000416279  3.64831
-0.00193935  0.000407709  3.53033
-0.00184286  0.000399899  3.35798
-0.00175162  0.000392513  3.18874
-0.00164376  0.000385894  2.96393
-0.00153769  0.000379923  2.73132
-0.00141508  0.0003719  2.46055
-0.00131361  0.000366353  2.22085
-0.0011979  0.000360827  1.93417
-0.00107525  0.000355471  1.61829
-0.000944142  0.000349125  1.27216
-0.000827845  0.000344913  0.950514
-0.000707467  0.000340885  0.608615
-0.000546968  0.000336893  0.139416
-0.000411955  0.000334358  -0.263325
-0.000260112  0.000332131  -0.72227
-3.89491e-05  0.000332035  -1.38856
