-0.010865  0.0047755  2.17045
-0.0107786  0.00461698  2.22626
-0.0106927  0.00445752  2.28663
-0.0106022  0.00430044  2.3491
-0.0105102  0.00414595  2.41445
-0.0104175  0.00399517  2.48238
-0.010317  0.00383939  2.55692
-0.0102188  0.00369721  2.62869
-0.0101111  0.00354626  2.71019
-0.0100061  0.0034068  2.79032
-0.00988891  0.00326118  2.87899
-0.00978183  0.00312874  2.96664
-0.00966994  0.00299535  3.06139
-0.00955503  0.00286193  3.16396
-0.00941645  0.00270744  3.29331
-0.00931074  0.00259536  3.3948
-0.00918531  0.00246946  3.5171
-0.00905552  0.00234448  3.64922
-0.00891817  0.00221769  3.79592
-0.00878492  0.00210196  3.94153
-0.00862422  0.00197401  4.1156
-0.00847219  0.00185746  4.29198
-0.00832004  0.00175216  4.46309
-0.00818821  0.0016643  4.6195
-0.00800838  0.00155565  4.82652
-0.00786235  0.00147231  5.00055
-0.00764435  0.0013662  5.22935
-0.00751647  0.00130204  5.38884
-0.00730715  0.00121487  5.6032
-0.00709742  0.00114381  5.76795
-0.00689804  0.0010855  5.89408
-0.00668304  0.00102397  6.03828
-0.00646536  0.00097096  6.14378
-0.0062402  0.000919755  6.24101
-0.00597303  0.000868742  6.29994
-0.00571734  0.00082192  6.34775
-0.00554437  0.000800492  6.30159
-0.0054591  0.000787121  6.3003
-0.00537876  0.000774487  6.29935
-0.00514812  0.000751648  6.1839
-0.00500023  0.000736141  6.11327
-0.00485052  0.000722326  6.02294
-0.00465197  0.00070592  5.88165
-0.00448819  0.000695893  5.73104
-0.00421475  0.000679782  5.46463
-0.00405025  0.000671585  5.28638
-0.00380061  0.000662423  4.98263
-0.00346955  0.000654877  4.53452
-0.00315928  0.000648481  4.10078
-0.00278692  0.000643917  3.55157
