-0.003971  0.00164852  2.10552
-0.00396126  0.00157576  2.19656
-0.00395128  0.00150605  2.29162
-0.00394004  0.0014334  2.39993
-0.00392839  0.00136454  2.51248
-0.00391634  0.00130034  2.62726
-0.00390141  0.00123063  2.76397
-0.00388608  0.00117038  2.89315
-0.003869  0.00111679  3.01668
-0.00384688  0.00106695  3.13686
-0.00382076  0.00101959  3.25695
-0.00379943  0.000970916  3.39826
-0.00377377  0.000923547  3.54478
-0.00374729  0.000879819  3.69086
-0.00371943  0.000840078  3.83229
-0.00368802  0.000803221  3.96905
-0.00365902  0.000763597  4.13702
-0.00362612  0.000731879  4.27136
-0.00358731  0.000704445  4.38261
-0.00355394  0.000674785  4.5258
-0.00352183  0.00065712  4.5986
-0.00347165  0.000638024  4.65758
-0.00343993  0.000622234  4.7248
-0.00338171  0.000609183  4.73045
-0.00333604  0.000597166  4.74917
-0.00324183  0.000583731  4.69708
-0.00317174  0.000568969  4.69577
-0.00309232  0.000554265  4.67703
-0.00301123  0.000538875  4.66013
-0.00293294  0.000525947  4.62582
-0.00284371  0.000510688  4.58933
-0.00275622  0.000497627  4.53395
-0.00265466  0.000484876  4.44374
-0.00255253  0.000473569  4.33417
-0.00245148  0.000459739  4.24475
-0.00233905  0.000448033  4.10473
-0.00222976  0.000435931  3.96796
-0.0021365  0.000425509  3.84599
-0.0019993  0.000413578  3.62519
-0.00188073  0.000405106  3.40831
-0.00172037  0.000393898  3.0982
-0.00159405  0.000384007  2.84905
-0.00145349  0.000374467  2.54625
-0.00129423  0.000365972  2.17018
-0.00114267  0.000358252  1.7939
-0.000985691  0.000351044  1.38356
-0.000804484  0.000344283  0.884401
-0.000617205  0.000338446  0.346304
-0.000565888  0.000337736  0.195087
-0.000183718  0.000332445  -0.951384
