-0.003971  0.00164852  2.10552
-0.00395388  0.00152375  2.26669
-0.00393406  0.0014159  2.42535
-0.00391114  0.00129891  2.62615
-0.00388129  0.00119882  2.82052
-0.00384869  0.00109407  3.06078
-0.00380129  0.00100036  3.30011
-0.00376263  0.000943047  3.45967
-0.00371013  0.000863555  3.71734
-0.0036591  0.000799975  3.949
-0.00360295  0.00074075  4.18894
-0.00353386  0.00068899  4.40334
-0.00346691  0.000660584  4.49134
-0.00342718  0.000627542  4.66451
-0.00330905  0.000584276  4.80774
-0.00322145  0.000561527  4.84651
-0.00315115  0.000552282  4.80036
-0.00309675  0.000540905  4.80075
-0.00304032  0.000530897  4.78496
-0.00297483  0.000520209  4.75738
-0.00291168  0.000509239  4.73586
-0.00285537  0.000502619  4.6862
-0.00278572  0.000489947  4.66524
-0.00272947  0.000481678  4.62855
-0.00266547  0.000471925  4.58859
-0.00259165  0.000461671  4.53061
-0.00252873  0.000453462  4.47386
-0.00244511  0.000445426  4.36686
-0.00238866  0.000436141  4.3304
-0.00230584  0.000426987  4.22927
-0.00221734  0.000418317  4.10535
-0.00212928  0.000410464  3.96937
-0.00205657  0.000401879  3.87322
-0.00195728  0.000394655  3.69253
-0.00188862  0.00038667  3.59123
-0.00179307  0.000378311  3.41801
-0.00169896  0.000371559  3.22684
-0.00160048  0.000363935  3.02384
-0.0014994  0.00035722  2.79771
-0.0014004  0.000351015  2.56513
-0.00128476  0.000344593  2.27736
-0.00117993  0.000339078  2.00523
-0.00105628  0.000332923  1.67091
-0.000942885  0.000328216  1.34937
-0.000817341  0.000323792  0.980075
-0.000668808  0.000319222  0.52881
-0.000523631  0.000315536  0.0748901
-0.000384201  0.00031293  -0.370047
-0.000240086  0.000310921  -0.835946
-3.38726e-05  0.000310036  -1.50346
