-0.010865  0.0047755  2.17045
-0.0107785  0.00461404  2.22765
-0.010692  0.00445547  2.28752
-0.0106016  0.00429825  2.35018
-0.0105146  0.00415023  2.41303
-0.0104112  0.00398737  2.48566
-0.0103176  0.00384057  2.55629
-0.0102152  0.00368856  2.63388
-0.0101094  0.00355688  2.70164
-0.0100071  0.00340755  2.79
-0.00989051  0.00326443  2.87662
-0.00977908  0.00312319  2.97103
-0.0096643  0.00300121  3.05353
-0.0095446  0.00285507  3.16791
-0.00942697  0.00273113  3.2686
-0.00930296  0.00260114  3.38427
-0.0091753  0.00247174  3.50979
-0.00904531  0.00234851  3.63861
-0.00891281  0.00222767  3.77652
-0.00878027  0.00210204  3.93915
-0.00864393  0.00199682  4.07845
-0.00849216  0.00188559  4.23856
-0.00833503  0.00176944  4.42797
-0.00818492  0.00166885  4.6049
-0.00802185  0.00156469  4.80726
-0.00785115  0.00147215  4.99347
-0.00768463  0.00138184  5.19932
-0.00748943  0.00129193  5.41007
-0.00730757  0.00121831  5.58771
-0.00711197  0.00114698  5.76468
-0.00690521  0.00109002  5.87624
-0.00667868  0.00102362  6.03609
-0.00644839  0.000973247  6.1119
-0.00624658  0.000922282  6.23082
-0.00599687  0.000872469  6.30036
-0.00576319  0.000830925  6.33413
-0.00563241  0.000812026  6.3205
-0.00549277  0.000794913  6.2809
-0.00532322  0.000778199  6.19792
-0.00520989  0.000757511  6.21759
-0.00504504  0.000742679  6.11979
-0.00485461  0.000726893  5.99072
-0.00467081  0.000713323  5.84701
-0.00450953  0.000700474  5.72402
-0.00424269  0.000687384  5.44483
-0.0040034  0.000673514  5.20167
-0.00373308  0.000664018  4.86896
-0.0034889  0.000655385  4.56052
-0.00314221  0.000649512  4.068
-0.00275249  0.00064531  3.49055
