-0.003971  0.00164852  2.10552
-0.00395463  0.00152894  2.2595
-0.00393648  0.00141165  2.43437
-0.00391638  0.00130109  2.62578
-0.00389193  0.00119284  2.84357
-0.00386058  0.00109599  3.06625
-0.0038198  0.00101645  3.26607
-0.00377971  0.000940167  3.48843
-0.00372754  0.000859227  3.75633
-0.00367356  0.00080217  3.95621
-0.00361799  0.0007389  4.21978
-0.00355898  0.000697834  4.38353
-0.00348849  0.000654442  4.56648
-0.00341824  0.000620985  4.69937
-0.00334046  0.000595749  4.76788
-0.00325534  0.000572117  4.81605
-0.00319557  0.000559142  4.82091
-0.00314056  0.00054846  4.8145
-0.00309075  0.000538759  4.80874
-0.00302986  0.000528086  4.79062
-0.00296858  0.000518401  4.76191
-0.00290098  0.000507318  4.73269
-0.00284013  0.000498329  4.69595
-0.00276992  0.000487624  4.65506
-0.00268251  0.000474693  4.59772
-0.00261866  0.000466206  4.54448
-0.00257067  0.000459374  4.50759
-0.00247835  0.000447681  4.41911
-0.00241987  0.000440024  4.36311
-0.00232159  0.000428514  4.25094
-0.00224266  0.000420249  4.14673
-0.00214981  0.000411868  4.00567
-0.00206389  0.000403082  3.87983
-0.00202562  0.000397349  3.83951
-0.0019288  0.000389825  3.66523
-0.00180696  0.000379722  3.44188
-0.00168727  0.000371815  3.19317
-0.00162534  0.000367086  3.0656
-0.00149025  0.000356056  2.78115
-0.00141329  0.000353076  2.58666
-0.00132595  0.000346847  2.38131
-0.00116843  0.000340689  1.962
-0.00111609  0.000335256  1.83767
-0.000904483  0.000327826  1.23383
-0.000800506  0.000323074  0.930148
-0.000691659  0.000320023  0.598893
-0.000495675  0.000314982  -0.0137312
-0.000398962  0.00031215  -0.323685
-0.000197459  0.000309751  -0.976723
-2.68892e-05  0.000308346  -1.53435
