-0.010865  0.0047755  2.17045
-0.01078  0.00461498  2.22752
-0.0106916  0.00445419  2.2881
-0.0106033  0.00429925  2.35001
-0.0105118  0.00414567  2.41501
-0.0104168  0.00399244  2.48389
-0.0103158  0.00383622  2.55872
-0.0102129  0.00368385  2.63662
-0.0101126  0.00354499  2.71161
-0.0100054  0.00340356  2.79277
-0.00989092  0.00325706  2.88325
-0.00977945  0.00311936  2.9748
-0.00966648  0.00298829  3.06747
-0.00954195  0.00284781  3.17505
-0.00942714  0.00271665  3.28608
-0.00930118  0.00258761  3.40128
-0.00917756  0.00246172  3.52499
-0.00904325  0.00233321  3.66159
-0.00891127  0.00221397  3.79918
-0.00876773  0.00208802  3.9596
-0.00862267  0.00197289  4.11714
-0.00846963  0.0018562  4.29352
-0.00831285  0.00174778  4.47015
-0.00817058  0.00165266  4.64134
-0.00800378  0.0015486  4.84553
-0.00784008  0.00146034  5.02629
-0.00765291  0.00136696  5.2327
-0.00746879  0.00128116  5.43942
-0.00729361  0.00121448  5.59386
-0.00707351  0.00113732  5.77983
-0.00685966  0.00107174  5.93395
-0.00664005  0.00101471  6.05104
-0.00641602  0.000968107  6.11092
-0.00620212  0.000913535  6.24183
-0.00596517  0.000865257  6.31624
-0.00572239  0.000822939  6.34602
-0.00559526  0.000803566  6.34081
-0.00545957  0.000786432  6.30642
-0.00533899  0.000769728  6.28662
-0.00518365  0.000751665  6.23103
-0.00503745  0.000737262  6.15446
-0.0048486  0.000723201  6.01299
-0.00466854  0.000708614  5.88267
-0.00446272  0.000695412  5.69838
-0.00422673  0.000683042  5.45607
-0.00402093  0.000671706  5.24178
-0.00376534  0.000661449  4.93664
-0.0035262  0.000654951  4.62051
-0.00319008  0.000648015  4.15126
-0.00282116  0.000644648  3.60066
