-0.010865  0.0047755  2.17045
-0.0107809  0.00461793  2.2263
-0.0106925  0.00445844  2.28612
-0.010602  0.00430113  2.34868
-0.0105064  0.00414733  2.41274
-0.0104136  0.00399332  2.48254
-0.0103166  0.00383939  2.55683
-0.0102185  0.00369468  2.63042
-0.0101121  0.00354715  2.70981
-0.0100045  0.00340425  2.79196
-0.00989396  0.00326595  2.87633
-0.00978071  0.00312762  2.96734
-0.00966917  0.00299036  3.06624
-0.00954828  0.00285487  3.16942
-0.0094284  0.00271859  3.2842
-0.00930693  0.00259014  3.40018
-0.00917808  0.00245976  3.52802
-0.0090482  0.0023373  3.65729
-0.00891276  0.00221094  3.80506
-0.00877683  0.00209333  3.9539
-0.00863382  0.00197745  4.11328
-0.00848525  0.00186853  4.27354
-0.00833238  0.00175911  4.45247
-0.00817366  0.0016561  4.63358
-0.00800919  0.00155553  4.82741
-0.00784193  0.00146202  5.02176
-0.00766182  0.00137205  5.21979
-0.00748319  0.00128592  5.4305
-0.00729293  0.00121002  5.61392
-0.00709053  0.0011398  5.78215
-0.00687941  0.00107896  5.91258
-0.00665705  0.00102027  6.03474
-0.00643809  0.000963746  6.16147
-0.00621352  0.000913554  6.25417
-0.00598246  0.000868155  6.31506
-0.00573493  0.000825181  6.34398
-0.00560911  0.000806417  6.33557
-0.0054776  0.000787794  6.3184
-0.005352  0.000771405  6.28983
-0.00520279  0.00075388  6.23811
-0.00503812  0.000739182  6.13939
-0.00486345  0.000723785  6.02865
-0.00467827  0.000710341  5.88205
-0.00449819  0.000696976  5.73648
-0.00426442  0.000684357  5.50067
-0.00402337  0.000673438  5.23191
-0.00378228  0.000662999  4.95065
-0.00351196  0.000654107  4.60469
-0.00323963  0.000648598  4.22393
-0.00281858  0.000644256  3.59885
