-0.010865  0.0047755  2.17045
-0.0107775  0.00461496  2.227
-0.0106912  0.0044562  2.28697
-0.0105967  0.00429116  2.35291
-0.0105058  0.00413898  2.41746
-0.0104119  0.00398772  2.48561
-0.0103114  0.00383425  2.55889
-0.01021  0.0036859  2.63436
-0.010105  0.00353943  2.71371
-0.00999659  0.00339831  2.7945
-0.00987814  0.00325471  2.88141
-0.00977047  0.00311352  2.97748
-0.00965595  0.00298244  3.06995
-0.00954404  0.00285202  3.1711
-0.00942013  0.00271568  3.28467
-0.00928696  0.00257864  3.40759
-0.00917225  0.00245877  3.52707
-0.00902823  0.00232789  3.6635
-0.00889346  0.00219927  3.81648
-0.00875367  0.00208676  3.95525
-0.00861911  0.00197443  4.11213
-0.00846308  0.00186174  4.27723
-0.00831106  0.00174951  4.46472
-0.00814634  0.00165554  4.61863
-0.00797782  0.00154192  4.84968
-0.0078028  0.00144365  5.05857
-0.00764367  0.00136369  5.23847
-0.0074457  0.00127246  5.45849
-0.00728314  0.00120816  5.61441
-0.00703992  0.00113325  5.77095
-0.0068245  0.00106701  5.92732
-0.00660877  0.00101129  6.04059
-0.0063963  0.000963619  6.11891
-0.00616081  0.000909437  6.22452
-0.00592565  0.000863018  6.28683
-0.00567508  0.000816577  6.33754
-0.00555735  0.00079963  6.32461
-0.00543367  0.000782311  6.30654
-0.00527531  0.00076578  6.23589
-0.00515003  0.000751212  6.19004
-0.00497937  0.000736577  6.08133
-0.004831  0.000721066  6.00638
-0.00462396  0.0007064  5.83799
-0.00445466  0.000694154  5.6971
-0.0042365  0.000683463  5.467
-0.00403103  0.000672867  5.24774
-0.00376382  0.000663576  4.91854
-0.00347611  0.000655542  4.53993
-0.00315276  0.000649914  4.08171
-0.00277553  0.000647142  3.51628
