-0.003971  0.00164852  2.10552
-0.00395272  0.0015162  2.27722
-0.00393492  0.00140476  2.4452
-0.00391396  0.00128954  2.64743
-0.00388887  0.00118109  2.86926
-0.00385225  0.00108104  3.10096
-0.00381354  0.00100175  3.30775
-0.00376477  0.000919105  3.55212
-0.00371787  0.000844392  3.81087
-0.0036622  0.000773067  4.09047
-0.00360709  0.000720775  4.31076
-0.00352901  0.000671286  4.51225
-0.00345464  0.000630493  4.68623
-0.00338172  0.000602921  4.7796
-0.00329805  0.000577478  4.84529
-0.0031999  0.00055694  4.84774
-0.00314197  0.00054586  4.84002
-0.00308709  0.000535661  4.82972
-0.00303034  0.000525378  4.81624
-0.00297616  0.000515819  4.80044
-0.0029085  0.00050488  4.77045
-0.00284705  0.000495791  4.73394
-0.00278542  0.000486813  4.69466
-0.00272377  0.00047737  4.65839
-0.00264304  0.000466307  4.59578
-0.00257689  0.000457893  4.53576
-0.00250311  0.00044964  4.45492
-0.00243761  0.000439524  4.40843
-0.00235565  0.000431707  4.29839
-0.00227546  0.000421731  4.20994
-0.00220587  0.000414279  4.11767
-0.00212683  0.000405502  4.01188
-0.00204391  0.000398324  3.87601
-0.00195388  0.000389193  3.73563
-0.00185664  0.000382592  3.54592
-0.001789  0.000375911  3.42899
-0.00167493  0.00036858  3.18772
-0.00157443  0.000362066  2.96749
-0.00147983  0.000353885  2.76877
-0.00136579  0.000347316  2.49281
-0.00126695  0.00034215  2.24157
-0.0011492  0.000336181  1.9311
-0.00103446  0.000330953  1.61492
-0.000905822  0.00032535  1.24734
-0.000811855  0.000321393  0.970322
-0.000675212  0.000317046  0.552638
-0.000533336  0.000313193  0.106441
-0.000385502  0.000310154  -0.369165
-0.000201087  0.000308349  -0.969396
-2.65684e-05  0.000307173  -1.54125
