-0.003971  0.00164852  2.10552
-0.0039531  0.00152966  2.25743
-0.00393376  0.00141655  2.42404
-0.00390688  0.00128502  2.65122
-0.00388692  0.00119961  2.82335
-0.00385365  0.00110002  3.04873
-0.00380184  0.000997843  3.30898
-0.00375415  0.000925343  3.5167
-0.00372171  0.000865442  3.72262
-0.00366251  0.000802132  3.94263
-0.00361406  0.00073776  4.22097
-0.00353018  0.000670939  4.51632
-0.00348519  0.000643892  4.63616
-0.00337901  0.000608381  4.73224
-0.00329967  0.000579269  4.83312
-0.00320451  0.000554477  4.87759
-0.0031451  0.000543729  4.86474
-0.00307365  0.000532085  4.8369
-0.00300573  0.000524648  4.77602
-0.00294082  0.000513334  4.75483
-0.00290743  0.000505984  4.75792
-0.00282344  0.000495648  4.68767
-0.00276061  0.000486233  4.64924
-0.00268934  0.00047403  4.61856
-0.00263995  0.000467425  4.57816
-0.00256526  0.000459213  4.4974
-0.00248982  0.000448052  4.44105
-0.00241033  0.000440843  4.33335
-0.00234  0.000433125  4.2482
-0.0022809  0.000424645  4.19385
-0.00219986  0.000414582  4.10018
-0.0021152  0.000407967  3.95914
-0.0020323  0.000399541  3.83514
-0.00193354  0.000391594  3.66077
-0.00183926  0.000382737  3.49917
-0.00176535  0.000377151  3.35502
-0.00168095  0.00037002  3.19159
-0.00161148  0.000364091  3.05275
-0.00146423  0.000355359  2.71341
-0.00136974  0.000349851  2.48604
-0.00126055  0.00034241  2.22118
-0.0011811  0.000337837  2.01607
-0.00105868  0.000332551  1.67998
-0.000944525  0.000326963  1.35956
-0.000807534  0.000322351  0.954035
-0.00067687  0.000318012  0.556173
-0.000533331  0.00031421  0.106077
-0.000375362  0.000311709  -0.399854
-0.000254892  0.000309263  -0.792554
-4.56469e-05  0.000308394  -1.47329
