-0.003971  0.00164852  2.10552
-0.00395287  0.00152576  2.26305
-0.00393441  0.00141361  2.42954
-0.00391002  0.00130099  2.62111
-0.00388488  0.00119936  2.82224
-0.0038474  0.00109228  3.06459
-0.00381093  0.00101208  3.27141
-0.00376645  0.000938543  3.48034
-0.00371343  0.000852544  3.76922
-0.00366231  0.00078229  4.04237
-0.00360118  0.000737238  4.20649
-0.00352757  0.000686127  4.41255
-0.00346207  0.00064868  4.56631
-0.00340598  0.000608476  4.77583
-0.00331021  0.00058451  4.80781
-0.0032231  0.000561846  4.8467
-0.00315601  0.000549094  4.83708
-0.00310732  0.000540525  4.82369
-0.00303951  0.000530289  4.78892
-0.00297835  0.000520172  4.76447
-0.00291501  0.000509266  4.74213
-0.00285563  0.00050072  4.70448
-0.00279202  0.000490917  4.66884
-0.00273396  0.00048125  4.642
-0.00265707  0.000471499  4.57493
-0.00259469  0.000464119  4.51325
-0.00252392  0.000454413  4.45392
-0.00243705  0.00044409  4.36185
-0.00237962  0.000435457  4.31643
-0.00228538  0.000427984  4.1716
-0.00221569  0.000419183  4.09293
-0.00214077  0.000412142  3.98107
-0.00204203  0.000402114  3.8348
-0.00196657  0.00039513  3.71162
-0.00189658  0.000387727  3.60195
-0.00178688  0.000380861  3.37886
-0.00167714  0.000373961  3.14776
-0.00158893  0.000365947  2.97565
-0.00147944  0.000360325  2.71821
-0.00139595  0.000354588  2.52672
-0.00129077  0.000347885  2.27309
-0.00118397  0.000341512  2.00278
-0.00106754  0.000335845  1.68988
-0.000953018  0.000330044  1.3726
-0.000801608  0.000323971  0.930971
-0.000676086  0.000320653  0.549148
-0.000599386  0.000317585  0.312942
-0.000450541  0.000314262  -0.157382
-0.000281273  0.000311234  -0.702773
-0.000103463  0.000309569  -1.28093
