-0.003971  0.00164852  2.10552
-0.00395583  0.00153782  2.24723
-0.00393892  0.00142784  2.40848
-0.00391989  0.00132499  2.58107
-0.00389731  0.00122254  2.77889
-0.0038713  0.00112973  2.98418
-0.00383231  0.00104271  3.19583
-0.003796  0.000977906  3.37047
-0.00375418  0.000915837  3.55323
-0.0037015  0.000846517  3.78197
-0.00364073  0.000779184  4.03079
-0.00358747  0.0007364  4.19265
-0.00351544  0.000695392  4.33632
-0.00345639  0.000644877  4.58442
-0.00338978  0.000611294  4.72732
-0.00331324  0.000587006  4.79253
-0.00322999  0.000568174  4.80484
-0.00314987  0.000546545  4.8484
-0.00307338  0.000533711  4.82168
-0.00302419  0.000526155  4.79743
-0.00296891  0.000515815  4.78643
-0.00289742  0.000505193  4.74556
-0.00285193  0.000497207  4.73027
-0.00276658  0.000485642  4.66719
-0.00268819  0.000477254  4.58497
-0.00262771  0.000467378  4.55244
-0.00255964  0.000457611  4.50085
-0.00248913  0.000446373  4.45621
-0.00240845  0.000436611  4.37105
-0.00234854  0.000430795  4.291
-0.0022696  0.00042241  4.18931
-0.00217921  0.000413928  4.05677
-0.00210714  0.000404521  3.97294
-0.00201487  0.000395973  3.82569
-0.0019153  0.000387417  3.65317
-0.00183471  0.000379869  3.51359
-0.00174853  0.000372393  3.35272
-0.00165702  0.000366358  3.15818
-0.00153327  0.000358339  2.8835
-0.00143912  0.000352413  2.66482
-0.00132572  0.000345121  2.39256
-0.00121644  0.000339316  2.11141
-0.00109595  0.000333524  1.78684
-0.000958997  0.000328216  1.39846
-0.00085348  0.00032358  1.0924
-0.000705612  0.000318934  0.644686
-0.000576156  0.000315865  0.241104
-0.000414892  0.000311886  -0.272883
-0.000298362  0.000309502  -0.651493
-7.8521e-05  0.000308637  -1.36562
