-0.003971  0.00164852  2.10552
-0.00395439  0.00152774  2.26111
-0.00393544  0.00140832  2.43939
-0.00391442  0.00129088  2.64503
-0.00388846  0.00118559  2.85803
-0.0038579  0.00109179  3.07559
-0.00381168  0.00101338  3.26795
-0.00377193  0.000933652  3.50445
-0.00371682  0.000862057  3.73156
-0.00366588  0.000793455  3.99
-0.00359819  0.000731207  4.23709
-0.00353924  0.00068839  4.415
-0.00345921  0.000644247  4.59329
-0.00339287  0.000610433  4.73905
-0.00330356  0.000581378  4.82227
-0.00321615  0.00056092  4.84232
-0.00315642  0.000548713  4.84119
-0.00309429  0.000539089  4.81236
-0.00304969  0.000529475  4.8155
-0.00297838  0.000518149  4.78314
-0.00291561  0.000510255  4.73412
-0.00286301  0.000499182  4.73377
-0.00279567  0.000490499  4.68026
-0.00273113  0.000479415  4.65385
-0.00266423  0.000471269  4.59235
-0.00259972  0.000461639  4.54841
-0.00253259  0.000452605  4.49087
-0.00245927  0.000443745  4.41531
-0.00238157  0.000434269  4.33273
-0.00229481  0.000425204  4.22106
-0.00222463  0.000417467  4.13117
-0.00213767  0.00040871  4.00694
-0.00204995  0.000399006  3.88453
-0.00197265  0.000392574  3.75126
-0.00188182  0.000384863  3.59043
-0.00179303  0.000377749  3.42299
-0.00169032  0.00037051  3.21264
-0.00159532  0.00036323  3.0155
-0.00149041  0.000356611  2.77729
-0.0013903  0.000349421  2.54793
-0.00129197  0.000343675  2.30442
-0.00116669  0.000336819  1.97939
-0.00104942  0.000332003  1.65485
-0.000940629  0.00032679  1.34835
-0.0008119  0.000322458  0.967258
-0.000675477  0.000317596  0.552515
-0.000541558  0.000314004  0.13235
-0.000376886  0.000310893  -0.396
-0.000221702  0.000308986  -0.900683
-4.44252e-05  0.000308065  -1.47883
