-0.010865  0.0047755  2.17045
-0.0107795  0.00461399  2.2279
-0.0106923  0.00445512  2.28778
-0.0105978  0.00429132  2.35308
-0.0105089  0.00414359  2.4155
-0.0104159  0.00399291  2.48338
-0.0103167  0.00384302  2.55442
-0.0102129  0.00369513  2.62857
-0.0101066  0.00354337  2.71113
-0.0100028  0.0034088  2.78774
-0.00988877  0.00327157  2.86981
-0.00977527  0.00312109  2.9718
-0.00966637  0.00299566  3.05988
-0.00954164  0.00285248  3.16974
-0.00941771  0.00273174  3.26448
-0.00929893  0.00259008  3.39716
-0.0091652  0.00245988  3.5226
-0.00903723  0.00233314  3.65912
-0.00890292  0.00221219  3.79846
-0.0087759  0.0021024  3.9364
-0.00862371  0.00198905  4.08421
-0.00847376  0.00186148  4.28356
-0.00832811  0.00175844  4.45173
-0.00816514  0.0016526  4.63823
-0.00799281  0.00155756  4.81062
-0.00783106  0.00146159  5.01582
-0.00765283  0.00136721  5.2317
-0.00746955  0.00128227  5.43531
-0.00727195  0.00121546  5.57152
-0.00707577  0.00114406  5.74773
-0.00687571  0.00107675  5.92125
-0.00665235  0.00101816  6.04262
-0.00642488  0.000961821  6.16006
-0.00621244  0.000913488  6.25344
-0.00597355  0.000866702  6.31538
-0.00572525  0.000822882  6.34994
-0.00556117  0.000800069  6.32592
-0.00546898  0.000786741  6.31591
-0.00533558  0.000771429  6.26834
-0.00518327  0.000755541  6.19856
-0.0050584  0.000740294  6.15755
-0.00487353  0.000725514  6.02818
-0.00468781  0.000711172  5.8886
-0.00450239  0.000696305  5.74804
-0.00425553  0.000683379  5.49554
-0.00412579  0.000676406  5.36037
-0.00383421  0.000665471  5.0103
-0.00357825  0.00065597  4.69268
-0.00330742  0.00064893  4.32623
-0.00294949  0.000645809  3.79291
