-0.003971  0.00164852  2.10552
-0.00395422  0.00152612  2.2634
-0.00393648  0.00141162  2.43442
-0.00391566  0.00129693  2.63365
-0.00389159  0.00119721  2.83291
-0.00386091  0.00109896  3.05827
-0.00381816  0.00102103  3.24981
-0.00377346  0.000946754  3.45756
-0.00372582  0.000878298  3.67281
-0.00367511  0.000809778  3.92097
-0.00362421  0.000748583  4.1735
-0.00356505  0.000696705  4.39935
-0.00349698  0.000650714  4.60567
-0.0034301  0.00061646  4.75311
-0.00335317  0.000592701  4.81384
-0.00327318  0.000570702  4.85924
-0.00321322  0.000558659  4.85666
-0.00315764  0.00054912  4.83982
-0.00309843  0.000538431  4.82594
-0.00303979  0.00052804  4.80984
-0.00297869  0.000517821  4.78676
-0.00291884  0.000508419  4.75757
-0.00285541  0.00049839  4.72603
-0.00278691  0.000488549  4.68103
-0.00271979  0.000479212  4.63216
-0.00264539  0.000468385  4.58041
-0.00258149  0.000460747  4.51764
-0.00251154  0.0004509  4.46116
-0.0024378  0.000442089  4.38328
-0.00233693  0.000431186  4.26018
-0.00227583  0.000423535  4.19288
-0.00218525  0.000414264  4.06805
-0.0021294  0.000408205  3.99162
-0.00204184  0.000399074  3.86355
-0.00194144  0.000390138  3.69469
-0.00182626  0.000381679  3.47482
-0.0017487  0.000374434  3.3349
-0.00166311  0.00036791  3.1614
-0.00154164  0.000359839  2.89473
-0.00144173  0.00035457  2.65598
-0.00130473  0.000348896  2.30651
-0.00124303  0.000342531  2.16923
-0.00111552  0.000336553  1.82889
-0.000979142  0.000331257  1.44643
-0.000850179  0.000325657  1.0753
-0.000751268  0.000321191  0.782299
-0.000599273  0.000317602  0.312571
-0.000444498  0.00031458  -0.176432
-0.000328326  0.000312278  -0.549745
-0.000113683  0.000310237  -1.24523
