-0.003971  0.00164852  2.10552
-0.00395412  0.00152537  2.26444
-0.00393577  0.00140736  2.44129
-0.00391439  0.00129061  2.64556
-0.0038897  0.00118356  2.86399
-0.00385568  0.00109081  3.07632
-0.00381497  0.00100797  3.28876
-0.00376675  0.00093913  3.47848
-0.00371424  0.000875665  3.67062
-0.0036588  0.000817724  3.86291
-0.00361975  0.00072689  4.29191
-0.00355055  0.000698479  4.36742
-0.00347549  0.000672773  4.42273
-0.00342737  0.000619859  4.72264
-0.00334011  0.000598015  4.74922
-0.00326535  0.000588952  4.69537
-0.00321651  0.000577882  4.70081
-0.00316111  0.000567336  4.69053
-0.00310337  0.0005567  4.67643
-0.00305072  0.000546143  4.67043
-0.00299234  0.000535886  4.65088
-0.00293384  0.000525483  4.63163
-0.00287163  0.000515389  4.60163
-0.00280907  0.000505468  4.56817
-0.00273957  0.000496067  4.51465
-0.00266559  0.000486703  4.44952
-0.00259101  0.000476369  4.38948
-0.00252563  0.000468362  4.32493
-0.00244613  0.000459739  4.23312
-0.00236663  0.000451298  4.13613
-0.00228719  0.000442489  4.03896
-0.00221089  0.000433816  3.94382
-0.00213365  0.000425232  3.84179
-0.0020429  0.000417342  3.69697
-0.00195647  0.000409172  3.55956
-0.00186759  0.000401792  3.40373
-0.00177128  0.000394372  3.22355
-0.00166643  0.000387798  3.00783
-0.00156284  0.000381309  2.78735
-0.00146251  0.00037449  2.57019
-0.00135304  0.000368319  2.31605
-0.00124078  0.000362639  2.04276
-0.00112094  0.000357347  1.73763
-0.00100158  0.000351855  1.42553
-0.000885933  0.000346995  1.11222
-0.000755872  0.000342528  0.74701
-0.000617699  0.000338403  0.347806
-0.000471563  0.000335364  -0.0847932
-0.000384577  0.000334025  -0.345552
-0.000141568  0.000332395  -1.07833
