-0.003971  0.00164852  2.10552
-0.00395183  0.00150975  2.28636
-0.00393463  0.00140056  2.45232
-0.00391439  0.00129062  2.64554
-0.00388979  0.00118391  2.86322
-0.00385417  0.001092  3.07159
-0.00381845  0.00102936  3.22381
-0.00376582  0.000940785  3.47138
-0.00371727  0.000874044  3.6809
-0.00366675  0.000805731  3.93028
-0.00362904  0.000732809  4.26993
-0.00355931  0.000688216  4.44528
-0.00350226  0.000646479  4.64402
-0.00345312  0.000627831  4.70369
-0.00333837  0.000597633  4.74936
-0.00326346  0.000588581  4.69511
-0.003211  0.000577392  4.69525
-0.00316174  0.000567155  4.69315
-0.0031003  0.000556886  4.66936
-0.0030479  0.000545553  4.6703
-0.00298492  0.000536505  4.63168
-0.00293216  0.000525611  4.62729
-0.00287386  0.000515512  4.60486
-0.00280872  0.000505654  4.56581
-0.00274393  0.000495765  4.5262
-0.00267304  0.000486843  4.46354
-0.00259316  0.000477963  4.37934
-0.00252236  0.000469165  4.31055
-0.0024294  0.000458104  4.2117
-0.00237968  0.000452504  4.15394
-0.00229947  0.000443753  4.05513
-0.00222439  0.000434837  3.9656
-0.00213727  0.000426288  3.84076
-0.00205354  0.000417692  3.71934
-0.00197216  0.00041073  3.58424
-0.00185932  0.000403877  3.36568
-0.00176482  0.000394021  3.21004
-0.00168357  0.000389514  3.03858
-0.00161712  0.000384711  2.90379
-0.00146132  0.000375303  2.56144
-0.00137611  0.000369553  2.37072
-0.00124786  0.000363913  2.05506
-0.00113855  0.000358346  1.78192
-0.00102869  0.000352773  1.49868
-0.000910322  0.000347749  1.17994
-0.000804757  0.000343939  0.886077
-0.000647893  0.000339274  0.43591
-0.000524558  0.000336405  0.0730018
-0.000368294  0.000333903  -0.394443
-0.000183718  0.000332445  -0.951384
