-0.003971  0.00164852  2.10552
-0.00395422  0.00152612  2.2634
-0.00393396  0.00141141  2.433
-0.00391266  0.00130372  2.61763
-0.00388237  0.00118834  2.84631
-0.00385231  0.0010997  3.0484
-0.00380956  0.0010078  3.28396
-0.00376659  0.000930836  3.50931
-0.00371697  0.000857584  3.7512
-0.0036698  0.000797775  3.97331
-0.00360979  0.000735932  4.22564
-0.00353858  0.000692594  4.38724
-0.00347592  0.000643885  4.62182
-0.0033999  0.00059952  4.83704
-0.0033323  0.000582598  4.8615
-0.00323585  0.000560404  4.88193
-0.00317842  0.000549877  4.87093
-0.00311169  0.000539056  4.84493
-0.00305369  0.000528456  4.83236
-0.00299165  0.000517805  4.81195
-0.00294758  0.000510162  4.79767
-0.00287083  0.000498428  4.75662
-0.00281681  0.000490157  4.72667
-0.0027437  0.000480741  4.66718
-0.00267044  0.000470876  4.60937
-0.00259157  0.00046243  4.523
-0.00252838  0.000452658  4.48104
-0.00246108  0.000443986  4.41699
-0.00238318  0.000434473  4.33439
-0.00231162  0.000425766  4.25496
-0.00222448  0.000417175  4.13371
-0.00214667  0.000408628  4.02975
-0.0020542  0.000400757  3.87816
-0.00196636  0.000391217  3.74819
-0.00188226  0.000384058  3.5991
-0.00180017  0.000377353  3.44551
-0.00169081  0.000368599  3.23063
-0.00159656  0.000361439  3.03388
-0.00148315  0.000355126  2.76846
-0.00139614  0.000349145  2.56667
-0.00128452  0.000342147  2.29295
-0.00117232  0.000337299  1.99325
-0.00104816  0.0003308  1.65707
-0.00095041  0.000326384  1.38
-0.000816055  0.000321065  0.984397
-0.000687004  0.000317576  0.588848
-0.000527349  0.000313674  0.0871883
-0.000399881  0.000310511  -0.322434
-0.000226715  0.000307838  -0.887757
-5.41677e-05  0.000306539  -1.4544
