-0.003971  0.00164852  2.10552
-0.00396144  0.0015771  2.19482
-0.00395152  0.00150766  2.28932
-0.00394055  0.00143654  2.39503
-0.00392914  0.00136876  2.50529
-0.00391638  0.00130053  2.62692
-0.00390285  0.00123689  2.75113
-0.00388745  0.00117529  2.88222
-0.00386931  0.00111764  3.01467
-0.00384749  0.00106729  3.13644
-0.00382403  0.00101827  3.26438
-0.00380001  0.000971445  3.39701
-0.00377348  0.000927556  3.52915
-0.00374532  0.000887233  3.6578
-0.00372061  0.000839962  3.83423
-0.00368583  0.000811466  3.92601
-0.00365732  0.000770675  4.09683
-0.00362316  0.000743426  4.20103
-0.00359514  0.000702909  4.40333
-0.00355465  0.000682351  4.47665
-0.00352177  0.000658614  4.58808
-0.00349852  0.000643926  4.65663
-0.00343313  0.000620407  4.72775
-0.00338661  0.00061014  4.73106
-0.00334088  0.000598153  4.74943
-0.0032454  0.000585077  4.69237
-0.00317385  0.000569503  4.69507
-0.00309332  0.000554962  4.67296
-0.00301724  0.000539907  4.66236
-0.00293216  0.000525677  4.62671
-0.00284472  0.000510916  4.58924
-0.00275621  0.000497961  4.5309
-0.0026514  0.00048493  4.43652
-0.00255156  0.000471291  4.35307
-0.00245277  0.000459863  4.24642
-0.00231338  0.000447098  4.05589
-0.00223792  0.000437282  3.97436
-0.00211317  0.000423177  3.81205
-0.00198964  0.000412544  3.61087
-0.00187057  0.000402207  3.40763
-0.0017383  0.000391985  3.15906
-0.0015746  0.000383074  2.8052
-0.00143886  0.000373143  2.51609
-0.00127858  0.000365334  2.13114
-0.00112338  0.000357361  1.74441
-0.00095041  0.000349641  1.2882
-0.000775621  0.000342978  0.803613
-0.000583053  0.000337678  0.245954
-0.000381501  0.000333962  -0.354828
-0.00012956  0.000332534  -1.11399
