-0.010865  0.0047755  2.17045
-0.0107796  0.00461477  2.22754
-0.0106919  0.00445449  2.288
-0.0106023  0.00429764  2.35066
-0.01051  0.00414104  2.41726
-0.0104152  0.00398811  2.48618
-0.0103183  0.00383805  2.55815
-0.0102166  0.00368864  2.6342
-0.0101109  0.00354277  2.71282
-0.0100023  0.003401  2.79399
-0.00989082  0.00325953  2.88103
-0.00977775  0.00312042  2.97324
-0.00966227  0.00298169  3.07284
-0.00954411  0.00284558  3.1783
-0.00942178  0.00271195  3.28981
-0.00929736  0.0025809  3.40865
-0.0091702  0.0024526  3.5351
-0.00903801  0.00232777  3.6679
-0.00890335  0.00220659  3.8083
-0.00876645  0.00208597  3.96287
-0.00862154  0.0019706  4.12136
-0.00847278  0.00185727  4.29275
-0.00831845  0.00174941  4.46919
-0.008158  0.00164343  4.65977
-0.00799899  0.00154677  4.84817
-0.00782256  0.00145033  5.04889
-0.00764526  0.00136032  5.25263
-0.00746152  0.00127712  5.45095
-0.0072664  0.00119881  5.64424
-0.00706314  0.00112926  5.8119
-0.00684652  0.00106716  5.94714
-0.00662772  0.00100867  6.07507
-0.00640269  0.000955064  6.18041
-0.00617486  0.000905249  6.26884
-0.00593712  0.000859344  6.32706
-0.00569495  0.000818101  6.35001
-0.00557387  0.000800048  6.34196
-0.0054535  0.000783496  6.32231
-0.00530229  0.000766252  6.26725
-0.00516879  0.000750221  6.22322
-0.00500127  0.000734693  6.12673
-0.00483401  0.000719236  6.02585
-0.00465077  0.000705744  5.88141
-0.00445295  0.000692246  5.71033
-0.00423271  0.000680002  5.48926
-0.00400692  0.000669655  5.2369
-0.0037568  0.000660229  4.93284
-0.00347048  0.000652173  4.55474
-0.00313105  0.000645845  4.07381
-0.00274537  0.00064356  3.48899
