-0.003971  0.00164852  2.10552
-0.00395394  0.00152517  2.26463
-0.00393542  0.00140608  2.44327
-0.00391515  0.00129496  2.63727
-0.00388873  0.00118026  2.87117
-0.0038539  0.00109079  3.07474
-0.00381159  0.0010049  3.29544
-0.00376765  0.000925986  3.52884
-0.00372316  0.000857967  3.75675
-0.00366739  0.000787327  4.02297
-0.00360883  0.000722838  4.30087
-0.00354293  0.000673671  4.51695
-0.00346585  0.000643048  4.61218
-0.00339204  0.000602965  4.79637
-0.00331522  0.000579898  4.85467
-0.00321951  0.000557844  4.87504
-0.00315382  0.000547995  4.84278
-0.00310689  0.000537562  4.84946
-0.00304252  0.00052784  4.81684
-0.0029715  0.000517031  4.78018
-0.00292  0.000506256  4.7802
-0.0028402  0.000499354  4.68646
-0.00279172  0.000486694  4.70875
-0.00272425  0.000479109  4.64247
-0.00266718  0.000470961  4.60162
-0.00259398  0.000460984  4.54242
-0.00253061  0.000452053  4.49197
-0.00244899  0.000442462  4.40487
-0.00238519  0.0004344  4.33976
-0.00229092  0.000423902  4.22485
-0.00223023  0.000417972  4.13957
-0.00212503  0.000408483  3.9782
-0.00205437  0.000399756  3.88828
-0.0019455  0.00039174  3.68996
-0.00186894  0.00038476  3.5579
-0.00176516  0.000378131  3.34582
-0.00167575  0.000370578  3.17276
-0.00159698  0.000362367  3.02726
-0.00148084  0.000356069  2.75463
-0.00137777  0.000350329  2.50556
-0.00126633  0.000343519  2.23082
-0.00114807  0.000337857  1.91817
-0.00104465  0.000331865  1.64118
-0.00092134  0.000326339  1.29111
-0.000832465  0.000323053  1.02913
-0.000657566  0.000317047  0.496979
-0.000512115  0.000314455  0.0385282
-0.000387389  0.000312085  -0.360835
-0.000210421  0.000309894  -0.934445
-3.02542e-05  0.000308382  -1.52326
