-0.010865  0.0047755  2.17045
-0.0107787  0.00461596  2.22678
-0.010691  0.00445756  2.28623
-0.0105994  0.0042993  2.34907
-0.0105106  0.00414579  2.41464
-0.0104133  0.00399248  2.483
-0.0103175  0.00384171  2.5555
-0.0102152  0.00369355  2.63032
-0.010106  0.00354166  2.71229
-0.00999739  0.00339695  2.79586
-0.00988569  0.00325518  2.88331
-0.00977294  0.00311993  2.97216
-0.00965749  0.00298143  3.07151
-0.00954184  0.00284947  3.17316
-0.00941889  0.00271561  3.2843
-0.00929466  0.00258167  3.40657
-0.00916965  0.00245371  3.53328
-0.00903252  0.00232843  3.6645
-0.00890475  0.00220839  3.80582
-0.00876354  0.00208441  3.96445
-0.00860902  0.00196395  4.12893
-0.00846373  0.00185347  4.29666
-0.00831001  0.00174756  4.46908
-0.00814432  0.00163452  4.67679
-0.00798787  0.00154266  4.85388
-0.00781403  0.00144616  5.05757
-0.0076498  0.0013589  5.26147
-0.00746692  0.00127637  5.45838
-0.00726753  0.0011981  5.64854
-0.00705125  0.00112663  5.81492
-0.00684992  0.00106939  5.93787
-0.00661523  0.00100953  6.05752
-0.00639185  0.00095258  6.18515
-0.00615935  0.000901994  6.27427
-0.0059283  0.000860234  6.31026
-0.00568111  0.000816132  6.34837
-0.00555288  0.000799302  6.32161
-0.00541623  0.000779806  6.30442
-0.00527453  0.000763101  6.25675
-0.0051398  0.000749105  6.1938
-0.00499612  0.00073506  6.11667
-0.00480076  0.00071926  5.97942
-0.0046528  0.000706934  5.87438
-0.00442208  0.000693678  5.65404
-0.00423649  0.00068254  5.47438
-0.00399165  0.000671474  5.19998
-0.00372183  0.000660795  4.87569
-0.00351236  0.000653917  4.60664
-0.00315068  0.000646553  4.09971
-0.00277996  0.000643648  3.54224
