-0.003971  0.00164852  2.10552
-0.00395512  0.00153231  2.25484
-0.00393866  0.00142826  2.40758
-0.00391872  0.00132067  2.58862
-0.00389819  0.00123026  2.76218
-0.00386907  0.00112496  2.99484
-0.00383349  0.00106611  3.12679
-0.00378902  0.000982218  3.34857
-0.00373867  0.000911254  3.55407
-0.00368839  0.000849401  3.75369
-0.00363813  0.000790871  3.96794
-0.00355742  0.000758728  4.02966
-0.00350789  0.000682986  4.40402
-0.00344972  0.000659267  4.47425
-0.00338006  0.000633572  4.54576
-0.00328573  0.000591341  4.71087
-0.00320192  0.0005716  4.72694
-0.00310641  0.000548172  4.75473
-0.00302809  0.000526573  4.80103
-0.00294917  0.000515395  4.75202
-0.00288831  0.000503852  4.7401
-0.00283286  0.00049832  4.68144
-0.0027775  0.000487122  4.67542
-0.00270085  0.000476872  4.61518
-0.0026561  0.000471251  4.57526
-0.00258169  0.000459536  4.52999
-0.00250242  0.000450472  4.44515
-0.00244124  0.00044359  4.37619
-0.0023629  0.000434531  4.28715
-0.00228797  0.000425565  4.2014
-0.00222299  0.000416925  4.13262
-0.00214564  0.000409924  4.0145
-0.00207561  0.000402251  3.917
-0.00198834  0.000394478  3.77294
-0.00189941  0.000386737  3.6185
-0.00181565  0.000378723  3.47392
-0.00171543  0.000370885  3.27711
-0.00161862  0.000363743  3.07529
-0.00152923  0.000357887  2.87584
-0.00142623  0.000351026  2.63863
-0.0013242  0.000344812  2.39028
-0.0012306  0.000340523  2.14552
-0.00109408  0.00033359  1.78086
-0.000966361  0.000328614  1.41917
-0.000925874  0.000326522  1.30428
-0.000718294  0.00031935  0.683555
-0.000589028  0.000316085  0.28166
-0.000446055  0.000313324  -0.17217
-0.000334138  0.00031178  -0.531983
-0.000139153  0.000309652  -1.16533
