-0.00349196  0.000652189  4.58757
-0.00343027  0.000619769  4.728
-0.00333361  0.000596962  4.74671
-0.00327135  0.000590436  4.69374
-0.0032346  0.000582532  4.69434
-0.00319854  0.000574255  4.69921
-0.0031572  0.00056621  4.69297
-0.00311704  0.000558337  4.6872
-0.00307553  0.000550737  4.67652
-0.00303329  0.000542803  4.66705
-0.00298942  0.000535001  4.65311
-0.0029471  0.000527794  4.63647
-0.00290001  0.000520358  4.61223
-0.00285646  0.000512705  4.59613
-0.00280925  0.000505441  4.56878
-0.00276173  0.00049822  4.53963
-0.0027061  0.000490814  4.49477
-0.00265104  0.000483614  4.44784
-0.00260175  0.000477452  4.40202
-0.00254464  0.000470472  4.34594
-0.00249555  0.00046482  4.29317
-0.00243032  0.0004577  4.21742
-0.00237021  0.00045152  4.14203
-0.00231412  0.000445004  4.07663
-0.00226429  0.000439302  4.01613
-0.00220198  0.000432376  3.93634
-0.00213857  0.000426008  3.84633
-0.00206997  0.000419904  3.73889
-0.00201518  0.000414249  3.65765
-0.00194204  0.000407925  3.53506
-0.00187981  0.00040278  3.42571
-0.00180937  0.000397234  3.29622
-0.00174224  0.000392577  3.16432
-0.00165943  0.000386973  2.99614
-0.00157736  0.00038215  2.81921
-0.0014981  0.000377382  2.6448
-0.00143685  0.000373616  2.50752
-0.0013441  0.000367841  2.29473
-0.0012565  0.000364038  2.07808
-0.00117576  0.000359732  1.87851
-0.00110776  0.000356534  1.70462
-0.00102833  0.000352753  1.49773
-0.000899348  0.000348217  1.14684
-0.000800404  0.000344062  0.87311
-0.000727775  0.000341518  0.666949
-0.00061609  0.000338374  0.343083
-0.000530839  0.000336534  0.0916376
-0.000410632  0.000334358  -0.267282
-0.000313156  0.000333197  -0.560762
-0.000155731  0.000332385  -1.03575
