-0.003971  0.00164852  2.10552
-0.00395394  0.00152517  2.26463
-0.00393599  0.00140891  2.43876
-0.00391406  0.00128906  2.64849
-0.00388924  0.00118352  2.86369
-0.0038539  0.00109079  3.07474
-0.00381176  0.00100495  3.29546
-0.00376817  0.000921749  3.54562
-0.00372282  0.00085088  3.78763
-0.00366739  0.000787327  4.02297
-0.00360654  0.000716032  4.33855
-0.0035392  0.000673011  4.51582
-0.00346834  0.000630879  4.70509
-0.00339177  0.000599805  4.82118
-0.00331728  0.000579385  4.86253
-0.00321711  0.000557184  4.8765
-0.00315865  0.000546564  4.8643
-0.00310431  0.000536537  4.85393
-0.00304252  0.000526648  4.82773
-0.00298962  0.000517044  4.81509
-0.00292484  0.00050725  4.78036
-0.00285534  0.000496068  4.74801
-0.0027939  0.000487223  4.7081
-0.00273107  0.000477702  4.67043
-0.00265945  0.000468458  4.6097
-0.00258687  0.000459148  4.54509
-0.00252898  0.000450584  4.503
-0.00245212  0.000441601  4.42055
-0.0023749  0.000432206  4.33799
-0.00230158  0.000423817  4.25085
-0.0022181  0.000415065  4.13935
-0.00213755  0.000406452  4.02889
-0.00204902  0.00039938  3.87856
-0.00196818  0.00039128  3.75225
-0.00188717  0.000383917  3.6132
-0.00179226  0.0003766  3.43138
-0.00168434  0.000368637  3.21275
-0.00161173  0.000363676  3.05692
-0.00148579  0.000354682  2.77935
-0.00138426  0.000349217  2.53213
-0.00127896  0.000343  2.27101
-0.00117298  0.00033673  1.99858
-0.00104851  0.00033045  1.6599
-0.000941087  0.000326299  1.35179
-0.000796267  0.000320941  0.923122
-0.000670916  0.00031667  0.53973
-0.000537566  0.00031361  0.119786
-0.000403208  0.000310898  -0.311329
-0.000250106  0.000308288  -0.810586
-7.35441e-05  0.000307247  -1.38799
