-0.010865  0.0047755  2.17045
-0.0107787  0.00461559  2.22694
-0.0106911  0.00445502  2.28756
-0.0106016  0.00429762  2.35052
-0.0105094  0.00414199  2.41657
-0.0104123  0.00398513  2.48733
-0.0103131  0.0038324  2.56056
-0.0102118  0.00368396  2.63623
-0.0101089  0.00353969  2.71462
-0.00999847  0.00339724  2.79594
-0.00988586  0.00325368  2.8847
-0.0097718  0.00311586  2.97568
-0.00965041  0.00296987  3.08108
-0.00953439  0.00284313  3.17762
-0.00941063  0.0027026  3.29706
-0.00928912  0.00257453  3.41388
-0.00916264  0.00245025  3.53541
-0.00903308  0.00232374  3.67213
-0.00889999  0.00220197  3.81477
-0.00875414  0.00207901  3.97023
-0.00860883  0.00196104  4.13496
-0.0084624  0.00185137  4.30082
-0.0083049  0.00174064  4.48392
-0.00815273  0.00164342  4.65659
-0.00799414  0.00154498  4.85065
-0.00782293  0.00144858  5.05523
-0.00762976  0.00135254  5.27138
-0.00744779  0.0012738  5.45437
-0.00724892  0.00119588  5.64346
-0.00706452  0.00113405  5.78858
-0.00683385  0.00106787  5.93128
-0.00664007  0.00102053  6.01652
-0.00641476  0.000971798  6.0864
-0.00618338  0.000911801  6.23314
-0.00593521  0.000860785  6.31425
-0.00569086  0.000817467  6.34994
-0.00554232  0.000795325  6.33995
-0.0054077  0.0007782  6.30648
-0.00527458  0.000762745  6.25974
-0.00513301  0.000747646  6.1968
-0.00497207  0.000732023  6.1092
-0.0048053  0.000720981  5.97144
-0.00461627  0.000705306  5.83614
-0.00442211  0.000693416  5.65622
-0.0042213  0.000682155  5.45521
-0.00397641  0.000670811  5.1824
-0.00372135  0.000660131  4.87986
-0.00350994  0.00065333  4.60708
-0.00317922  0.000646478  4.14434
-0.00281982  0.000643053  3.6075
