-0.003971  0.00164852  2.10552
-0.00395487  0.00153055  2.25726
-0.0039337  0.00142685  2.40648
-0.00391507  0.00129722  2.63261
-0.00389287  0.00120443  2.817
-0.00386164  0.00111615  3.01182
-0.00381947  0.00102318  3.24427
-0.00378151  0.000958201  3.42465
-0.00373712  0.000879555  3.68041
-0.00368262  0.000808694  3.9355
-0.00362165  0.000748603  4.16996
-0.00356436  0.000707218  4.33299
-0.0034998  0.000663148  4.52357
-0.00342111  0.000626739  4.66081
-0.00335816  0.000601181  4.75424
-0.00326674  0.000575016  4.81158
-0.00318237  0.000554972  4.83335
-0.00311474  0.000542584  4.81906
-0.00305566  0.000530657  4.81602
-0.00300527  0.00052183  4.80093
-0.0029454  0.000511928  4.77685
-0.00288404  0.000501864  4.75038
-0.00282115  0.000493787  4.70071
-0.00275169  0.000483224  4.65971
-0.0026952  0.000474114  4.63011
-0.00261661  0.000463027  4.57123
-0.00255768  0.000455653  4.51589
-0.00246048  0.000447115  4.38472
-0.00241866  0.000437821  4.38229
-0.00233654  0.000431058  4.26055
-0.00226552  0.000421038  4.19327
-0.00215922  0.000413431  4.01331
-0.00207938  0.000403977  3.90958
-0.00201543  0.000398419  3.80361
-0.00190652  0.000390152  3.60505
-0.00186065  0.000383969  3.54365
-0.00177173  0.000376513  3.37765
-0.00167843  0.000370078  3.18426
-0.001563  0.000361725  2.93869
-0.00145513  0.000355688  2.6853
-0.00138598  0.000349824  2.53264
-0.00125025  0.000344053  2.18061
-0.0011471  0.000337294  1.91849
-0.000996509  0.000331083  1.49965
-0.000895815  0.000328578  1.20463
-0.000777593  0.000323691  0.857588
-0.000598037  0.000319003  0.307324
-0.000476462  0.000315699  -0.074559
-0.00036182  0.000313576  -0.44066
-0.000100623  0.000311073  -1.28387
