-0.003971  0.00164852  2.10552
-0.00395489  0.00153107  2.25652
-0.00393426  0.0014272  2.40629
-0.00391147  0.00131597  2.59236
-0.00389054  0.00121153  2.79857
-0.00385666  0.00112575  2.98172
-0.00381922  0.00103667  3.2018
-0.00378014  0.000959036  3.42025
-0.00373551  0.000890974  3.63143
-0.00368192  0.000820618  3.87747
-0.00363327  0.000761631  4.1139
-0.00357423  0.000708192  4.34096
-0.00351364  0.000664071  4.53813
-0.00344627  0.000623305  4.72685
-0.00336807  0.000595376  4.81723
-0.00328298  0.000572527  4.86088
-0.00320115  0.00055408  4.87502
-0.00314154  0.000542531  4.86892
-0.00308627  0.000532886  4.85332
-0.00302499  0.000522279  4.83456
-0.00297106  0.000513582  4.81142
-0.00290821  0.000503605  4.78194
-0.00283931  0.000493934  4.73609
-0.00277366  0.000483238  4.70505
-0.00270574  0.000474642  4.64718
-0.00262885  0.000463382  4.59416
-0.00255766  0.00045509  4.52143
-0.00249137  0.000447147  4.45349
-0.00242267  0.000438157  4.38808
-0.00234303  0.000428192  4.30421
-0.0022661  0.000420155  4.20346
-0.00217724  0.000410837  4.08249
-0.00210005  0.00040308  3.96955
-0.00201437  0.000395122  3.83267
-0.00193688  0.000387669  3.70647
-0.00183734  0.000379934  3.51992
-0.00174712  0.000373094  3.34264
-0.00164897  0.000365788  3.14109
-0.0015487  0.000358339  2.92656
-0.00144956  0.000351865  2.69866
-0.00133497  0.000344956  2.4205
-0.00122337  0.000340013  2.12749
-0.00111096  0.000334689  1.82545
-0.00100194  0.000329202  1.52472
-0.00085741  0.000324454  1.10157
-0.000745508  0.000320076  0.767031
-0.000595089  0.000316153  0.300769
-0.000454487  0.000313009  -0.145405
-0.000305779  0.000310499  -0.625512
-0.00012522  0.000308729  -1.21395
