-0.003971  0.00164852  2.10552
-0.00395403  0.00153472  2.2506
-0.00393729  0.00142486  2.41238
-0.00391799  0.00132476  2.58009
-0.00389217  0.00121612  2.78934
-0.00386539  0.00112545  2.99025
-0.00382683  0.00104499  3.1836
-0.00378696  0.000971752  3.38251
-0.0037336  0.000904236  3.57605
-0.00369423  0.000841587  3.79548
-0.00364232  0.000783028  4.01303
-0.00359385  0.000730063  4.23778
-0.00353248  0.000679306  4.46408
-0.00348248  0.000646918  4.61029
-0.00339768  0.000613944  4.71978
-0.00331993  0.000586401  4.80887
-0.00321644  0.000559347  4.85644
-0.00314676  0.000546828  4.84022
-0.00310204  0.000539591  4.82225
-0.00303859  0.000528687  4.80169
-0.00299127  0.000519531  4.79522
-0.00291473  0.000508914  4.74486
-0.00284509  0.000497549  4.71329
-0.00277765  0.000486753  4.67927
-0.00272319  0.000481034  4.62168
-0.00263646  0.000468847  4.55683
-0.00257079  0.000458734  4.51413
-0.00249651  0.000449232  4.44428
-0.00242032  0.000441182  4.35268
-0.00236715  0.00043323  4.30984
-0.00227001  0.000424006  4.17449
-0.00219279  0.00041669  4.06247
-0.00210264  0.000406195  3.9455
-0.00201456  0.000399721  3.78905
-0.00193632  0.000391899  3.66503
-0.00185357  0.000384679  3.5187
-0.00174666  0.000377841  3.29944
-0.00167167  0.000370215  3.16485
-0.00155286  0.000361178  2.91507
-0.00146166  0.000355985  2.7014
-0.0013449  0.000350223  2.41247
-0.00124026  0.000343512  2.15497
-0.00113907  0.000338306  1.88903
-0.000996919  0.000331477  1.4991
-0.000869295  0.000327679  1.127
-0.000746734  0.000322729  0.764525
-0.000600087  0.000319133  0.31362
-0.000455464  0.000315614  -0.14111
-0.000292775  0.000313412  -0.661189
-0.000126774  0.000311143  -1.19953
