-0.003971  0.00164852  2.10552
-0.00395351  0.00152331  2.2671
-0.00393605  0.00141253  2.43255
-0.00391533  0.0012978  2.63163
-0.00388656  0.00118504  2.85775
-0.0038488  0.00107245  3.12256
-0.00381883  0.00101902  3.25687
-0.00377068  0.000936826  3.49124
-0.00371675  0.000853618  3.76837
-0.00367765  0.000795164  3.99621
-0.00360527  0.000727355  4.26927
-0.00356577  0.000696956  4.3988
-0.00346845  0.000634886  4.67557
-0.00340119  0.000605111  4.79448
-0.0033078  0.000581103  4.83185
-0.00321963  0.000558959  4.86553
-0.00315575  0.000548639  4.84062
-0.00308876  0.000535536  4.83396
-0.00304454  0.000528787  4.81203
-0.00297687  0.000518285  4.77898
-0.00292622  0.000508949  4.76712
-0.00285456  0.000498289  4.72529
-0.00276899  0.0004862  4.66679
-0.00273047  0.000479862  4.64815
-0.00266392  0.000469966  4.60442
-0.00257428  0.00046156  4.49406
-0.00253001  0.000452875  4.48249
-0.00244489  0.000442947  4.3908
-0.00237645  0.000434226  4.32136
-0.00228653  0.000423031  4.22316
-0.00222234  0.000416744  4.13285
-0.00212054  0.000407531  3.97647
-0.00205571  0.000399697  3.89221
-0.00196707  0.00039098  3.7523
-0.00187227  0.000383043  3.58256
-0.00178829  0.000376749  3.41949
-0.00169132  0.00036913  3.22737
-0.00160097  0.000363789  3.02639
-0.00149965  0.000356139  2.80691
-0.00139609  0.000349655  2.5628
-0.00127183  0.00034213  2.25594
-0.00116868  0.000337103  1.9836
-0.00102805  0.00033141  1.59334
-0.00092109  0.000326845  1.28835
-0.000806086  0.00032225  0.949839
-0.000660501  0.000317952  0.504797
-0.000541022  0.000314093  0.130603
-0.000350948  0.000311292  -0.478819
-0.000186615  0.000309024  -1.01411
-7.23021e-06  0.000308806  -1.59573
