-0.003971  0.00164852  2.10552
-0.00393129  0.00138104  2.48457
-0.00393129  0.00138104  2.48457
-0.00393129  0.00138104  2.48457
-0.00393129  0.00138104  2.48457
-0.00391584  0.00129784  2.63194
-0.00390048  0.00122664  2.7722
-0.00389271  0.00119501  2.83906
-0.00387985  0.00115845  2.91755
-0.00382116  0.00104366  3.18222
-0.00382116  0.00104366  3.18222
-0.00378717  0.000992383  3.3124
-0.00377675  0.000979589  3.34502
-0.00378112  0.00098541  3.3297
-0.00367817  0.00085112  3.7341
-0.00367817  0.00085112  3.7341
-0.00365286  0.000818291  3.85298
-0.00365286  0.000818291  3.85298
-0.00365286  0.000818291  3.85298
-0.00355225  0.000674555  4.52483
-0.00355225  0.000674555  4.52483
-0.00355225  0.000674555  4.52483
-0.00347393  0.000635828  4.67726
-0.00341469  0.00062224  4.68418
-0.00337587  0.00060681  4.73932
-0.00327369  0.000591421  4.68988
-0.00317152  0.000570267  4.68469
-0.00309516  0.00055845  4.64709
-0.00303167  0.000543984  4.65394
-0.00296702  0.000531393  4.64255
-0.00290249  0.000520497  4.61577
-0.0027739  0.000503157  4.51925
-0.00266762  0.000485948  4.4606
-0.0025842  0.000476054  4.37806
-0.00244862  0.000467249  4.1704
-0.00234602  0.000456365  4.04505
-0.00215442  0.000445021  3.71763
-0.00209136  0.000427207  3.72504
-0.00208477  0.00042686  3.71261
-0.00178695  0.000395673  3.25257
-0.00178695  0.000395673  3.25257
-0.00157541  0.000382901  2.80859
-0.00147286  0.000376922  2.58107
-0.00128411  0.000366142  2.14155
-0.00110279  0.000356588  1.69043
-0.000959128  0.000349916  1.31211
-0.000718634  0.000342942  0.637522
-0.000581432  0.000338017  0.240912
-0.000370435  0.000333825  -0.388122
-9.97688e-05  0.000332376  -1.20415
