-0.010865  0.0047755  2.17045
-0.0107479  0.00455574  2.24946
-0.0106455  0.00437195  2.32059
-0.0105202  0.00415781  2.40996
-0.0103949  0.00395565  2.50146
-0.0102631  0.0037697  2.58988
-0.0101416  0.00358307  2.69089
-0.00999221  0.00339429  2.79653
-0.00985114  0.00321058  2.9126
-0.00971612  0.00306697  3.00496
-0.00949542  0.0029339  3.06603
-0.00942083  0.00271205  3.28933
-0.00921266  0.0025746  3.38408
-0.00899739  0.00243802  3.48537
-0.00886305  0.00224861  3.71922
-0.00867588  0.00212105  3.85463
-0.00849824  0.00194956  4.10258
-0.00841077  0.00188536  4.1959
-0.00810132  0.00168124  4.52125
-0.00789057  0.00156278  4.72911
-0.0077141  0.0014764  4.88628
-0.00746882  0.00137572  5.06557
-0.00714491  0.00128331  5.17793
-0.0069136  0.00120332  5.32993
-0.00662426  0.00112933  5.42291
-0.00651  0.00111638  5.38347
-0.0063257  0.00109757  5.30783
-0.00628987  0.00109005  5.31154
-0.00621846  0.00106977  5.34552
-0.00617823  0.00105446  5.38496
-0.00603128  0.00104911  5.27237
-0.00590494  0.00103473  5.22353
-0.00575792  0.00102145  5.1475
-0.00571127  0.00100156  5.20314
-0.00560898  0.000987105  5.17572
-0.00548705  0.000957397  5.20897
-0.0054467  0.000953466  5.18812
-0.00535631  0.000939192  5.17073
-0.00524763  0.000925297  5.13093
-0.00511304  0.000910069  5.0689
-0.0050077  0.000902218  4.99624
-0.00489798  0.000891572  4.93283
-0.0047068  0.000872126  4.82361
-0.0046628  0.000864613  4.81465
-0.00457691  0.000847203  4.8122
-0.00448351  0.000830622  4.79582
-0.0043797  0.000814364  4.76409
-0.00430442  0.000807156  4.71337
-0.00410212  0.000796767  4.52092
-0.00405282  0.000777238  4.57109
