-0.003971  0.00164852  2.10552
-0.0039553  0.00153355  2.25314
-0.00393785  0.00141996  2.4211
-0.00391821  0.00130981  2.6097
-0.00389519  0.00120527  2.81695
-0.00386649  0.00111114  3.02977
-0.00382505  0.0010232  3.24967
-0.00378583  0.000947563  3.46767
-0.00374013  0.00087068  3.72137
-0.00369064  0.000805162  3.96273
-0.00363527  0.000754084  4.15772
-0.00357353  0.000692648  4.43736
-0.00351329  0.00065925  4.57078
-0.00344856  0.000632839  4.65926
-0.00338682  0.000608704  4.74256
-0.00328225  0.000576148  4.82904
-0.00320008  0.00055618  4.85469
-0.00313148  0.0005443  4.83462
-0.00307815  0.000533462  4.83286
-0.00300927  0.000522345  4.80385
-0.0029465  0.000511201  4.78578
-0.00289871  0.000502937  4.76941
-0.0028381  0.000493924  4.73374
-0.00277051  0.000484018  4.69097
-0.00270005  0.000473316  4.64817
-0.00262793  0.000463916  4.58689
-0.00256803  0.000455489  4.54024
-0.00248661  0.00044473  4.46701
-0.0024006  0.000435046  4.36873
-0.00233906  0.0004282  4.29487
-0.00224596  0.000418218  4.17475
-0.0021689  0.000409177  4.07867
-0.00208397  0.000400838  3.95163
-0.00199616  0.000393126  3.8058
-0.00189807  0.000385657  3.62516
-0.00181639  0.000377717  3.48512
-0.00171898  0.000370464  3.29042
-0.00161503  0.00036286  3.0729
-0.00151232  0.000356416  2.84027
-0.00139558  0.000349595  2.56175
-0.00128807  0.000343279  2.29571
-0.00117977  0.000337712  2.01286
-0.00107588  0.000331922  1.735
-0.000947708  0.000326773  1.37009
-0.000811841  0.000321647  0.969513
-0.000679743  0.000317422  0.566259
-0.0005408  0.000313728  0.13005
-0.000385502  0.000310154  -0.369165
-0.000235462  0.00030856  -0.857331
-2.65684e-05  0.000307173  -1.54125
