-0.010865  0.0047755  2.17045
-0.0107352  0.00453246  2.2582
-0.0106216  0.00433014  2.33747
-0.0104927  0.00411243  2.42987
-0.0103582  0.00389866  2.52861
-0.0102277  0.00370425  2.6261
-0.0100815  0.00350176  2.73619
-0.00992269  0.00329678  2.85815
-0.00973825  0.00306926  3.00992
-0.00962208  0.0029331  3.11004
-0.00942516  0.00272658  3.27339
-0.00927621  0.00256529  3.42114
-0.0091183  0.00240121  3.58915
-0.0088781  0.00222292  3.76896
-0.00867257  0.0020316  4.02273
-0.00841022  0.00188497  4.19648
-0.00829292  0.00175021  4.45256
-0.00805242  0.00162619  4.64424
-0.00775045  0.00147202  4.92551
-0.00742688  0.00136076  5.09043
-0.00728408  0.00131478  5.15985
-0.00683734  0.00117704  5.38412
-0.00669433  0.0011313  5.47541
-0.00641658  0.00106234  5.56938
-0.00591388  0.000961977  5.62787
-0.00580672  0.000947563  5.60039
-0.00570042  0.00094031  5.53054
-0.00562468  0.000917158  5.58757
-0.00551187  0.000904864  5.53881
-0.00548625  0.000900328  5.53825
-0.00535461  0.000882321  5.50208
-0.00534648  0.000881403  5.4986
-0.00514229  0.000864375  5.37069
-0.0050648  0.00085024  5.36884
-0.0050648  0.00085024  5.36884
-0.00480228  0.00082955  5.18628
-0.00478888  0.000824143  5.20405
-0.00464593  0.000808636  5.12706
-0.00451017  0.000799862  5.01358
-0.00437459  0.000794862  4.87455
-0.00416978  0.000785768  4.67031
-0.00407691  0.000778283  4.5959
-0.00405515  0.00076863  4.6253
-0.00395395  0.000757266  4.56108
-0.00378501  0.000743383  4.41901
-0.00370033  0.00074012  4.32406
-0.00350403  0.000726548  4.13466
-0.00343405  0.000724724  4.04851
-0.0031814  0.000718336  3.7328
-0.00298197  0.000711847  3.48667
