-0.003971  0.00164852  2.10552
-0.00395457  0.00152848  2.26012
-0.00393589  0.00140807  2.44013
-0.00391653  0.00130128  2.62551
-0.00389275  0.00119519  2.83867
-0.00386275  0.00110076  3.05495
-0.00382513  0.00101998  3.25999
-0.00378549  0.000943895  3.48077
-0.00374273  0.000873996  3.71024
-0.00369553  0.000810847  3.94098
-0.00364404  0.000755021  4.16418
-0.00358031  0.000722414  4.26391
-0.00353236  0.00066123  4.58593
-0.00346609  0.00063251  4.68939
-0.00339912  0.000605748  4.78601
-0.00332359  0.000596487  4.7337
-0.00327121  0.000585179  4.73566
-0.00322176  0.00057309  4.74928
-0.00316843  0.000562242  4.74606
-0.00310526  0.000552086  4.71894
-0.00303971  0.000539574  4.70688
-0.00298316  0.000529624  4.68854
-0.00292201  0.000520456  4.65364
-0.00285822  0.00051009  4.62314
-0.00278282  0.000500779  4.55854
-0.00272293  0.000490165  4.53506
-0.00264778  0.000481019  4.46507
-0.00256522  0.000471989  4.37557
-0.0024949  0.000462735  4.31112
-0.00241727  0.000453286  4.22971
-0.00234308  0.000444745  4.14413
-0.00224796  0.00043579  4.01101
-0.00216904  0.000427086  3.90798
-0.00206734  0.000419938  3.73232
-0.00197868  0.000411618  3.59237
-0.00188754  0.000403905  3.43531
-0.00179636  0.000395862  3.27477
-0.00169535  0.000388712  3.07515
-0.00159133  0.000381933  2.85738
-0.00149073  0.000374638  2.6445
-0.00137446  0.000368723  2.3716
-0.00126753  0.000362485  2.11742
-0.00114796  0.000356512  1.8175
-0.00103088  0.000350582  1.51428
-0.000907658  0.000345526  1.17982
-0.000772165  0.000341217  0.797631
-0.000640943  0.000336706  0.418594
-0.000493579  0.000333424  -0.0192574
-0.000351374  0.000331643  -0.448149
-0.000154505  0.000330711  -1.0447
