-0.003971  0.00164852  2.10552
-0.00395461  0.00152914  2.25919
-0.00393684  0.00142431  2.41299
-0.0039165  0.00130982  2.60837
-0.00389228  0.00119912  2.82897
-0.00386969  0.00113126  2.9787
-0.00382732  0.0010447  3.18496
-0.00379394  0.000978709  3.3656
-0.00374444  0.000891917  3.6376
-0.00369303  0.000824256  3.87383
-0.00364627  0.000763618  4.12021
-0.00359744  0.000716201  4.32482
-0.00353369  0.000685886  4.42303
-0.00345842  0.000633669  4.66873
-0.00341428  0.000620567  4.69616
-0.00330345  0.000586261  4.78192
-0.00322824  0.000560759  4.86527
-0.00316683  0.000552331  4.82831
-0.00310802  0.000540682  4.82357
-0.00304023  0.000528625  4.80536
-0.00299022  0.000521734  4.77298
-0.00290487  0.000510614  4.70975
-0.00285794  0.000499985  4.71602
-0.00277201  0.000489132  4.64498
-0.00271365  0.000480154  4.6103
-0.00266219  0.000473025  4.57098
-0.00255538  0.000461941  4.44943
-0.00249032  0.000454535  4.37881
-0.00239914  0.000438074  4.3352
-0.0023366  0.000433871  4.23307
-0.00226311  0.000426597  4.13297
-0.00217433  0.000418735  3.99854
-0.00210272  0.000407974  3.92848
-0.00200814  0.00040057  3.765
-0.00191405  0.00039236  3.60396
-0.00181285  0.000384861  3.41124
-0.00171939  0.000376934  3.23501
-0.00164083  0.000371059  3.07453
-0.0015278  0.000363488  2.82759
-0.00144289  0.000356791  2.64269
-0.00135594  0.0003513  2.43649
-0.00123467  0.000345807  2.12452
-0.00107751  0.000337144  1.71295
-0.000978416  0.000332873  1.43723
-0.000881937  0.000326595  1.16945
-0.000708806  0.000323581  0.645297
-0.00058692  0.000320141  0.271506
-0.000457293  0.000316084  -0.135114
-0.000284336  0.000313004  -0.689015
-0.000102615  0.000312283  -1.27251
