-0.010865  0.0047755  2.17045
-0.0107821  0.00461979  2.22567
-0.010697  0.00446485  2.28383
-0.0106086  0.00431043  2.34515
-0.0105203  0.00416173  2.40771
-0.0104295  0.00401197  2.47498
-0.0103332  0.00386231  2.54593
-0.0102343  0.00371509  2.62021
-0.0101331  0.00357219  2.6967
-0.0100289  0.00343671  2.77267
-0.00992038  0.00329785  2.85652
-0.00981295  0.00316487  2.9426
-0.00970202  0.00302966  3.03731
-0.00958707  0.00289706  3.13665
-0.00947312  0.00276864  3.24098
-0.00935507  0.00264139  3.35242
-0.00922997  0.00251313  3.47374
-0.00910462  0.00239011  3.60009
-0.00897613  0.00226956  3.73471
-0.00884344  0.00215044  3.87987
-0.00870472  0.00203611  4.02961
-0.00856524  0.00192518  4.18933
-0.00841371  0.00182116  4.34541
-0.00826808  0.00171566  4.52774
-0.0081134  0.0016165  4.7098
-0.00794561  0.00151905  4.90148
-0.00777996  0.00143105  5.08715
-0.00760501  0.00134221  5.29351
-0.00743299  0.00126429  5.48371
-0.00723776  0.00118767  5.67312
-0.00705393  0.00112569  5.82212
-0.00682688  0.0010653  5.93909
-0.00661255  0.00100926  6.05649
-0.00638907  0.00095507  6.16611
-0.00617193  0.000907264  6.25169
-0.00593835  0.000862566  6.30485
-0.00570413  0.000821521  6.33475
-0.00558198  0.000803084  6.32808
-0.00542493  0.000784123  6.28081
-0.00526674  0.00076346  6.2436
-0.00513144  0.000748586  6.18692
-0.00497055  0.000732658  6.10182
-0.00477407  0.000716051  5.96895
-0.00456393  0.000701793  5.79078
-0.00436201  0.000688258  5.61128
-0.00408988  0.000675574  5.31382
-0.00384322  0.000665821  5.0212
-0.00353753  0.000655019  4.63731
-0.00321802  0.000648888  4.18874
-0.00283506  0.000644415  3.62353
