-0.003971  0.00164852  2.10552
-0.0039553  0.00153355  2.25314
-0.00393778  0.00141993  2.42109
-0.0039181  0.00130929  2.61065
-0.00389519  0.00120527  2.81695
-0.00386559  0.00110867  3.03571
-0.0038246  0.00102179  3.2537
-0.00378704  0.000949656  3.4613
-0.00373523  0.000869135  3.72236
-0.00369064  0.000805162  3.96273
-0.00362891  0.000738311  4.23792
-0.00357163  0.00069088  4.44597
-0.0034998  0.000663148  4.52357
-0.00342111  0.000626739  4.66081
-0.00335369  0.000598876  4.76509
-0.00326491  0.000572798  4.82703
-0.00317939  0.000554417  4.8328
-0.00311853  0.00054214  4.82999
-0.00306395  0.000531679  4.82237
-0.00300669  0.000521543  4.80631
-0.00294255  0.000511301  4.77713
-0.00288117  0.000500994  4.75289
-0.00281385  0.000492034  4.70262
-0.00275391  0.000481978  4.67637
-0.00268228  0.000472802  4.61563
-0.00261661  0.000463027  4.57123
-0.002546  0.000452973  4.51684
-0.00247098  0.000444937  4.42979
-0.00240031  0.000435592  4.36258
-0.00232059  0.000426805  4.26562
-0.00224271  0.000418454  4.16463
-0.00215887  0.000409708  4.04892
-0.002083  0.000401538  3.94234
-0.00199432  0.000393822  3.7944
-0.00190349  0.00038624  3.63373
-0.00180705  0.000378795  3.45055
-0.0017097  0.000371537  3.25593
-0.00161287  0.000364307  3.05475
-0.00151231  0.000357174  2.83421
-0.00140345  0.0003513  2.57173
-0.00130395  0.000344722  2.33217
-0.00118519  0.000338522  2.02405
-0.00106752  0.000333197  1.70325
-0.000952056  0.000328004  1.3782
-0.000819143  0.000322467  0.989691
-0.000713374  0.000318981  0.668926
-0.000549598  0.000314834  0.157536
-0.000414283  0.000311133  -0.275499
-0.000262889  0.000309227  -0.766788
-6.39297e-05  0.000308282  -1.41452
