-0.00384052  0.00105916  3.15392
-0.00378964  0.000955999  3.44105
-0.00372797  0.000851937  3.78898
-0.00365858  0.000762845  4.14053
-0.00355782  0.000706485  4.32822
-0.00345333  0.000652107  4.5289
-0.00334575  0.000610024  4.66498
-0.00327673  0.000590876  4.69934
-0.00323369  0.000581865  4.69815
-0.00319342  0.000573351  4.69767
-0.00315028  0.000564738  4.69294
-0.00309978  0.000555264  4.68206
-0.00305408  0.000547121  4.66823
-0.0030066  0.00053804  4.65875
-0.00295781  0.000529861  4.63859
-0.00291249  0.000522451  4.61765
-0.00285612  0.000513414  4.58912
-0.00281312  0.000505972  4.57164
-0.00275884  0.000497881  4.53691
-0.00269947  0.000490846  4.48098
-0.00264488  0.000483018  4.44058
-0.00258767  0.000475767  4.38801
-0.00252637  0.00046831  4.32699
-0.00246299  0.000461043  4.25771
-0.00240062  0.000454132  4.18518
-0.00232595  0.000447556  4.07983
-0.00227106  0.000440126  4.02399
-0.00220973  0.000433317  3.94569
-0.00212233  0.00042704  3.79901
-0.00206617  0.000420287  3.72642
-0.00200264  0.000413138  3.63713
-0.0019302  0.00040693  3.51462
-0.00185014  0.00040052  3.37098
-0.00178022  0.000395343  3.23826
-0.0016903  0.00039001  3.05196
-0.00161427  0.000384106  2.90095
-0.00153434  0.000379838  2.72312
-0.0014432  0.000373432  2.52577
-0.00135269  0.00036854  2.31369
-0.00126092  0.000364048  2.09017
-0.0011687  0.000359723  1.85892
-0.00107695  0.000355072  1.62487
-0.000969076  0.000351002  1.33639
-0.000877217  0.000346559  1.08846
-0.000773175  0.000342919  0.796615
-0.000665292  0.000339908  0.486285
-0.000550456  0.000337144  0.149657
-0.000443939  0.000334886  -0.167403
-0.000307456  0.000333147  -0.577956
-0.000151965  0.000332403  -1.04702
