-0.003971  0.00164852  2.10552
-0.0039552  0.00153288  2.25406
-0.00393765  0.00141872  2.42306
-0.0039176  0.00131649  2.596
-0.00389409  0.00121421  2.79531
-0.00386499  0.00111871  3.00791
-0.00382629  0.0010274  3.23758
-0.00378482  0.000956833  3.43302
-0.00374379  0.000884414  3.66773
-0.00369433  0.000812261  3.93264
-0.00364261  0.000761822  4.12512
-0.00358738  0.00070408  4.38499
-0.00352759  0.000670893  4.51277
-0.00345528  0.000656812  4.49942
-0.00339482  0.000602574  4.80408
-0.0032844  0.000578473  4.81337
-0.00320821  0.000556624  4.86542
-0.00304909  0.000534502  4.7691
-0.00309882  0.000537147  4.83819
-0.00303254  0.000528069  4.79584
-0.00296266  0.000517465  4.75909
-0.00290897  0.000507493  4.74681
-0.00288765  0.000502327  4.75318
-0.00273168  0.00048606  4.59137
-0.00268923  0.000474913  4.60974
-0.00263898  0.000468233  4.56819
-0.00256492  0.000457857  4.50997
-0.00249128  0.000452063  4.40487
-0.00242198  0.00044097  4.35854
-0.00234371  0.000431664  4.27117
-0.0021875  0.000417551  4.04142
-0.00217717  0.000413797  4.05311
-0.00209909  0.000406636  3.93249
-0.00198093  0.00039503  3.74892
-0.00192611  0.000389563  3.66079
-0.00183643  0.00038332  3.48646
-0.00172683  0.000374427  3.27655
-0.0016244  0.000365941  3.07263
-0.00152246  0.000360092  2.83944
-0.00144545  0.000353542  2.67423
-0.00131717  0.000346392  2.35909
-0.00120052  0.000339561  2.06302
-0.00110921  0.000334413  1.82174
-0.000965565  0.000328213  1.41848
-0.000828232  0.0003233  1.01526
-0.000706749  0.000319083  0.647948
-0.00057342  0.000314872  0.233173
-0.000421876  0.000311338  -0.250931
-0.000256746  0.000308142  -0.789421
-8.68437e-05  0.000306955  -1.34598
