-0.003971  0.00164852  2.10552
-0.00395437  0.00152716  2.26195
-0.00393548  0.00141003  2.43647
-0.00391579  0.00129759  2.6324
-0.00389024  0.00118723  2.85558
-0.00386101  0.00109663  3.06486
-0.00381769  0.00100618  3.29733
-0.00377193  0.000937805  3.48893
-0.00372866  0.000852357  3.78792
-0.00367395  0.000795458  3.99009
-0.00361939  0.000732268  4.2599
-0.00355169  0.000677889  4.50176
-0.00348443  0.000638103  4.67704
-0.00341562  0.000609444  4.78407
-0.00332709  0.000585011  4.83255
-0.00324424  0.000563798  4.86742
-0.00318952  0.000552967  4.86379
-0.00312667  0.000543305  4.83463
-0.00306964  0.000533841  4.8135
-0.00301263  0.000522353  4.81022
-0.00294964  0.000512163  4.78293
-0.00288606  0.000502794  4.7456
-0.00282149  0.000491655  4.72179
-0.0027559  0.000483589  4.66492
-0.00268982  0.000473411  4.62562
-0.00262875  0.000464246  4.5854
-0.00255232  0.000454941  4.51118
-0.00247908  0.000445619  4.44119
-0.00240206  0.000436483  4.35769
-0.00233284  0.000428283  4.2795
-0.00224749  0.000419667  4.16399
-0.00216375  0.000410765  4.05038
-0.00208335  0.000402577  3.93303
-0.00199435  0.000395273  3.78055
-0.00190215  0.000387513  3.61834
-0.00182771  0.000379805  3.49576
-0.00172097  0.000371792  3.28402
-0.0016201  0.000364837  3.07013
-0.00151994  0.000358581  2.84438
-0.00141939  0.000351731  2.61389
-0.00130505  0.000346143  2.32576
-0.00118909  0.000340162  2.02577
-0.00108463  0.000334526  1.74763
-0.000952934  0.00032928  1.37553
-0.000848259  0.000325099  1.07124
-0.000699973  0.000320163  0.624599
-0.000542184  0.000316534  0.133269
-0.000399824  0.000312968  -0.320083
-0.000278325  0.000310998  -0.712786
-6.51354e-05  0.000310019  -1.4027
