-0.003971  0.00164852  2.10552
-0.00395429  0.0015267  2.26259
-0.00393612  0.00141336  2.43117
-0.00391297  0.00129413  2.63728
-0.00388688  0.00119448  2.83544
-0.00385434  0.0010942  3.06557
-0.00381127  0.00101479  3.26299
-0.00377049  0.000929828  3.5173
-0.00372128  0.000853756  3.77307
-0.003666  0.000796813  3.97333
-0.00360705  0.000737853  4.21093
-0.00354626  0.000690499  4.41168
-0.00347292  0.000647243  4.5932
-0.00340085  0.000617739  4.69592
-0.00332478  0.000584418  4.83349
-0.00323595  0.000563471  4.85554
-0.00318333  0.000552938  4.85285
-0.00311608  0.000540864  4.83685
-0.00306953  0.000532656  4.824
-0.00300901  0.000522025  4.80631
-0.00294185  0.000511275  4.776
-0.00288359  0.000502138  4.74688
-0.00281683  0.000492216  4.70694
-0.00274472  0.000482229  4.65488
-0.00268166  0.000473282  4.60963
-0.00261043  0.000463592  4.55234
-0.00254178  0.000454291  4.49444
-0.00246606  0.000445595  4.4122
-0.00239883  0.000436701  4.34813
-0.00232096  0.000427516  4.25939
-0.00224279  0.000419142  4.15799
-0.00215928  0.000410848  4.03867
-0.00207525  0.000402439  3.91426
-0.0019808  0.000394492  3.75369
-0.00189527  0.000386774  3.60746
-0.00180492  0.000379394  3.43949
-0.00171548  0.000371329  3.27332
-0.00161439  0.00036441  3.05808
-0.00151217  0.000357613  2.83035
-0.00141257  0.00035119  2.5985
-0.00129756  0.000345177  2.31058
-0.00120065  0.000339077  2.06636
-0.00108473  0.000333377  1.75398
-0.000953719  0.000327938  1.38355
-0.000829536  0.000322946  1.02041
-0.000695012  0.000318628  0.612037
-0.000566504  0.000315112  0.21105
-0.000415825  0.000311075  -0.270593
-0.000272987  0.000309195  -0.734207
-8.33343e-05  0.000308138  -1.35221
