-0.003971  0.00164852  2.10552
-0.00395394  0.00152517  2.26463
-0.00393599  0.00140891  2.43876
-0.00391406  0.00128906  2.64849
-0.00388873  0.00118026  2.87117
-0.0038539  0.00109079  3.07474
-0.00381159  0.0010049  3.29544
-0.00376765  0.000925986  3.52884
-0.00372251  0.000855386  3.76732
-0.00366739  0.000787327  4.02297
-0.00360883  0.000722838  4.30087
-0.00354293  0.000673671  4.51695
-0.00347146  0.000631728  4.70371
-0.00339877  0.000601932  4.81579
-0.00331216  0.000579594  4.85195
-0.00322211  0.000558323  4.87551
-0.00316042  0.000547623  4.85813
-0.00310837  0.000536772  4.85936
-0.00305022  0.000527921  4.83069
-0.00298849  0.000517735  4.80649
-0.00292484  0.00050725  4.78036
-0.00286692  0.000497795  4.7548
-0.00279138  0.000488919  4.68662
-0.00271869  0.000476533  4.65589
-0.00267069  0.000469779  4.62067
-0.00259854  0.000460841  4.55373
-0.00252895  0.000450585  4.50292
-0.00244069  0.000440371  4.40695
-0.00237035  0.00043298  4.31971
-0.00229554  0.000424376  4.23101
-0.00221654  0.000415769  4.12859
-0.00213579  0.000407589  4.01334
-0.00204989  0.000398977  3.88464
-0.00195677  0.000391421  3.72173
-0.00186182  0.000384653  3.54039
-0.00180041  0.000377228  3.44727
-0.0016896  0.000369319  3.22106
-0.00158595  0.000362283  2.99752
-0.00148813  0.000355802  2.77719
-0.0013641  0.000347527  2.48642
-0.00125671  0.000343498  2.20296
-0.00115325  0.000336578  1.94086
-0.00103698  0.000331144  1.62158
-0.00092083  0.000325888  1.29134
-0.00080851  0.00032142  0.959832
-0.000665246  0.000317347  0.520709
-0.000529191  0.000313747  0.093039
-0.000366917  0.000311387  -0.427389
-0.000222541  0.000308881  -0.898269
5.66141e-06  0.000308115  -1.64115
