-0.003971  0.00164852  2.10552
-0.00395415  0.0015271  2.2619
-0.00393648  0.00141165  2.43437
-0.00391553  0.00129627  2.63489
-0.00389193  0.00119284  2.84357
-0.00385987  0.00109903  3.05713
-0.00382158  0.00101867  3.26071
-0.00377971  0.000940167  3.48843
-0.00372581  0.000870318  3.70647
-0.00367356  0.00080217  3.95621
-0.00361715  0.000740315  4.21058
-0.00355406  0.000699238  4.36769
-0.00348357  0.000655565  4.55114
-0.00341504  0.000625307  4.66176
-0.00334046  0.000595749  4.76788
-0.00326062  0.00057501  4.80099
-0.00319431  0.000558984  4.82
-0.00314397  0.000549661  4.81019
-0.0030808  0.000538906  4.78895
-0.00303095  0.000529067  4.7838
-0.0029583  0.00051749  4.75043
-0.00289629  0.000507532  4.72145
-0.00282141  0.000497268  4.66832
-0.00276456  0.000488653  4.63428
-0.00269529  0.000477449  4.59795
-0.00263441  0.000469147  4.54955
-0.0025444  0.000458163  4.46216
-0.00248075  0.000449383  4.40772
-0.00240069  0.000440154  4.31823
-0.002333  0.000430705  4.25581
-0.0022421  0.00042222  4.12604
-0.00217489  0.000414095  4.04469
-0.0020681  0.000405765  3.86454
-0.00197812  0.000396036  3.73229
-0.00190285  0.000389247  3.60401
-0.00181231  0.000381482  3.44004
-0.00170537  0.00037367  3.22577
-0.00159996  0.000366776  2.99899
-0.00149113  0.000359003  2.76078
-0.00139412  0.000352234  2.53843
-0.00129154  0.000346941  2.28147
-0.00116931  0.000340353  1.96653
-0.00106482  0.000333925  1.69145
-0.000958025  0.000329633  1.3895
-0.000822214  0.000325113  0.991083
-0.000678335  0.00031877  0.559449
-0.00054453  0.000315941  0.140943
-0.000386022  0.000313164  -0.363955
-0.000281431  0.000311264  -0.702198
-4.53867e-05  0.000309019  -1.47115
