-0.010865  0.0047755  2.17045
-0.0107795  0.00461498  2.22742
-0.0106911  0.00445526  2.28743
-0.0106012  0.00429866  2.34985
-0.0105095  0.00414453  2.4151
-0.0104142  0.00399008  2.4847
-0.01032  0.00384255  2.5556
-0.0102139  0.00368984  2.6326
-0.0101081  0.00354228  2.71242
-0.010002  0.00340277  2.79242
-0.00989389  0.00326182  2.87995
-0.00977779  0.00312083  2.97286
-0.00966729  0.00298999  3.06599
-0.00954686  0.00285077  3.17347
-0.00942509  0.00271869  3.28287
-0.00930686  0.00259267  3.39683
-0.00917561  0.00245974  3.52704
-0.00904796  0.00233608  3.65911
-0.00891485  0.00221533  3.79847
-0.008775  0.0020943  3.95121
-0.00863399  0.00197896  4.11023
-0.00848368  0.00186664  4.27704
-0.0083291  0.00176078  4.44639
-0.00817268  0.00165564  4.63426
-0.00800977  0.00155535  4.82835
-0.00783418  0.00145989  5.02379
-0.00766212  0.00137186  5.22074
-0.0074735  0.00128359  5.43282
-0.00728501  0.00120747  5.61919
-0.00707973  0.00113833  5.78015
-0.00686693  0.00107593  5.91763
-0.00664566  0.00101908  6.03061
-0.00642828  0.000960956  6.16915
-0.00620196  0.000910775  6.26056
-0.00596489  0.000865652  6.31303
-0.00572813  0.000823208  6.35092
-0.00560826  0.000804983  6.3458
-0.00546956  0.000786429  6.31915
-0.00534235  0.000769389  6.29376
-0.00518308  0.000752612  6.22244
-0.00500368  0.000738947  6.09472
-0.00485063  0.000722078  6.02516
-0.00467503  0.000707376  5.90213
-0.00447565  0.000694557  5.72402
-0.00425796  0.000681419  5.5149
-0.00404026  0.000670976  5.27628
-0.00374668  0.000660208  4.91766
-0.00351293  0.000652436  4.61797
-0.00318344  0.000646131  4.15308
-0.00280892  0.000642871  3.59157
