-0.003971  0.00164852  2.10552
-0.00395348  0.00152464  2.26511
-0.00393482  0.00140343  2.44744
-0.00391302  0.00128718  2.65155
-0.00388679  0.00118522  2.85751
-0.00384803  0.0010846  3.08689
-0.00380818  0.00101942  3.24515
-0.00376116  0.000923766  3.53028
-0.00370163  0.000858402  3.72975
-0.00364848  0.000787797  3.99656
-0.00361625  0.000735639  4.23611
-0.00354144  0.000686022  4.43344
-0.00347352  0.000640899  4.63961
-0.00338785  0.00060853  4.74562
-0.00331092  0.00058336  4.81851
-0.00320795  0.00055592  4.87111
-0.00313942  0.000545784  4.83602
-0.0030781  0.000536844  4.80233
-0.00299866  0.000526633  4.74459
-0.00295138  0.000517582  4.73621
-0.00290934  0.000509098  4.73257
-0.00282708  0.00049725  4.67991
-0.00277861  0.000489082  4.65896
-0.00269243  0.000479918  4.56834
-0.00266429  0.00047143  4.59089
-0.00257361  0.000465589  4.45373
-0.00249764  0.000453627  4.40371
-0.00243187  0.000446662  4.32512
-0.00236187  0.000438294  4.248
-0.0022947  0.000426579  4.2072
-0.00222005  0.000419162  4.10355
-0.00215047  0.000412422  4.00189
-0.00203429  0.00040393  3.79841
-0.00198975  0.000397659  3.74629
-0.00191916  0.000391286  3.62692
-0.00179461  0.000380254  3.40459
-0.00170054  0.00037274  3.22084
-0.0016212  0.000368349  3.04384
-0.00153998  0.000361182  2.87938
-0.00143558  0.000355563  2.63125
-0.00132055  0.000349576  2.34728
-0.00122302  0.000343549  2.10455
-0.00113474  0.000338383  1.87579
-0.00101564  0.000333767  1.5449
-0.000873565  0.00032905  1.13528
-0.00074616  0.000324811  0.757857
-0.000619564  0.000322185  0.371104
-0.00047296  0.000316486  -0.0854374
-0.000335512  0.000314242  -0.523443
-0.000167347  0.000313208  -1.06208
