-0.010865  0.0047755  2.17045
-0.0107824  0.0046204  2.22543
-0.0106973  0.00446534  2.28366
-0.0106104  0.00431305  2.34414
-0.0105204  0.00416163  2.4078
-0.0104257  0.00400873  2.47603
-0.0103311  0.00386178  2.54574
-0.0102364  0.00372233  2.61568
-0.0101339  0.00357692  2.69334
-0.0100317  0.00344444  2.76727
-0.0099226  0.00330371  2.85213
-0.00981253  0.00316915  2.9385
-0.00970268  0.00303812  3.02907
-0.00958812  0.00290432  3.12917
-0.00947189  0.00277464  3.23354
-0.00935368  0.00264853  3.34286
-0.00922984  0.00252041  3.46366
-0.00910853  0.00240024  3.58654
-0.00897844  0.00227747  3.72275
-0.00884705  0.00216288  3.85922
-0.00871287  0.0020466  4.01293
-0.0085684  0.00193502  4.16967
-0.00842346  0.0018288  4.33259
-0.00827289  0.00172391  4.50887
-0.00812007  0.00162501  4.68924
-0.00795976  0.00152773  4.88292
-0.0077901  0.00143846  5.06801
-0.00762214  0.00135127  5.2707
-0.00744105  0.00127201  5.45676
-0.00724883  0.00119547  5.64535
-0.00705661  0.00113047  5.7999
-0.00685019  0.0010714  5.92699
-0.00664384  0.00101638  6.04482
-0.00642495  0.000962597  6.15517
-0.00619417  0.000913215  6.2353
-0.00597239  0.000867523  6.30806
-0.00573585  0.000826687  6.33354
-0.00560841  0.000807289  6.32786
-0.00546448  0.000787123  6.30713
-0.00531977  0.000769815  6.26095
-0.00516995  0.000752217  6.20825
-0.00498075  0.000734873  6.09731
-0.00479873  0.000720007  5.97039
-0.00459676  0.000705033  5.81073
-0.00436512  0.00069199  5.58551
-0.00415039  0.000679584  5.3715
-0.00387292  0.000668198  5.04778
-0.00359692  0.000658008  4.70651
-0.00330334  0.000651149  4.30522
-0.00297482  0.000646834  3.82605
