-0.00372581  0.000986305  3.2706
-0.00363211  0.000871739  3.59294
-0.00352419  0.000712028  4.24729
-0.00343752  0.000646946  4.54059
-0.00330212  0.000583943  4.79863
-0.0032503  0.000568162  4.84069
-0.00320086  0.000558425  4.83657
-0.00315376  0.000549472  4.82965
-0.0031142  0.000542257  4.82096
-0.0030698  0.000532141  4.82916
-0.00303592  0.000525341  4.82719
-0.0029759  0.000517894  4.7807
-0.00294002  0.000511104  4.77402
-0.00288049  0.000502215  4.73998
-0.00282771  0.000496106  4.69195
-0.00278914  0.000488409  4.68692
-0.00273311  0.000480307  4.64934
-0.00269001  0.000472477  4.63518
-0.00262606  0.000465311  4.56911
-0.00257558  0.00045765  4.5353
-0.00251609  0.000451202  4.46826
-0.00245764  0.000443583  4.41325
-0.00240025  0.000435486  4.36352
-0.00234328  0.000428839  4.2983
-0.00228003  0.00042342  4.20394
-0.00223094  0.000417479  4.14617
-0.00215803  0.000409969  4.04428
-0.00209576  0.000404234  3.94761
-0.00202331  0.000397494  3.83228
-0.00196773  0.000391736  3.74674
-0.0018829  0.000384244  3.59902
-0.00182136  0.00038024  3.47506
-0.00174985  0.000374349  3.33873
-0.00166317  0.000368377  3.15754
-0.00160545  0.000362915  3.04602
-0.0014922  0.000357015  2.77917
-0.00144533  0.000352704  2.68023
-0.00135629  0.000347753  2.46234
-0.00127473  0.000342929  2.25917
-0.0011684  0.000337347  1.98133
-0.00110439  0.000334424  1.80725
-0.00100789  0.000330885  1.53495
-0.000893717  0.000326498  1.20588
-0.000805444  0.000322346  0.947566
-0.000721809  0.000319839  0.693503
-0.000602384  0.000315807  0.324197
-0.000504776  0.000313711  0.0152236
-0.000365603  0.000311514  -0.431433
-0.000246846  0.000309948  -0.816764
-0.000111836  0.000308803  -1.25699
