-0.003971  0.00164852  2.10552
-0.00395317  0.00151917  2.27306
-0.00393209  0.00138961  2.46983
-0.00390294  0.0012693  2.68095
-0.00387928  0.00117298  2.88095
-0.00383873  0.00106276  3.14158
-0.00379477  0.000987718  3.33574
-0.00374994  0.000901679  3.60432
-0.00369934  0.000827148  3.86792
-0.00363203  0.000754191  4.15283
-0.00356884  0.000702847  4.3663
-0.00349651  0.00064293  4.66071
-0.00341595  0.000609142  4.78698
-0.00333621  0.000589524  4.81102
-0.00323987  0.000562339  4.87227
-0.00318549  0.000551465  4.86974
-0.00313116  0.00054207  4.8539
-0.00307746  0.000532305  4.84208
-0.00301697  0.000522312  4.8189
-0.00295962  0.0005129  4.79551
-0.0029031  0.000503397  4.77377
-0.00283028  0.000494045  4.71674
-0.00277044  0.000485014  4.68119
-0.00270228  0.000473918  4.64697
-0.00264023  0.000466369  4.58913
-0.00256624  0.000457132  4.52002
-0.00248665  0.000445423  4.46014
-0.00241755  0.000439402  4.36401
-0.00234883  0.000430156  4.29804
-0.00228408  0.000423702  4.21071
-0.00219397  0.000413895  4.09275
-0.00212631  0.000406855  3.99726
-0.00204288  0.000399638  3.86069
-0.00195223  0.000392579  3.69921
-0.00185549  0.000382048  3.54795
-0.00176635  0.000375345  3.37382
-0.00168369  0.000369753  3.20131
-0.00161134  0.000364856  3.04598
-0.00151322  0.000358054  2.82979
-0.00140411  0.000350529  2.57927
-0.00129604  0.000345088  2.30678
-0.00116951  0.000337363  1.98454
-0.0010818  0.00033332  1.74548
-0.000961179  0.000329237  1.40075
-0.00085827  0.00032506  1.10217
-0.000731944  0.000321263  0.721974
-0.000576226  0.000314954  0.242023
-0.000449956  0.00031347  -0.159645
-0.000313965  0.00031104  -0.598105
-0.000141678  0.000308973  -1.15972
