-0.003971  0.00164852  2.10552
-0.00395512  0.00153231  2.25484
-0.00393866  0.00142826  2.40758
-0.00392069  0.00132846  2.57494
-0.00389968  0.00123062  2.76258
-0.00387399  0.00114005  2.95952
-0.00384623  0.00107373  3.11645
-0.00381052  0.001014  3.26483
-0.00375508  0.000944816  3.44521
-0.00372332  0.000881837  3.65523
-0.00366584  0.000821274  3.8548
-0.00361086  0.000766039  4.06097
-0.00355829  0.000720994  4.24177
-0.00349736  0.00067358  4.4499
-0.0034355  0.000636836  4.6095
-0.00336827  0.000624871  4.59019
-0.00329251  0.000587477  4.75341
-0.00320814  0.000564209  4.7999
-0.00314343  0.000546721  4.83507
-0.00307352  0.000535497  4.80584
-0.00301418  0.000524068  4.79743
-0.00293681  0.000514445  4.73678
-0.00288517  0.000504074  4.73178
-0.00280547  0.000492181  4.68418
-0.0027522  0.000483301  4.66004
-0.00269226  0.000473543  4.62947
-0.00261256  0.000463741  4.55547
-0.00255416  0.000456212  4.50264
-0.00245965  0.000445358  4.40017
-0.00240076  0.000437022  4.34935
-0.00231548  0.000426051  4.26119
-0.0022203  0.000417895  4.11658
-0.00215097  0.000411784  4.00931
-0.00206034  0.000401304  3.88818
-0.00197663  0.00039447  3.74331
-0.00188738  0.000385967  3.59456
-0.00179563  0.000378911  3.41936
-0.0016867  0.00037146  3.1947
-0.00159798  0.000364314  3.01383
-0.00149031  0.000357473  2.7703
-0.00138218  0.000350755  2.51508
-0.00128349  0.000343842  2.27863
-0.00115647  0.000336984  1.94806
-0.00104836  0.000332318  1.6501
-0.000923358  0.00032873  1.28786
-0.000816001  0.000322088  0.981102
-0.000670685  0.000318671  0.535615
-0.00052087  0.000313378  0.066596
-0.000369756  0.000311045  -0.41873
-0.000197314  0.000309086  -0.979295
