-0.010865  0.0047755  2.17045
-0.0107496  0.00455883  2.2483
-0.0106362  0.00435557  2.32717
-0.0105125  0.0041451  2.4155
-0.0103839  0.00393844  2.5096
-0.0102478  0.00373328  2.61104
-0.0101125  0.00354331  2.71286
-0.00997587  0.00336409  2.81677
-0.00982332  0.00319669  2.91656
-0.00965046  0.0030019  3.04822
-0.00950302  0.00280586  3.20865
-0.00933934  0.00263723  3.35175
-0.00918981  0.00247373  3.51283
-0.00899029  0.00230421  3.68469
-0.00881542  0.00213393  3.89677
-0.00864441  0.00199584  4.08069
-0.00843787  0.00186547  4.25517
-0.00820428  0.00175138  4.39896
-0.00800563  0.00159196  4.71472
-0.00776822  0.00149166  4.87256
-0.00754313  0.00140384  5.01704
-0.0072549  0.00130633  5.17091
-0.00698611  0.00122071  5.31341
-0.0066822  0.00115891  5.33451
-0.00639616  0.00108698  5.42436
-0.00630187  0.00107123  5.4161
-0.0061952  0.0010564  5.39116
-0.00608925  0.00103716  5.389
-0.00598909  0.00102106  5.37588
-0.00584601  0.00100724  5.3076
-0.00580121  0.00100217  5.28974
-0.00564728  0.000982598  5.23844
-0.00556499  0.000972894  5.20611
-0.00536488  0.000957017  5.08337
-0.00530834  0.000936738  5.13307
-0.00522928  0.000914344  5.17233
-0.00522928  0.000914344  5.17233
-0.0050201  0.000907321  4.98181
-0.00477909  0.000884053  4.84031
-0.00470969  0.000868898  4.84486
-0.00456034  0.000841924  4.82269
-0.0045101  0.000833581  4.81069
-0.00442853  0.000820882  4.78575
-0.00427887  0.000800972  4.71786
-0.00420113  0.000789717  4.68665
-0.00407663  0.000775895  4.60969
-0.00391824  0.000766753  4.45807
-0.00375395  0.000760855  4.27671
-0.00356587  0.000755519  4.05797
-0.00342185  0.000741747  3.93914
