-0.003971  0.00164852  2.10552
-0.00395418  0.00152581  2.26383
-0.00393353  0.00141416  2.42796
-0.00391112  0.0012953  2.63346
-0.00388488  0.00119379  2.8354
-0.00385079  0.00110173  3.0414
-0.00380864  0.00101754  3.2516
-0.00376529  0.000939386  3.47599
-0.00372118  0.000860888  3.74169
-0.00366507  0.000780251  4.05647
-0.00360876  0.000725862  4.28285
-0.00355005  0.000680464  4.48231
-0.00347953  0.000639575  4.6586
-0.00340171  0.000603954  4.80452
-0.00332151  0.000581842  4.84928
-0.00323348  0.000561252  4.87032
-0.00317878  0.00055054  4.86572
-0.00311895  0.000540018  4.84974
-0.00306161  0.000530218  4.83124
-0.00299812  0.000519386  4.80976
-0.00293684  0.000510276  4.77554
-0.00287782  0.00050035  4.75231
-0.00280807  0.000490264  4.70781
-0.00274101  0.000480685  4.66212
-0.00267444  0.000471093  4.61573
-0.00259841  0.000462216  4.53989
-0.00254101  0.000453049  4.50505
-0.00245574  0.000444053  4.4043
-0.00238505  0.000435216  4.3313
-0.00231856  0.000426547  4.26343
-0.0022288  0.000417292  4.14291
-0.00215239  0.000409414  4.036
-0.00205668  0.000401433  3.87781
-0.00196883  0.00039415  3.72658
-0.00187114  0.000384638  3.56475
-0.00178356  0.000378452  3.39162
-0.00169374  0.000371101  3.21677
-0.00159252  0.000363817  3.00295
-0.00148289  0.000357475  2.74955
-0.00138153  0.000350228  2.51702
-0.00126983  0.000343773  2.23936
-0.00117047  0.00033799  1.9837
-0.00104357  0.000332268  1.63595
-0.000930542  0.000326459  1.31882
-0.000812531  0.000322031  0.9705
-0.000650305  0.000318141  0.472446
-0.000531056  0.00031431  0.0988063
-0.000383161  0.00031086  -0.375857
-0.000211762  0.000309401  -0.9316
-3.86678e-05  0.000307868  -1.49847
