-0.010865  0.0047755  2.17045
-0.0107801  0.00461703  2.22657
-0.0106948  0.00446494  2.28329
-0.0106085  0.00431222  2.34416
-0.0105193  0.00415775  2.40979
-0.0104277  0.00400801  2.47697
-0.0103356  0.00386501  2.54479
-0.0102354  0.00371784  2.61857
-0.0101324  0.00357322  2.69573
-0.01003  0.00343803  2.77194
-0.0099224  0.00330379  2.852
-0.00980831  0.00316094  2.9448
-0.00969631  0.00302942  3.03566
-0.00958895  0.00289881  3.13541
-0.00946693  0.00276515  3.24283
-0.00934885  0.00263838  3.3539
-0.0092265  0.00251273  3.47291
-0.00909858  0.00238983  3.59798
-0.00897108  0.00226978  3.73211
-0.00884204  0.00215653  3.86827
-0.00869674  0.00203254  4.03276
-0.0085608  0.0019269  4.18331
-0.00841182  0.00181867  4.35034
-0.00825426  0.00171369  4.52488
-0.00810801  0.00161901  4.69918
-0.00793717  0.0015169  4.90287
-0.00777408  0.00143088  5.08365
-0.0076069  0.00134707  5.27583
-0.00742379  0.00126157  5.48822
-0.00724336  0.00119495  5.64324
-0.00704494  0.0011242  5.82184
-0.00683068  0.00106937  5.92003
-0.00661456  0.00100629  6.07632
-0.00638604  0.000953816  6.17104
-0.00616483  0.000904458  6.26323
-0.00594127  0.000861407  6.31672
-0.00570553  0.000821163  6.33922
-0.00557105  0.000803819  6.3087
-0.00543754  0.000782975  6.30612
-0.00528124  0.000764721  6.25227
-0.00514997  0.000751004  6.19167
-0.00498727  0.000734127  6.1124
-0.00480333  0.00071882  5.98666
-0.00460913  0.000704906  5.82933
-0.00440746  0.000692453  5.64293
-0.00416984  0.00068077  5.39072
-0.00393056  0.000668757  5.12976
-0.00364164  0.000659462  4.76394
-0.00334464  0.000652634  4.3587
-0.00299736  0.000648667  3.84999
