-0.003971  0.00164852  2.10552
-0.00395322  0.00152031  2.2714
-0.00393319  0.00139216  2.46609
-0.00391098  0.00128092  2.66291
-0.00388631  0.00119316  2.8381
-0.0038517  0.00110455  3.03444
-0.00380616  0.00102903  3.2129
-0.00375817  0.000934378  3.48699
-0.00371577  0.000867412  3.70732
-0.00366269  0.000797141  3.96754
-0.00362508  0.000754558  4.14161
-0.00354594  0.000696873  4.37087
-0.0034812  0.000650751  4.58118
-0.00342708  0.000620795  4.71504
-0.00332992  0.000587738  4.81495
-0.00323297  0.000564745  4.83929
-0.00316626  0.00055262  4.82477
-0.0031136  0.000544575  4.79933
-0.00305749  0.00053314  4.79704
-0.00299267  0.000523516  4.7614
-0.00292566  0.000513846  4.7206
-0.00287782  0.000503799  4.71978
-0.00279601  0.000492461  4.66232
-0.00273981  0.000480927  4.65727
-0.00265614  0.000473758  4.55113
-0.00260308  0.000463791  4.53455
-0.00252697  0.000452713  4.47739
-0.0024622  0.000445396  4.40551
-0.00238231  0.000436028  4.31694
-0.0023071  0.00042674  4.23467
-0.00222445  0.000418306  4.12246
-0.00213813  0.000410028  3.99516
-0.00205606  0.00040233  3.86762
-0.00196186  0.000394544  3.70518
-0.00187151  0.000385877  3.55425
-0.00178197  0.000377833  3.39297
-0.00168378  0.000369907  3.20022
-0.00158363  0.000364233  2.97509
-0.00147781  0.000356519  2.74267
-0.00137895  0.000350496  2.50773
-0.00125443  0.00034356  2.19593
-0.00116693  0.000338024  1.97304
-0.00103269  0.000332988  1.59974
-0.000925973  0.000327474  1.30078
-0.000806893  0.000323355  0.94909
-0.000644698  0.000318082  0.454907
-0.000516229  0.000314638  0.051581
-0.000365951  0.000310892  -0.431178
-0.000200864  0.00030899  -0.968109
-1.57348e-05  0.000308368  -1.57041
