-0.010865  0.0047755  2.17045
-0.0107765  0.00461682  2.22588
-0.0106875  0.00445676  2.28585
-0.0105965  0.00430266  2.34658
-0.0105055  0.00414821  2.412
-0.0104107  0.00399389  2.48147
-0.0103128  0.0038425  2.55374
-0.0102128  0.00369324  2.62989
-0.0101068  0.00355124  2.70518
-0.0100012  0.00340542  2.79003
-0.0098921  0.00326677  2.87504
-0.00977495  0.00312655  2.96651
-0.00966498  0.00299547  3.05962
-0.00953934  0.00284897  3.17285
-0.00942577  0.00272679  3.27337
-0.00930315  0.00259388  3.39382
-0.00917573  0.00246274  3.52279
-0.00905115  0.00234221  3.65089
-0.00891496  0.00221411  3.8006
-0.00876807  0.00208824  3.95935
-0.00863038  0.00197932  4.10767
-0.00848163  0.00186419  4.28155
-0.00833783  0.00176314  4.44538
-0.00816932  0.00165171  4.64327
-0.00801611  0.00155787  4.8246
-0.00784762  0.00146365  5.02007
-0.00766231  0.00137217  5.21968
-0.00748493  0.00128551  5.43357
-0.00729018  0.00120853  5.61854
-0.00708328  0.00113682  5.79096
-0.00688201  0.00108089  5.90442
-0.00665545  0.00101894  6.04105
-0.00643784  0.000966746  6.14209
-0.0062066  0.000914802  6.23807
-0.00596605  0.000868209  6.29578
-0.00573213  0.000823754  6.35156
-0.0056156  0.000806407  6.34369
-0.00547787  0.00078785  6.3183
-0.00533738  0.000769719  6.2846
-0.0051969  0.000754407  6.22595
-0.00502246  0.000738277  6.12569
-0.0048472  0.000721937  6.02157
-0.00465366  0.000707172  5.87362
-0.00445461  0.000693154  5.70524
-0.00424429  0.00068135  5.49539
-0.00401663  0.000671207  5.23927
-0.00377488  0.000662365  4.94422
-0.0034562  0.000652986  4.52721
-0.00317326  0.000646403  4.1356
-0.00276073  0.000643934  3.51082
