-0.003971  0.00164852  2.10552
-0.00394971  0.00149552  2.30669
-0.00393301  0.00139104  2.46794
-0.00391096  0.00127449  2.67635
-0.00387825  0.00115539  2.9239
-0.00383869  0.00106965  3.1213
-0.00379061  0.000974914  3.37529
-0.0037422  0.000902058  3.59422
-0.00369659  0.000849833  3.76143
-0.00364227  0.00078399  4.00804
-0.0035751  0.000723014  4.25317
-0.00352839  0.000684943  4.42137
-0.00352839  0.000684943  4.42137
-0.00337616  0.000606703  4.74063
-0.0033032  0.000583614  4.80318
-0.00319993  0.000565631  4.7733
-0.00313304  0.000552701  4.76395
-0.00308907  0.000543587  4.76293
-0.00308907  0.000543587  4.76293
-0.00295132  0.00052459  4.67283
-0.00288307  0.00050769  4.69395
-0.00283248  0.000503541  4.63215
-0.00282095  0.000502005  4.62337
-0.00273965  0.000483557  4.63161
-0.00264437  0.000473607  4.52774
-0.00257256  0.000463529  4.47126
-0.00248588  0.000451277  4.40058
-0.00242789  0.000446147  4.32119
-0.00233043  0.000433754  4.21998
-0.00226817  0.000426454  4.14623
-0.00222576  0.000421346  4.09582
-0.00212442  0.000411689  3.94574
-0.00202335  0.000403333  3.7769
-0.00195992  0.000396075  3.68596
-0.00185708  0.000386882  3.50773
-0.00175615  0.000378383  3.31979
-0.00170071  0.000374142  3.20923
-0.00159761  0.000367293  2.98838
-0.00146715  0.000359332  2.69153
-0.00134913  0.000352218  2.41082
-0.0012379  0.000344792  2.14015
-0.00115055  0.000340436  1.91092
-0.00100457  0.000333272  1.51398
-0.000997672  0.00033137  1.50186
-0.000997672  0.00033137  1.50186
-0.000631948  0.000320977  0.411082
-0.000631948  0.000320977  0.411082
-0.000631948  0.000320977  0.411082
-0.000365393  0.000314265  -0.428322
2.50617e-05  0.000311986  -1.68297
