-0.003971  0.00164852  2.10552
-0.00395489  0.00153107  2.25652
-0.00393486  0.00142977  2.40238
-0.00390994  0.00131309  2.59688
-0.00388259  0.00120692  2.80266
-0.0038561  0.00112182  2.99167
-0.00381989  0.00103943  3.19394
-0.00378386  0.000964623  3.4043
-0.0037383  0.000885511  3.65698
-0.00367965  0.000819299  3.88094
-0.00361937  0.000775884  4.02041
-0.00357407  0.000723615  4.24821
-0.00350717  0.000665487  4.51875
-0.00343985  0.000627196  4.68729
-0.00336088  0.000601935  4.75281
-0.00328582  0.000577501  4.82393
-0.00319713  0.000553775  4.87044
-0.00312921  0.00054288  4.84307
-0.00308181  0.000533169  4.84238
-0.00302063  0.000522915  4.82035
-0.00295777  0.000513417  4.78709
-0.00289165  0.000502512  4.75939
-0.00283155  0.000493334  4.72612
-0.00276051  0.000483139  4.6788
-0.00269487  0.00047322  4.63817
-0.00263375  0.000465244  4.58631
-0.00256108  0.000455302  4.52684
-0.00248647  0.000446093  4.45303
-0.00240009  0.000437232  4.34574
-0.00233718  0.000429737  4.27513
-0.00225824  0.000419974  4.18655
-0.00216994  0.000412056  4.05271
-0.00209196  0.000403382  3.94652
-0.00200842  0.000396074  3.80844
-0.00190532  0.000387853  3.62334
-0.00181628  0.000378985  3.47317
-0.00172718  0.000372102  3.29795
-0.0016184  0.000364961  3.06444
-0.00154666  0.000359468  2.9117
-0.0014269  0.000352555  2.62911
-0.00133822  0.00034648  2.41925
-0.0011894  0.00033926  2.03208
-0.00109617  0.000334402  1.7828
-0.000956185  0.000329323  1.38522
-0.000839064  0.000325106  1.04293
-0.000688078  0.000320695  0.586471
-0.000574776  0.000316672  0.23613
-0.000422724  0.000313529  -0.24647
-0.000262351  0.000310855  -0.764501
-9.39424e-05  0.000309018  -1.31402
