-0.003971  0.00164852  2.10552
-0.00395394  0.00152517  2.26463
-0.00393542  0.00140608  2.44327
-0.00391166  0.00127879  2.66789
-0.00388873  0.00118026  2.87117
-0.00385969  0.00109459  3.06935
-0.00381503  0.00101354  3.27074
-0.0037641  0.000919938  3.54817
-0.00372316  0.000857967  3.75675
-0.00366247  0.000787754  4.01454
-0.00360883  0.000722838  4.30087
-0.00354293  0.000673671  4.51695
-0.00346606  0.000643478  4.60942
-0.00339056  0.000606214  4.76823
-0.00331522  0.000579898  4.85467
-0.00322191  0.000559029  4.869
-0.00315677  0.000548667  4.84223
-0.00310685  0.000539058  4.83594
-0.00304802  0.000528885  4.81772
-0.00298628  0.000516769  4.8112
-0.0029193  0.0005062  4.77934
-0.00286264  0.000499499  4.73001
-0.00279779  0.000489842  4.69088
-0.00273686  0.000480185  4.65832
-0.00266199  0.000470958  4.59062
-0.00260009  0.000461668  4.54892
-0.00251392  0.000452272  4.45289
-0.00246487  0.000444816  4.41728
-0.0023699  0.000433367  4.31481
-0.00230689  0.000427333  4.2283
-0.00223431  0.000418936  4.13979
-0.00213668  0.000409476  3.99702
-0.0020567  0.00040184  3.87393
-0.00197073  0.000393693  3.73573
-0.00189954  0.000387787  3.60905
-0.00179375  0.000379055  3.4131
-0.00170479  0.000372118  3.23764
-0.0016117  0.000364787  3.04754
-0.00152312  0.000358912  2.85062
-0.00140835  0.000352041  2.58024
-0.0012933  0.000344312  2.30403
-0.00116982  0.000340255  1.96859
-0.00107995  0.000333523  1.73887
-0.000977005  0.000328755  1.45094
-0.000838201  0.000323744  1.04465
-0.000707132  0.000320129  0.647028
-0.000572594  0.000315174  0.230331
-0.000440682  0.000312419  -0.189868
-0.000307381  0.000310245  -0.620861
-0.000109956  0.000308521  -1.26424
