-0.003971  0.00164852  2.10552
-0.00395338  0.00152036  2.27142
-0.00393212  0.0013865  2.47538
-0.00390865  0.00126309  2.69867
-0.00388422  0.00116385  2.90778
-0.00385073  0.00107526  3.1162
-0.00380915  0.000989192  3.34531
-0.00376255  0.000910237  3.58429
-0.0037167  0.000857923  3.74941
-0.00366053  0.000777305  4.06601
-0.00361645  0.000721422  4.31987
-0.00352475  0.000663268  4.56038
-0.00351662  0.000669547  4.50546
-0.00337292  0.000601898  4.77309
-0.00331733  0.000586248  4.8057
-0.00321419  0.000570586  4.75685
-0.00319129  0.000567264  4.74433
-0.00312684  0.000553687  4.74427
-0.00306107  0.00054235  4.72217
-0.00297282  0.000524803  4.7119
-0.00295816  0.000526557  4.66836
-0.00290247  0.000512574  4.68708
-0.00282268  0.000500782  4.63812
-0.00278187  0.000495209  4.60789
-0.00269219  0.000481303  4.55469
-0.00261914  0.000477489  4.4381
-0.00254893  0.00046529  4.40356
-0.00247266  0.000453799  4.347
-0.0023873  0.00044904  4.20296
-0.00232186  0.000444993  4.09414
-0.00224685  0.00043277  4.03644
-0.0021819  0.00042425  3.96441
-0.00207287  0.00041731  3.76908
-0.00197841  0.000408698  3.61736
-0.00194705  0.000405221  3.571
-0.0018166  0.000395173  3.3317
-0.00172797  0.000388261  3.16276
-0.00161905  0.000382715  2.92398
-0.00154657  0.000372738  2.80779
-0.0014549  0.000362799  2.63204
-0.00128933  0.000359719  2.1943
-0.00129255  0.0003545  2.2357
-0.00112019  0.000347375  1.78535
-0.00103393  0.00034282  1.55746
-0.00092245  0.000336816  1.25424
-0.000641177  0.000332348  0.424788
-0.000664954  0.000330866  0.498552
-0.000355973  0.000325978  -0.441831
-0.000296445  0.000324362  -0.627555
-1.3585e-05  0.000322553  -1.50802
