-0.00396974  0.00164633  2.10756
-0.00395103  0.00152915  2.25683
-0.00392712  0.0014052  2.43889
-0.00390361  0.00128633  2.64599
-0.00387107  0.00118339  2.84866
-0.00384013  0.00110316  3.02778
-0.00379979  0.00101527  3.25015
-0.0037528  0.00093029  3.49655
-0.00370419  0.000855714  3.74447
-0.00363154  0.000779641  4.01664
-0.0035736  0.000726257  4.23211
-0.00350439  0.000677757  4.43284
-0.0034674  0.000643102  4.6142
-0.00333998  0.000593527  4.78493
-0.00324793  0.000570415  4.81741
-0.00315095  0.00055022  4.81799
-0.00305764  0.000535469  4.77644
-0.00299177  0.000534334  4.66332
-0.00296939  0.000523321  4.71869
-0.00287977  0.000510637  4.6604
-0.0028382  0.000501597  4.66152
-0.00276307  0.000491177  4.60744
-0.00272677  0.000483531  4.60523
-0.00265853  0.000475173  4.54262
-0.00258571  0.000465576  4.47984
-0.00250404  0.000455235  4.4022
-0.00247024  0.000450105  4.37728
-0.00237273  0.000439843  4.25772
-0.00230486  0.000431388  4.18385
-0.00221653  0.000421717  4.07034
-0.00213151  0.000414161  3.93931
-0.00204991  0.00040504  3.82656
-0.00199306  0.000398939  3.74258
-0.00191732  0.000391488  3.62034
-0.00181529  0.000383755  3.42742
-0.0017125  0.000377709  3.21015
-0.00162569  0.000369268  3.04845
-0.00154817  0.000362667  2.89018
-0.00145236  0.000356498  2.67144
-0.00135567  0.000349927  2.44529
-0.0012572  0.000343653  2.20338
-0.00114924  0.000337818  1.92187
-0.00103852  0.000332017  1.62196
-0.000906585  0.000326903  1.24375
-0.000787594  0.000321782  0.893754
-0.00066316  0.000317612  0.513708
-0.000544573  0.000314055  0.141928
-0.000379345  0.000311186  -0.387725
-0.00023588  0.000308908  -0.855012
-3.6227e-05  0.000307945  -1.50602
