-0.010865  0.0047755  2.17045
-0.0107792  0.00461485  2.22741
-0.0106907  0.00445553  2.2872
-0.0106034  0.00430374  2.34758
-0.0105085  0.0041424  2.41612
-0.0104166  0.00399615  2.48155
-0.0103147  0.00383798  2.55725
-0.0102178  0.00369726  2.6284
-0.0101072  0.00354405  2.71079
-0.0100035  0.00340775  2.7888
-0.00989677  0.00327496  2.86928
-0.00977506  0.00312209  2.97079
-0.00966158  0.00298605  3.06813
-0.00955566  0.00286255  3.16349
-0.00942291  0.00273607  3.26121
-0.00930426  0.00259227  3.39635
-0.00918741  0.00247187  3.5145
-0.00903074  0.00232799  3.66443
-0.00893081  0.00223419  3.77354
-0.00879006  0.00210745  3.93368
-0.00863888  0.00198958  4.09075
-0.00849157  0.00187414  4.26413
-0.00833931  0.0017671  4.43625
-0.0081823  0.00166222  4.6217
-0.00801465  0.00155869  4.82113
-0.00785852  0.00147118  5.00178
-0.00766179  0.00138202  5.18212
-0.00748887  0.00129039  5.41609
-0.00730966  0.00122041  5.57982
-0.00710407  0.00114447  5.77043
-0.00690182  0.00108981  5.87423
-0.00666484  0.00102086  6.03887
-0.00644968  0.000970223  6.13229
-0.00623461  0.00092439  6.20367
-0.00600026  0.000876535  6.275
-0.00575904  0.000829487  6.34011
-0.00562867  0.000809218  6.33781
-0.00549759  0.000790905  6.31882
-0.00537954  0.000777539  6.27562
-0.00523615  0.000760001  6.23176
-0.00504683  0.000740162  6.14302
-0.00487618  0.000726412  6.02438
-0.00472391  0.000712225  5.93059
-0.00454346  0.000699117  5.78366
-0.0042842  0.000685134  5.5233
-0.00403296  0.000674246  5.23987
-0.00378301  0.000663591  4.94734
-0.00348268  0.000656053  4.5464
-0.00320251  0.00064974  4.15936
-0.00280139  0.000645871  3.56323
