-0.010865  0.0047755  2.17045
-0.0107768  0.00461417  2.22723
-0.0106907  0.00445392  2.28803
-0.0106027  0.00429935  2.34981
-0.01051  0.0041432  2.41602
-0.0104183  0.00399396  2.48333
-0.0103163  0.00383898  2.557
-0.0102151  0.00368964  2.63308
-0.0101114  0.00354765  2.70924
-0.00999874  0.00339948  2.79417
-0.00988562  0.00325469  2.88372
-0.00977457  0.00311723  2.97526
-0.00966112  0.00298541  3.06863
-0.00954004  0.00284538  3.17709
-0.00942008  0.00271143  3.28981
-0.00929275  0.00257997  3.40808
-0.00917609  0.00245835  3.52924
-0.00904353  0.00233652  3.65652
-0.00889829  0.00221297  3.79503
-0.00877296  0.00209308  3.95252
-0.00860867  0.00196936  4.11742
-0.00848504  0.00186821  4.27417
-0.00832029  0.00175901  4.44584
-0.0081628  0.0016509  4.6416
-0.00800425  0.00155238  4.83402
-0.00783432  0.0014557  5.03836
-0.00766103  0.00136533  5.24491
-0.00747493  0.00128109  5.4445
-0.00728195  0.00120293  5.63785
-0.00708448  0.00113854  5.78329
-0.00686643  0.00107299  5.93335
-0.00667002  0.00102086  6.04393
-0.00642836  0.000969468  6.11506
-0.00619055  0.000913353  6.2304
-0.00596133  0.000864059  6.32055
-0.00571915  0.000821609  6.35235
-0.0055762  0.000804513  6.30966
-0.00547475  0.000787485  6.31727
-0.00533221  0.000768849  6.285
-0.00519501  0.000754853  6.21977
-0.00504227  0.000737555  6.15856
-0.00486517  0.000723817  6.03075
-0.0047107  0.000712333  5.91114
-0.00451276  0.000697069  5.75662
-0.00431626  0.000685787  5.56479
-0.0040866  0.000673717  5.3236
-0.00385647  0.000664562  5.05065
-0.00363684  0.000656169  4.78054
-0.00334194  0.000649639  4.37464
-0.00299137  0.000645964  3.85682
