-0.003971  0.00164852  2.10552
-0.00395765  0.00154999  2.23075
-0.00394986  0.00149657  2.30518
-0.00393959  0.00143061  2.40428
-0.00393029  0.00137533  2.49415
-0.00391289  0.00128326  2.65954
-0.00390254  0.00123552  2.75394
-0.00388973  0.00118368  2.86372
-0.00386968  0.00111865  3.01228
-0.00384532  0.0010661  3.1379
-0.00382665  0.00103278  3.22108
-0.00381034  0.000991482  3.33878
-0.00377882  0.000934459  3.50879
-0.00375205  0.000887149  3.66573
-0.00373078  0.000854818  3.7795
-0.00369828  0.000815765  3.92059
-0.00367027  0.000781807  4.05505
-0.00364021  0.000754424  4.16239
-0.00360769  0.00072368  4.29429
-0.00358194  0.000693925  4.44132
-0.00354139  0.000670256  4.53765
-0.00351366  0.000650847  4.63036
-0.00349202  0.000642243  4.65871
-0.00342301  0.000614267  4.75854
-0.00338059  0.000602597  4.78029
-0.00328345  0.000588705  4.72808
-0.00319609  0.000573814  4.69855
-0.00311671  0.000559754  4.67476
-0.00304173  0.000544466  4.6683
-0.00294185  0.000528264  4.62241
-0.00286768  0.00051566  4.59154
-0.0027841  0.000501637  4.55329
-0.00266901  0.000486807  4.45558
-0.00256949  0.000476088  4.34686
-0.00244517  0.000461955  4.21074
-0.00240345  0.000453167  4.20033
-0.00225848  0.000438123  4.01367
-0.00215136  0.000427148  3.86601
-0.00200983  0.000415592  3.63296
-0.00188166  0.000402942  3.42893
-0.00172954  0.000394524  3.11652
-0.00161368  0.000385724  2.88723
-0.00146461  0.000375243  2.57063
-0.0013422  0.000369195  2.28117
-0.00115181  0.000358774  1.81677
-0.00103558  0.000353063  1.51695
-0.000799804  0.000345022  0.868941
-0.000618283  0.000338448  0.349485
-0.000502179  0.000335939  0.0064858
-0.000179127  0.000332456  -0.965162
