-0.003971  0.00164852  2.10552
-0.00395322  0.00152595  2.263
-0.00393449  0.00141387  2.42915
-0.00391305  0.00130219  2.62101
-0.00388179  0.00119487  2.83026
-0.00384955  0.0010989  3.04809
-0.00380811  0.00101099  3.27216
-0.00376723  0.000932039  3.50546
-0.00372382  0.000860821  3.74505
-0.00367056  0.000784671  4.04063
-0.00361565  0.000727189  4.28451
-0.00354885  0.00067887  4.49107
-0.00348284  0.000646444  4.61423
-0.00340794  0.000609999  4.76713
-0.00333131  0.000584104  4.84728
-0.00324507  0.000563288  4.8733
-0.00317929  0.000551757  4.85592
-0.00312493  0.000542569  4.83796
-0.00306234  0.000532364  4.81313
-0.00300606  0.000522509  4.7962
-0.00294175  0.000511704  4.7718
-0.00288249  0.000502491  4.74135
-0.00281561  0.000491881  4.70766
-0.00274665  0.00048177  4.66334
-0.00267338  0.000473198  4.59297
-0.00260885  0.000462577  4.55891
-0.00253596  0.000453844  4.48604
-0.00246571  0.000445315  4.41421
-0.00240146  0.000436011  4.36103
-0.0023219  0.000426267  4.27408
-0.00223584  0.000417546  4.15723
-0.00216345  0.00041005  4.0567
-0.0020687  0.000401634  3.9058
-0.0019848  0.000393095  3.77721
-0.00189197  0.000385821  3.6078
-0.00179306  0.000378393  3.41725
-0.0017015  0.000370667  3.24147
-0.0015997  0.000363663  3.02396
-0.00150397  0.000357636  2.80723
-0.00139767  0.000349961  2.56507
-0.00127916  0.000343204  2.27026
-0.00116352  0.000338345  1.96108
-0.00106086  0.000332661  1.68599
-0.000939778  0.000327661  1.34217
-0.000820789  0.000322613  0.994349
-0.000653982  0.000317809  0.48451
-0.000514956  0.000314801  0.0475084
-0.000376665  0.000311271  -0.396231
-0.00020014  0.000309722  -0.968157
-2.08132e-05  0.000308796  -1.55179
