-0.00375081  0.00100518  3.23406
-0.00364441  0.000861515  3.64986
-0.00355  0.000752036  4.05565
-0.00344497  0.000649076  4.53716
-0.00330844  0.000583403  4.81389
-0.0032513  0.000566508  4.8566
-0.0032029  0.000557725  4.84629
-0.00317047  0.000549915  4.85614
-0.0031155  0.000540838  4.83602
-0.0030751  0.00053245  4.83632
-0.00303592  0.000525341  4.82719
-0.00298236  0.000517766  4.79436
-0.00293604  0.00050961  4.7802
-0.00288347  0.000502063  4.74735
-0.00284055  0.000494328  4.7348
-0.00277981  0.000486303  4.68804
-0.00273096  0.000478715  4.66032
-0.00268142  0.000471566  4.62591
-0.00262955  0.000464724  4.58239
-0.0025677  0.000457042  4.52409
-0.0025134  0.000449607  4.47814
-0.00245694  0.00044291  4.41838
-0.00240025  0.000435486  4.36352
-0.00234328  0.000428839  4.29831
-0.00228431  0.000422391  4.22432
-0.00221105  0.000415144  4.12158
-0.00216174  0.000409456  4.05841
-0.0020814  0.000402307  3.93083
-0.00202471  0.000396402  3.84637
-0.00194567  0.000390235  3.70462
-0.00188707  0.000383433  3.61752
-0.00180636  0.000378038  3.45562
-0.0017276  0.000372001  3.29999
-0.001651  0.00036622  3.14292
-0.00157796  0.000361117  2.98507
-0.00151185  0.000356353  2.83946
-0.00142916  0.000351497  2.64344
-0.00133988  0.000346111  2.42661
-0.00125675  0.000341605  2.21527
-0.00116333  0.000336985  1.96844
-0.00106744  0.000332251  1.70787
-0.000969924  0.000328443  1.43076
-0.000883439  0.000325194  1.17911
-0.000768133  0.00032124  0.834681
-0.000673541  0.000318599  0.544701
-0.000582729  0.00031548  0.262233
-0.000442564  0.000312644  -0.183711
-0.000319194  0.000311229  -0.580942
-0.000252089  0.000309793  -0.800245
-6.03282e-05  0.000308724  -1.42416
