-0.003971  0.00164852  2.10552
-0.00395422  0.00152612  2.2634
-0.00393606  0.00140912  2.43844
-0.003913  0.00129399  2.63757
-0.00388855  0.00119264  2.84121
-0.00384929  0.00108831  3.07752
-0.00381629  0.00101566  3.26516
-0.00376378  0.000920815  3.54445
-0.00372461  0.000866323  3.72218
-0.00366957  0.000793277  3.99554
-0.00358686  0.000735578  4.19651
-0.00354624  0.000682605  4.46267
-0.00347538  0.000639924  4.64959
-0.00341191  0.000610717  4.76802
-0.00328565  0.000576996  4.82786
-0.00319332  0.000553153  4.86904
-0.00309483  0.000540642  4.79953
-0.00308344  0.000532935  4.84757
-0.00300346  0.000523132  4.78552
-0.00293655  0.000511825  4.76051
-0.0028748  0.000506446  4.68914
-0.00277591  0.000493696  4.60993
-0.00276728  0.000486864  4.6569
-0.0026524  0.000479585  4.48804
-0.00261626  0.000465587  4.54536
-0.00257235  0.000460137  4.50378
-0.00246686  0.000446247  4.40757
-0.00244435  0.000444368  4.37554
-0.00236511  0.000432125  4.31613
-0.00226013  0.000420293  4.18787
-0.00218291  0.000414273  4.06231
-0.00208656  0.000403361  3.93335
-0.00200995  0.000399289  3.78161
-0.00194938  0.000391375  3.70329
-0.00190212  0.000386636  3.62645
-0.00175104  0.000375246  3.33392
-0.00169139  0.000369975  3.22019
-0.00158182  0.000363287  2.97788
-0.00148784  0.00035718  2.76566
-0.00140771  0.000351407  2.58306
-0.0012644  0.000343874  2.2229
-0.00117749  0.000339094  1.99793
-0.0010749  0.000333635  1.72315
-0.000961269  0.000328862  1.40262
-0.000811761  0.00032329  0.964339
-0.000699492  0.000319104  0.625161
-0.00050994  0.000315297  0.0315267
-0.000438549  0.000313053  -0.196296
-0.000267567  0.000311043  -0.747272
-5.09716e-05  0.000309046  -1.45295
