-0.010865  0.0047755  2.17045
-0.0107806  0.00462292  2.22383
-0.010698  0.00447081  2.28102
-0.010612  0.00432433  2.3384
-0.0105205  0.00417341  2.40103
-0.0104336  0.00403074  2.46446
-0.0103445  0.00388553  2.53362
-0.0102463  0.00374339  2.60361
-0.0101471  0.00360548  2.67567
-0.010048  0.0034677  2.75341
-0.00994037  0.00332845  2.83626
-0.00983471  0.00319562  2.9211
-0.00972583  0.00306375  3.01129
-0.00961862  0.00293772  3.10397
-0.00950281  0.00280963  3.20427
-0.00938913  0.00268345  3.31258
-0.00926645  0.00255419  3.43219
-0.00914555  0.00243345  3.5528
-0.00901916  0.00231629  3.67794
-0.00889289  0.00220181  3.81182
-0.00876315  0.00208579  3.96164
-0.00862419  0.00197657  4.11025
-0.00848308  0.00186957  4.27002
-0.00833672  0.00176635  4.43668
-0.00819245  0.00166865  4.60999
-0.0080247  0.00156419  4.81059
-0.00787144  0.00147767  4.98854
-0.00770374  0.00139019  5.18182
-0.00752535  0.00131014  5.36228
-0.00734245  0.00123329  5.54814
-0.00715657  0.00116429  5.71729
-0.006965  0.00110104  5.87174
-0.00675015  0.00104193  5.9986
-0.00654708  0.000990668  6.10404
-0.0063221  0.000938544  6.20333
-0.00610369  0.000892554  6.27826
-0.00587428  0.000850901  6.31599
-0.00564656  0.000812344  6.33545
-0.00548449  0.000789976  6.30967
-0.00534412  0.000772449  6.27112
-0.00517865  0.000754867  6.19798
-0.00501157  0.000736921  6.12219
-0.00481311  0.000720303  5.98791
-0.00459756  0.000707088  5.79498
-0.00443694  0.00069282  5.68249
-0.00416641  0.000680274  5.3896
-0.00389423  0.000666986  5.08891
-0.0035812  0.000656582  4.6928
-0.0032305  0.000650398  4.19819
-0.00287774  0.00064512  3.68573
