-0.010865  0.0047755  2.17045
-0.0107812  0.00461899  2.22585
-0.0106936  0.00446173  2.28468
-0.0106076  0.00430831  2.34606
-0.0105154  0.00415114  2.41268
-0.0104236  0.00400531  2.47761
-0.0103299  0.00385932  2.54704
-0.0102331  0.00371763  2.61809
-0.010131  0.00357401  2.69472
-0.0100266  0.00343478  2.77357
-0.00992232  0.00330062  2.85471
-0.00981112  0.00316124  2.94541
-0.00969507  0.00302342  3.04128
-0.00958182  0.0028923  3.14
-0.00946446  0.00276153  3.24619
-0.0093437  0.00263382  3.35775
-0.00925631  0.0025406  3.44655
-0.00909531  0.00238233  3.60795
-0.00896511  0.00226102  3.74394
-0.00888102  0.00218441  3.83675
-0.00869224  0.00202895  4.03767
-0.00855071  0.00191558  4.20276
-0.00840009  0.00180901  4.36709
-0.00824296  0.00170707  4.53583
-0.00809149  0.00160574  4.72771
-0.00793243  0.00150938  4.92417
-0.00775934  0.00141636  5.12536
-0.00769731  0.00139894  5.14484
-0.00749551  0.00129568  5.39911
-0.0072145  0.00118369  5.67251
-0.00700515  0.0011137  5.84101
-0.00679652  0.00105477  5.96959
-0.00658088  0.000997048  6.09889
-0.00646709  0.000975173  6.119
-0.00628557  0.000929763  6.22263
-0.006101  0.000903402  6.1999
-0.00581363  0.000837143  6.34734
-0.00554406  0.00079582  6.3382
-0.00544851  0.000784889  6.30473
-0.00526207  0.000760815  6.25917
-0.00512517  0.000746667  6.19442
-0.00512517  0.000746667  6.19442
-0.00476217  0.000714901  5.9619
-0.00457365  0.000703513  5.79044
-0.00432874  0.000686522  5.57701
-0.00406658  0.000672688  5.30198
-0.00385854  0.000664828  5.05174
-0.00354257  0.000654962  4.64542
-0.00323115  0.000648434  4.21192
-0.00284314  0.000644493  3.63563
