-0.003971  0.00164852  2.10552
-0.00395374  0.00152282  2.26799
-0.00392999  0.00137359  2.4971
-0.00391438  0.00129054  2.6457
-0.00388967  0.00118346  2.86421
-0.00385782  0.00109486  3.0669
-0.0038138  0.00100617  3.29347
-0.00377053  0.000943845  3.46511
-0.00371074  0.000880543  3.64632
-0.00365886  0.000817785  3.8627
-0.00360211  0.000766448  4.04739
-0.00353875  0.000716193  4.24291
-0.00351208  0.000703654  4.28064
-0.00341648  0.000619201  4.71007
-0.00333967  0.000601393  4.72183
-0.00326085  0.000587872  4.69635
-0.00321741  0.000578061  4.7009
-0.00315778  0.000566776  4.6893
-0.00309001  0.000553261  4.68136
-0.00305007  0.000546113  4.66948
-0.00299047  0.000535676  4.64922
-0.00293381  0.000525477  4.63161
-0.00287146  0.000515365  4.60151
-0.00280895  0.000505451  4.56809
-0.00273956  0.000496066  4.51465
-0.00267791  0.000487213  4.47013
-0.00259786  0.000478404  4.38511
-0.00252568  0.000468367  4.32498
-0.00244599  0.000460141  4.22912
-0.00236422  0.00045113  4.13235
-0.00228594  0.000442437  4.0366
-0.00221031  0.000433841  3.94224
-0.0021263  0.000425669  3.82057
-0.00204337  0.000417385  3.6977
-0.00194441  0.000409786  3.52479
-0.00186759  0.000401792  3.40373
-0.00177128  0.000394372  3.22355
-0.00166616  0.000387929  3.00611
-0.00156282  0.000381304  2.78733
-0.00146233  0.00037448  2.56978
-0.00135569  0.000369483  2.31591
-0.00124295  0.000363478  2.04399
-0.00111753  0.000357187  1.72886
-0.00101111  0.000352548  1.44977
-0.000876393  0.000346825  1.08525
-0.000770106  0.000344518  0.78401
-0.000620078  0.000338967  0.354246
-0.000478315  0.000335632  -0.06461
-0.000443092  0.000334843  -0.169956
-0.000141568  0.000332395  -1.07833
