-0.010865  0.0047755  2.17045
-0.0107502  0.0045599  2.2479
-0.0106222  0.00433123  2.33703
-0.0105135  0.00415862  2.40788
-0.0103914  0.00396488  2.49475
-0.0101394  0.0037842  2.54728
-0.0100728  0.00351285  2.72507
-0.00996264  0.00335862  2.81742
-0.00984157  0.00320303  2.91648
-0.00968911  0.0030197  3.04305
-0.00956293  0.00286928  3.15861
-0.00936044  0.00269084  3.29282
-0.00914894  0.00245651  3.52082
-0.00900797  0.00238076  3.57364
-0.00881407  0.00220526  3.77012
-0.00861531  0.00203998  3.97813
-0.00845362  0.00191645  4.15018
-0.00821948  0.00175495  4.39869
-0.00803007  0.00163933  4.59337
-0.0077827  0.00155734  4.67638
-0.00764025  0.00144371  4.94575
-0.00732826  0.00132819  5.14102
-0.00699883  0.00124582  5.21651
-0.00677044  0.00121259  5.17111
-0.00649494  0.00110178  5.44116
-0.00640283  0.00108551  5.43781
-0.00624246  0.00107754  5.32923
-0.00621335  0.00105662  5.40721
-0.00608184  0.00103743  5.38048
-0.00600883  0.00101813  5.41074
-0.00591813  0.00100645  5.3834
-0.00577034  0.000982891  5.36208
-0.00573601  0.000972949  5.38159
-0.00550719  0.000957214  5.231
-0.00547342  0.000918278  5.41603
-0.00547286  0.000918331  5.41511
-0.00533464  0.000892945  5.41427
-0.00524296  0.000880961  5.38385
-0.00524296  0.000880961  5.38385
-0.0049091  0.000870866  5.06289
-0.00476229  0.000856028  4.97915
-0.00466102  0.000844361  4.92802
-0.00455618  0.000839028  4.83438
-0.00441165  0.000818775  4.77744
-0.0043133  0.000801999  4.75475
-0.00410623  0.000777306  4.63939
-0.00395539  0.000760464  4.5438
-0.00383688  0.000754861  4.42052
-0.00383688  0.000754861  4.42052
-0.00345575  0.000743564  3.97511
