-0.00352599  0.000658147  4.59775
-0.0035186  0.000653905  4.61627
-0.0035168  0.000653227  4.6183
-0.00350802  0.000648821  4.63613
-0.00350124  0.000645651  4.64839
-0.00349724  0.000643604  4.65697
-0.00349309  0.000641434  4.66625
-0.00347776  0.000638937  4.66049
-0.00347212  0.000634287  4.68576
-0.00346861  0.000631692  4.69946
-0.00346188  0.000629241  4.70707
-0.00345426  0.000626358  4.71658
-0.00344789  0.000626024  4.70891
-0.00343366  0.000622642  4.71163
-0.00342968  0.000619901  4.72604
-0.00342077  0.000617046  4.73348
-0.00341288  0.000615401  4.73331
-0.00340141  0.0006136  4.72851
-0.00338921  0.000610177  4.73504
-0.00338631  0.000609527  4.73533
-0.0033759  0.000606773  4.73966
-0.003364  0.000604958  4.73422
-0.00335689  0.000602274  4.7435
-0.00335003  0.000600215  4.74835
-0.00334081  0.000598136  4.74943
-0.00324464  0.000584656  4.69445
-0.00316444  0.000568321  4.68827
-0.00309063  0.000555038  4.66749
-0.003015  0.000540115  4.65643
-0.00293691  0.000525936  4.63348
-0.00283611  0.000510169  4.5791
-0.0027434  0.000497306  4.5111
-0.00266315  0.000485267  4.45764
-0.00253275  0.000469112  4.33318
-0.00243423  0.000459041  4.21363
-0.00234347  0.000448188  4.11315
-0.00221271  0.000434082  3.9456
-0.00212447  0.000424569  3.82616
-0.00198586  0.000414691  3.58305
-0.00187343  0.000403196  3.40636
-0.00168783  0.000389186  3.05209
-0.00156276  0.000381224  2.78776
-0.0014502  0.000374127  2.53979
-0.00124954  0.000363672  2.06102
-0.00110206  0.000356372  1.68942
-0.00098383  0.000351575  1.37618
-0.000711843  0.000341166  0.620939
-0.000521925  0.000336328  0.0651884
-0.000343957  0.000333783  -0.4675
-2.27889e-05  0.000332624  -1.43469
