-0.00349186  0.000731413  4.09052
-0.00308679  0.000536554  4.82112
-0.00304724  0.000528545  4.81934
-0.00301021  0.000522716  4.80224
-0.0029709  0.000515879  4.78969
-0.00292997  0.000509516  4.76918
-0.00288249  0.000501513  4.75061
-0.00284008  0.000495511  4.72256
-0.00280196  0.000488784  4.70956
-0.0027529  0.000482864  4.66571
-0.00270894  0.000476101  4.63964
-0.0026728  0.000469828  4.62467
-0.00262325  0.00046348  4.58111
-0.00257665  0.000456878  4.5453
-0.00251946  0.000450635  4.48137
-0.00247337  0.000444628  4.43824
-0.00242921  0.000439121  4.39333
-0.00237011  0.000432696  4.322
-0.00231732  0.000425758  4.26844
-0.00227361  0.000420381  4.21906
-0.00221809  0.00041455  4.14446
-0.00216274  0.000409045  4.06492
-0.00210678  0.000404069  3.97649
-0.00204631  0.000397733  3.88781
-0.0019895  0.000392459  3.79531
-0.00193085  0.000388451  3.68348
-0.00187396  0.000382745  3.58976
-0.00180543  0.000377073  3.462
-0.00173454  0.000372389  3.31518
-0.00167553  0.000366848  3.20441
-0.00161434  0.000362888  3.07075
-0.00153868  0.000358038  2.90103
-0.00147839  0.000353698  2.76619
-0.00139587  0.000348887  2.56779
-0.00132856  0.000345031  2.40139
-0.00125949  0.0003406  2.22986
-0.00116854  0.000335873  1.99046
-0.00109993  0.000332668  1.80339
-0.00102477  0.000329558  1.59234
-0.000962787  0.000326699  1.41656
-0.000824054  0.000322228  1.00567
-0.000749071  0.000319733  0.778995
-0.000650177  0.00031715  0.473519
-0.000563784  0.000314293  0.202945
-0.000472355  0.000312403  -0.0884908
-0.000365745  0.000310231  -0.432759
-0.000280275  0.000308957  -0.711184
-0.000169452  0.00030749  -1.07499
-6.85955e-06  0.000307281  -1.60485
-6.85955e-06  0.000307281  -1.60485
