-0.003971  0.00164852  2.10552
-0.00395341  0.00152053  2.27118
-0.00393206  0.0014049  2.44292
-0.00391244  0.00129768  2.62964
-0.00388848  0.00119801  2.82841
-0.00385068  0.001096  3.05721
-0.00381787  0.00102307  3.24305
-0.00376939  0.0009371  3.48884
-0.00372423  0.000867592  3.71629
-0.00367253  0.000796661  3.98228
-0.00361428  0.000735591  4.23371
-0.00354621  0.000683076  4.45954
-0.00348185  0.000649901  4.58816
-0.0034096  0.000611145  4.7609
-0.00333226  0.000588789  4.81032
-0.00324477  0.000562777  4.87719
-0.00317266  0.000553476  4.82886
-0.0031209  0.000540672  4.84748
-0.00307381  0.000532092  4.83714
-0.00301075  0.000520829  4.82068
-0.00293812  0.000509106  4.78902
-0.00289402  0.000501544  4.77329
-0.00281589  0.00049051  4.72139
-0.0027528  0.0004829  4.66516
-0.00267263  0.000472165  4.60142
-0.0026179  0.000462436  4.57988
-0.00254375  0.00045477  4.49402
-0.0024664  0.000445749  4.41144
-0.00239786  0.00043536  4.35929
-0.0023071  0.000426848  4.23358
-0.00223475  0.000419303  4.13723
-0.00213396  0.000409692  3.98826
-0.00206794  0.000401455  3.90564
-0.00199194  0.000394953  3.7775
-0.00189452  0.000387698  3.59692
-0.00180598  0.000379462  3.44165
-0.00171056  0.000371362  3.2598
-0.00160122  0.000363725  3.02761
-0.00151038  0.0003583  2.81992
-0.0014165  0.000351537  2.60712
-0.00129687  0.000344627  2.31228
-0.00117969  0.000338286  2.00923
-0.00109115  0.000333828  1.77082
-0.000958478  0.000328004  1.39778
-0.000815556  0.000322382  0.978827
-0.000695896  0.000318971  0.61415
-0.000527547  0.000314211  0.0876696
-0.000409206  0.000311627  -0.291356
-0.000271821  0.000309159  -0.738063
-4.71689e-05  0.000308435  -1.46816
