-0.003971  0.00164852  2.10552
-0.00395384  0.00152381  2.26659
-0.00393519  0.00140938  2.43738
-0.00391826  0.00131007  2.60921
-0.00389437  0.00120599  2.8146
-0.00386177  0.0011061  3.03931
-0.00382339  0.00104025  3.19481
-0.00378531  0.000972164  3.37938
-0.00373273  0.000897157  3.60331
-0.00369552  0.00084523  3.78066
-0.00364474  0.00077916  4.03606
-0.00357779  0.000732841  4.19981
-0.0035261  0.000696067  4.34743
-0.00346798  0.000653128  4.54425
-0.0034037  0.000612266  4.74254
-0.00332733  0.000586747  4.81865
-0.0032594  0.000574737  4.80115
-0.00321402  0.000564688  4.80623
-0.00315378  0.000550996  4.81633
-0.00307795  0.000540607  4.76861
-0.00302676  0.000528435  4.78158
-0.00297542  0.000519268  4.76714
-0.00289646  0.000507812  4.71919
-0.00282171  0.000497037  4.6711
-0.00277046  0.000487434  4.65799
-0.00269321  0.000477262  4.59541
-0.00262905  0.000468053  4.54874
-0.00254343  0.000457117  4.47025
-0.00245635  0.000447457  4.37215
-0.00238811  0.000436712  4.32348
-0.00230132  0.000426343  4.22505
-0.00222503  0.000418362  4.12328
-0.00213553  0.000409249  3.99642
-0.00203951  0.000400211  3.84676
-0.00194224  0.000391682  3.68216
-0.00184438  0.000383416  3.50634
-0.00174404  0.000376302  3.30596
-0.00164585  0.000368565  3.10895
-0.00154415  0.000360918  2.89303
-0.00142002  0.000353834  2.60013
-0.00132239  0.000347768  2.36477
-0.00120546  0.000340881  2.0695
-0.00107347  0.000335127  1.7112
-0.000956621  0.000329948  1.38392
-0.000835319  0.000324493  1.03336
-0.000684835  0.000320526  0.576661
-0.000524507  0.000315709  0.0776246
-0.000417903  0.000313292  -0.262046
-0.000223488  0.000310421  -0.890766
-1.41259e-05  0.000309529  -1.56972
