-0.010865  0.0047755  2.17045
-0.0107797  0.00462001  2.22505
-0.0106897  0.00445738  2.28603
-0.0105991  0.00429482  2.35146
-0.0105105  0.00414305  2.41623
-0.010415  0.00398847  2.48591
-0.0103194  0.00384076  2.55664
-0.0102092  0.00368071  2.63787
-0.0101101  0.00354626  2.70994
-0.01  0.00340445  2.79048
-0.00989012  0.00326664  2.87455
-0.00977582  0.00311941  2.97358
-0.00965984  0.00298746  3.0661
-0.00954434  0.00285032  3.1731
-0.00942553  0.0027224  3.27855
-0.00928188  0.00257258  3.41364
-0.00917706  0.00246499  3.52013
-0.00904534  0.00233899  3.65343
-0.00890465  0.00221232  3.79902
-0.00877242  0.00209723  3.94445
-0.00863205  0.00198324  4.10039
-0.00847089  0.00185902  4.28769
-0.00832556  0.0017604  4.44533
-0.00815619  0.00164478  4.65484
-0.00800084  0.00156409  4.79566
-0.00783753  0.0014627  5.01644
-0.00766704  0.00137048  5.22959
-0.00743705  0.00127444  5.4432
-0.00729009  0.00120954  5.61379
-0.0070693  0.00113459  5.79002
-0.00685355  0.0010735  5.91852
-0.00659952  0.00101524  6.00797
-0.00641404  0.00095867  6.16901
-0.00620648  0.00091465  6.23897
-0.00597427  0.000868075  6.30622
-0.00568528  0.000816773  6.34849
-0.00554629  0.000798896  6.31658
-0.00536297  0.000775737  6.26883
-0.00522875  0.000759151  6.229
-0.00516335  0.000750861  6.21067
-0.00495193  0.000736426  6.04532
-0.00483842  0.000721985  6.00901
-0.00457726  0.000708826  5.75214
-0.00441318  0.000693135  5.64563
-0.00422345  0.000682568  5.45506
-0.00401006  0.000671674  5.22583
-0.00375328  0.000660988  4.92184
-0.0034574  0.000653604  4.52476
-0.00316755  0.000646604  4.12548
-0.00276107  0.000643192  3.51539
