-0.003971  0.00164852  2.10552
-0.00395065  0.00150182  2.29764
-0.00393366  0.00140112  2.45065
-0.00390448  0.00124593  2.73248
-0.00387114  0.00114793  2.93672
-0.00383524  0.00105349  3.16589
-0.00378609  0.000964913  3.40559
-0.00372067  0.000880242  3.65885
-0.00365254  0.000801754  3.93206
-0.00362205  0.000736364  4.23983
-0.00351473  0.000688306  4.37993
-0.00343998  0.000626327  4.69399
-0.0033347  0.000591963  4.78864
-0.0032343  0.000567048  4.82198
-0.00313275  0.000545657  4.82491
-0.00308063  0.000538313  4.79393
-0.00301007  0.000526989  4.76304
-0.00295252  0.000518951  4.72593
-0.00291246  0.000509856  4.73164
-0.0028427  0.000504226  4.64613
-0.00275478  0.000495645  4.54918
-0.00272018  0.000486462  4.56393
-0.00266192  0.000478892  4.51443
-0.00259337  0.000469584  4.45793
-0.00253162  0.000463747  4.38088
-0.00246531  0.00045377  4.33107
-0.00242554  0.000448357  4.29465
-0.0023516  0.000439749  4.21058
-0.00226435  0.000431162  4.09209
-0.00220141  0.000424615  4.00694
-0.0021495  0.000416593  3.95952
-0.00205721  0.000410532  3.79316
-0.00199621  0.000402369  3.71851
-0.00192498  0.000395231  3.60545
-0.00181501  0.000387717  3.39168
-0.00178124  0.00038385  3.33788
-0.00167217  0.000375028  3.12555
-0.00160586  0.000368936  2.99743
-0.00148644  0.000362094  2.72426
-0.00141056  0.000358026  2.54329
-0.00130221  0.000351469  2.28246
-0.00119282  0.000347133  1.99583
-0.00111916  0.000344246  1.79861
-0.00101596  0.000337173  1.53024
-0.000912315  0.000333065  1.23794
-0.000801896  0.000329825  0.915321
-0.000649889  0.000324338  0.462138
-0.000625419  0.00032418  0.38688
-0.000462912  0.000320271  -0.115801
-0.000240985  0.000319043  -0.811848
