-0.003971  0.00164852  2.10552
-0.00391725  0.00137641  2.48274
-0.00388759  0.00126146  2.68546
-0.00384553  0.00109819  3.04642
-0.0037167  0.00101205  3.17839
-0.00369097  0.00085703  3.72329
-0.00358747  0.000705498  4.3763
-0.00349367  0.000644124  4.64766
-0.00333793  0.000597911  4.74641
-0.00326774  0.000590394  4.68795
-0.00322661  0.000580936  4.69347
-0.00318178  0.00057167  4.69113
-0.00313625  0.000562322  4.68816
-0.00309108  0.000553435  4.68182
-0.00304105  0.000544574  4.66612
-0.00299234  0.000536002  4.64987
-0.0029378  0.000526719  4.62827
-0.00288847  0.000518311  4.60818
-0.0028348  0.000509277  4.58455
-0.00278111  0.000501731  4.54647
-0.00271944  0.000493963  4.49314
-0.00266156  0.000485183  4.45514
-0.00259775  0.000477914  4.38938
-0.00253704  0.000470181  4.33246
-0.00247427  0.000462385  4.26975
-0.00240736  0.000454967  4.19231
-0.00233812  0.000447922  4.10366
-0.00227221  0.000440441  4.02371
-0.00220354  0.000433293  3.93161
-0.00213855  0.000425704  3.84903
-0.00206606  0.00041881  3.7393
-0.00198925  0.0004123  3.61205
-0.00191408  0.000405609  3.48632
-0.00183775  0.00039942  3.34924
-0.00174648  0.000393639  3.16656
-0.00166162  0.000386914  3.00227
-0.00157813  0.000381711  2.82447
-0.00148772  0.000375987  2.62702
-0.00139846  0.000371098  2.4211
-0.00130628  0.000366148  2.20205
-0.00120263  0.000361035  1.94615
-0.00110788  0.000356522  1.70502
-0.00101085  0.00035196  1.45145
-0.00089997  0.000347356  1.15147
-0.000793233  0.000343548  0.853542
-0.000681384  0.00034011  0.533309
-0.000558852  0.000337268  0.174497
-0.000454871  0.000335038  -0.134697
-0.000297998  0.00033323  -0.606192
-0.000148936  0.000332396  -1.05616
