-0.003971  0.00164852  2.10552
-0.00395376  0.00152295  2.26781
-0.00393583  0.00140773  2.44068
-0.00390723  0.00125649  2.7117
-0.00388326  0.00116057  2.91518
-0.00385355  0.00108061  3.10338
-0.00379766  0.000972512  3.39087
-0.00376284  0.000907293  3.59623
-0.00371718  0.000843142  3.81571
-0.00367934  0.000788489  4.03219
-0.0036029  0.000717812  4.32272
-0.00355105  0.000683024  4.46698
-0.00347462  0.000638329  4.66
-0.00339538  0.000603765  4.79554
-0.00331615  0.000580109  4.85452
-0.00323775  0.000569327  4.80875
-0.00318571  0.000556949  4.82219
-0.00313608  0.000549997  4.7929
-0.00307134  0.00053635  4.79413
-0.00300557  0.000527526  4.74965
-0.00295172  0.000519677  4.71779
-0.0028957  0.000507903  4.71685
-0.00283957  0.000500563  4.67388
-0.00278185  0.000491149  4.64594
-0.00269087  0.000481136  4.55353
-0.00261494  0.000475164  4.45098
-0.00257138  0.000467552  4.43027
-0.00248011  0.000457394  4.32911
-0.00239468  0.000449772  4.21254
-0.00231853  0.000438458  4.14755
-0.00224877  0.000432523  4.04319
-0.00216186  0.000424239  3.91729
-0.00204841  0.000414067  3.7395
-0.00197143  0.000410215  3.58699
-0.00190583  0.000405107  3.47026
-0.00178945  0.000392286  3.28702
-0.00172213  0.00038781  3.15137
-0.00163288  0.000381563  2.96904
-0.00152132  0.000375398  2.72063
-0.00144748  0.000367697  2.57679
-0.00131959  0.000363298  2.25599
-0.00121017  0.000355269  1.99898
-0.00110248  0.000349883  1.72194
-0.000948642  0.000345084  1.30009
-0.000896753  0.000339614  1.16825
-0.000761297  0.000332986  0.78471
-0.000669436  0.00033111  0.511721
-0.00046838  0.000328053  -0.096388
-0.000390497  0.000325634  -0.336277
-0.000129856  0.000322681  -1.14709
