-0.003971  0.00164852  2.10552
-0.00395485  0.00153044  2.25742
-0.00393606  0.00140913  2.43844
-0.0039197  0.00132067  2.58937
-0.00389383  0.00122496  2.77058
-0.00386641  0.0011362  2.96288
-0.00383225  0.0010646  3.13004
-0.00378993  0.000968121  3.39826
-0.00375113  0.00090066  3.60971
-0.00371984  0.000851988  3.7792
-0.00365624  0.000788252  4.0041
-0.00360183  0.000736746  4.21018
-0.00354167  0.000685725  4.4357
-0.00349474  0.000651711  4.59519
-0.00343807  0.000628039  4.67817
-0.00335916  0.000592584  4.82491
-0.00328346  0.000571309  4.87208
-0.00320643  0.000560027  4.83267
-0.0031469  0.000547247  4.83675
-0.00310189  0.000537974  4.83646
-0.00303806  0.000528519  4.80222
-0.00296703  0.000517947  4.76309
-0.00292336  0.000507561  4.77451
-0.00282882  0.000496358  4.69182
-0.00278313  0.000487226  4.68598
-0.00268579  0.000476747  4.5848
-0.00265185  0.000467694  4.60097
-0.00257621  0.000457727  4.53592
-0.00249948  0.000447397  4.46915
-0.0024121  0.000440551  4.34025
-0.00234661  0.000429278  4.30168
-0.00226275  0.000420111  4.19592
-0.00217191  0.000410471  4.07316
-0.00207862  0.000403857  3.90885
-0.00196974  0.000391321  3.75585
-0.00187297  0.000383775  3.57753
-0.00177375  0.000377159  3.37722
-0.00173182  0.000376719  3.26985
-0.00161358  0.000368309  3.0235
-0.00144509  0.00035677  2.64902
-0.00145252  0.000354737  2.68515
-0.00128644  0.000347248  2.26478
-0.00117549  0.000338081  1.998
-0.000993035  0.000331478  1.48738
-0.000875669  0.000325771  1.15317
-0.000815144  0.000323761  0.973386
-0.000707485  0.000319257  0.649898
-0.000392258  0.000313924  -0.343209
-0.00030623  0.000310187  -0.624685
-8.31378e-05  0.000309346  -1.34756
