-0.003971  0.00164852  2.10552
-0.00395367  0.00152959  2.25791
-0.00393661  0.00142801  2.40657
-0.00391799  0.00132476  2.58009
-0.00389204  0.00120861  2.80658
-0.00386296  0.00111308  3.02131
-0.00383145  0.00105502  3.15773
-0.00379169  0.000988164  3.33112
-0.00374192  0.000908561  3.56819
-0.00368814  0.000835495  3.81587
-0.00364158  0.000785221  4.00089
-0.00359385  0.000730063  4.23778
-0.00352778  0.000684065  4.42615
-0.00348147  0.000651918  4.57338
-0.00339303  0.000612945  4.71989
-0.00332677  0.000587304  4.81313
-0.00324244  0.000565742  4.84751
-0.00317069  0.000554347  4.81772
-0.00311811  0.00054245  4.82647
-0.00305804  0.000531022  4.81721
-0.00300878  0.000523071  4.79626
-0.00292711  0.000510216  4.75702
-0.00286586  0.000499951  4.73219
-0.00280319  0.000492342  4.67802
-0.00273192  0.000481747  4.63297
-0.00265267  0.000473472  4.54656
-0.00259834  0.000461901  4.54284
-0.00251767  0.000452703  4.45694
-0.00244037  0.000443443  4.3757
-0.00235699  0.000434518  4.27367
-0.0022851  0.000426387  4.18658
-0.00219615  0.000414086  4.09614
-0.00212747  0.000407564  3.99317
-0.00201903  0.000398659  3.81036
-0.00193449  0.000391117  3.66766
-0.00183661  0.000383432  3.48592
-0.0017312  0.000374134  3.29081
-0.00163114  0.000369677  3.0598
-0.00152984  0.000360908  2.85347
-0.00141603  0.000354153  2.58652
-0.00131463  0.000348589  2.33694
-0.00119218  0.000341071  2.02943
-0.00105172  0.000335585  1.64405
-0.000968942  0.000330868  1.41731
-0.000798308  0.000326411  0.913904
-0.000658734  0.000320612  0.495096
-0.000520936  0.000317647  0.0659093
-0.000350676  0.00031491  -0.474178
-0.000184318  0.000313705  -1.0063
-6.06241e-06  0.000311478  -1.58579
