-0.003971  0.00164852  2.10552
-0.00394426  0.00152746  2.25489
-0.00392442  0.00140805  2.43203
-0.00390405  0.00130509  2.60828
-0.00387344  0.00119573  2.82124
-0.00382874  0.00111435  2.98717
-0.00377441  0.000953044  3.43574
-0.00373443  0.00094974  3.4056
-0.00370714  0.000844443  3.79793
-0.00363954  0.000784802  4.00041
-0.00359014  0.000713292  4.33223
-0.00352057  0.000686485  4.40006
-0.00345143  0.000625994  4.71478
-0.00338124  0.000597564  4.82165
-0.00329325  0.000575632  4.85249
-0.00317906  0.000551138  4.86097
-0.00310723  0.00054034  4.82516
-0.00304679  0.000534321  4.7664
-0.00299502  0.000523427  4.7667
-0.00292689  0.000514859  4.7137
-0.00286242  0.000502543  4.70093
-0.00280119  0.000496301  4.63667
-0.0027586  0.000487629  4.63181
-0.00266391  0.000479927  4.50883
-0.00260732  0.000468494  4.49808
-0.00254623  0.000459328  4.45482
-0.00246705  0.000449224  4.37877
-0.0023959  0.000442519  4.28435
-0.0023289  0.000436548  4.18947
-0.0022642  0.000426308  4.13832
-0.00218925  0.000419007  4.03154
-0.00211343  0.000410497  3.93043
-0.00204558  0.000404168  3.82409
-0.00192167  0.00039673  3.58348
-0.00187772  0.000388703  3.54439
-0.00176347  0.000381277  3.31378
-0.00166305  0.000374033  3.10948
-0.00159081  0.000366926  2.97284
-0.00150795  0.000362734  2.77877
-0.00137965  0.000354955  2.4782
-0.00129291  0.000350591  2.26164
-0.00118186  0.000343589  1.98452
-0.00107506  0.0003403  1.68987
-0.000960857  0.000335302  1.37445
-0.000883599  0.000330457  1.16081
-0.000724315  0.000326139  0.687789
-0.000593817  0.000321327  0.291967
-0.000438387  0.000319548  -0.192813
-0.000292288  0.00031664  -0.655987
-0.000169861  0.000314083  -1.05112
