-0.003971  0.00164852  2.10552
-0.0039528  0.0015164  2.27697
-0.00393209  0.00138961  2.46983
-0.00390294  0.0012693  2.68095
-0.00387928  0.00117298  2.88095
-0.00383873  0.00106276  3.14158
-0.00378266  0.000944044  3.47723
-0.00374534  0.000912928  3.55486
-0.00368612  0.000814484  3.91183
-0.00362036  0.000759232  4.10989
-0.00359115  0.000709391  4.35747
-0.00349651  0.00064293  4.66071
-0.00341595  0.000609142  4.78698
-0.0033341  0.000595814  4.75668
-0.00323987  0.000562339  4.87227
-0.00317411  0.000551705  4.84699
-0.00312253  0.000543881  4.82188
-0.00304719  0.000529345  4.81198
-0.00299742  0.000520064  4.80214
-0.0029584  0.000512961  4.79257
-0.00288615  0.000502118  4.75217
-0.0028078  0.000491767  4.69286
-0.00273037  0.000480734  4.6395
-0.00271656  0.000475841  4.6582
-0.00264104  0.000466646  4.58814
-0.00258304  0.000458344  4.5447
-0.00247776  0.00044738  4.42077
-0.00238857  0.000435392  4.33764
-0.00231958  0.000430605  4.22565
-0.00226994  0.000421873  4.19543
-0.00216934  0.000413045  4.04155
-0.00210639  0.000404982  3.96656
-0.00203474  0.000397797  3.85811
-0.0019373  0.000390566  3.68005
-0.00184114  0.000381792  3.51274
-0.00175285  0.000374193  3.34813
-0.00164945  0.000367147  3.13077
-0.00156982  0.000361111  2.96258
-0.00144762  0.000354856  2.67044
-0.0013533  0.000348568  2.44803
-0.00122233  0.000341172  2.11721
-0.00113735  0.000337259  1.8898
-0.00100839  0.000330815  1.53679
-0.000891808  0.000326504  1.20001
-0.000783975  0.000322133  0.881547
-0.000615483  0.000316754  0.364581
-0.000512026  0.000314342  0.0382563
-0.000333909  0.000312201  -0.531999
-0.000189728  0.000310109  -1.00053
1.39668e-05  0.000309428  -1.66102
