-0.003971  0.00164852  2.10552
-0.00395312  0.00151852  2.274
-0.00393404  0.00139808  2.45625
-0.00391723  0.00130632  2.61593
-0.00388647  0.0011984  2.82582
-0.00385547  0.00109728  3.058
-0.00381659  0.0010112  3.27987
-0.00377764  0.000941985  3.4795
-0.00373335  0.000865798  3.73454
-0.00368608  0.00079936  3.98579
-0.00363214  0.000736063  4.25527
-0.00356801  0.000690884  4.44069
-0.00350944  0.000653582  4.60454
-0.00344788  0.00062326  4.72977
-0.00336897  0.000593518  4.83384
-0.00327874  0.000571407  4.86298
-0.00319762  0.000561065  4.80803
-0.00315502  0.000549674  4.83018
-0.00310088  0.000536746  4.84566
-0.0030552  0.00052795  4.83984
-0.00298514  0.000518282  4.79495
-0.00291513  0.00050942  4.74093
-0.00285217  0.000498188  4.72146
-0.0027795  0.000490286  4.64933
-0.00272319  0.000480379  4.628
-0.00263988  0.000470063  4.55233
-0.00257235  0.000461412  4.49132
-0.002495  0.000452834  4.40558
-0.00244024  0.000442738  4.38235
-0.00234821  0.000432743  4.27092
-0.00228414  0.000424754  4.20041
-0.00220292  0.000415606  4.09745
-0.00213976  0.000408836  4.01079
-0.00201694  0.000399  3.80186
-0.00193097  0.000391258  3.65736
-0.00183856  0.000383771  3.48792
-0.00177363  0.000377341  3.37527
-0.00164937  0.000369942  3.10689
-0.00159842  0.000363541  3.02145
-0.00149088  0.00035714  2.77447
-0.001369  0.000349077  2.48942
-0.00124358  0.00034202  2.17407
-0.0011472  0.000336804  1.9216
-0.00101606  0.000331559  1.55646
-0.000890612  0.000326684  1.19569
-0.00077697  0.00032286  0.857864
-0.000628903  0.000317856  0.405538
-0.000485533  0.000314924  -0.0459375
-0.000355368  0.000312226  -0.463229
-0.000169124  0.000310366  -1.06608
