-0.003971  0.00164852  2.10552
-0.00395529  0.00153525  2.25063
-0.00393502  0.00140528  2.44437
-0.00391254  0.00131014  2.60472
-0.00388984  0.00121338  2.79371
-0.0038561  0.00111509  3.00972
-0.00381926  0.00104108  3.18829
-0.0037779  0.000958551  3.41965
-0.00373202  0.000880492  3.6707
-0.00369121  0.000822514  3.87983
-0.00362626  0.00075108  4.16236
-0.00357067  0.000702122  4.37341
-0.00350042  0.000656383  4.57114
-0.00343515  0.000620416  4.73094
-0.00336282  0.000593241  4.82573
-0.00327252  0.000569213  4.87079
-0.00319651  0.000552621  4.87949
-0.00314011  0.000542628  4.86542
-0.00308252  0.000532803  4.84704
-0.00300796  0.000519822  4.82466
-0.00295195  0.000511427  4.79434
-0.00287804  0.000500694  4.74949
-0.00282543  0.00049193  4.72715
-0.00274766  0.00048034  4.67931
-0.00268652  0.00047135  4.63885
-0.00263478  0.000464474  4.59612
-0.00255478  0.00045327  4.53324
-0.00249321  0.000446212  4.46696
-0.00240037  0.000434823  4.37044
-0.00232771  0.000427151  4.27883
-0.00225194  0.000417801  4.19325
-0.00216568  0.000409089  4.0717
-0.00208812  0.000401115  3.95926
-0.00200895  0.000393699  3.83276
-0.00191269  0.000385116  3.66822
-0.00182057  0.000378109  3.49256
-0.00172609  0.000370344  3.31068
-0.00163651  0.000363758  3.12435
-0.00152614  0.000357089  2.87363
-0.00142525  0.000349737  2.64556
-0.00131197  0.000343751  2.36209
-0.00120735  0.000338058  2.09238
-0.00108573  0.0003323  1.76265
-0.000971617  0.000327264  1.44109
-0.000854021  0.000322277  1.0985
-0.000708253  0.000317559  0.655793
-0.000579976  0.000313738  0.254915
-0.000433431  0.000310414  -0.214453
-0.000277128  0.000308172  -0.723207
-9.68002e-05  0.000307195  -1.31252
