-0.003971  0.00164852  2.10552
-0.00395432  0.00152675  2.26253
-0.00393449  0.00139976  2.45362
-0.00391382  0.00128782  2.65086
-0.00388723  0.00117451  2.88395
-0.00385702  0.00108778  3.08612
-0.00381765  0.00100507  3.3009
-0.00377505  0.000925566  3.53843
-0.00372939  0.000857008  3.76822
-0.00367737  0.000789752  4.02325
-0.0036095  0.000754467  4.12145
-0.00354765  0.000713041  4.27416
-0.00350644  0.000647703  4.64169
-0.0034762  0.00063449  4.6907
-0.00334099  0.000598308  4.74838
-0.00327197  0.000590817  4.69176
-0.00320585  0.000575737  4.69979
-0.00316269  0.000567369  4.69305
-0.00311293  0.000557554  4.68642
-0.00304002  0.000544181  4.6676
-0.00298884  0.000535536  4.64738
-0.00292924  0.00052464  4.6303
-0.00286808  0.0005151  4.59732
-0.00280637  0.000505074  4.5664
-0.00273752  0.000495632  4.51447
-0.00265727  0.000485766  4.44095
-0.00259322  0.000476504  4.39287
-0.00251982  0.000468483  4.3114
-0.00244345  0.000459397  4.23043
-0.00235795  0.000450877  4.12073
-0.00227923  0.000442043  4.02502
-0.00219483  0.000432619  3.9176
-0.00212289  0.000424857  3.81984
-0.00203437  0.000415949  3.68885
-0.0019434  0.000408408  3.53421
-0.0018658  0.000401812  3.39911
-0.00175303  0.000393903  3.18107
-0.00166655  0.000387271  3.01224
-0.00154476  0.000380542  2.74546
-0.00142996  0.000373086  2.49262
-0.00133436  0.000368402  2.2648
-0.0012294  0.000362413  2.01263
-0.00109419  0.000356301  1.66767
-0.00100413  0.000351375  1.43474
-0.000875274  0.000345839  1.08511
-0.000752987  0.000341417  0.740991
-0.000642057  0.000338108  0.420152
-0.000467709  0.000334265  -0.0966027
-0.000361706  0.00033263  -0.415759
-0.000123183  0.000331295  -1.1374
