-0.010865  0.0047755  2.17045
-0.0107788  0.00461486  2.22732
-0.010692  0.00445904  2.28569
-0.0106009  0.00430062  2.34871
-0.0105076  0.00414652  2.41349
-0.0104144  0.00399155  2.48385
-0.0103129  0.00383514  2.55869
-0.0102161  0.00369359  2.63052
-0.0101108  0.00354746  2.7092
-0.0100021  0.00340616  2.78967
-0.00988804  0.00326414  2.87611
-0.00977834  0.00312523  2.96885
-0.00966082  0.00298816  3.0657
-0.00954328  0.00285189  3.17098
-0.00942032  0.00271959  3.28002
-0.00929779  0.00258795  3.39952
-0.00917006  0.00246291  3.52025
-0.00903624  0.00233099  3.66206
-0.00890492  0.00221294  3.79809
-0.00876449  0.00209356  3.94759
-0.00861882  0.00197897  4.10254
-0.00847414  0.00186494  4.27581
-0.00831463  0.00175769  4.44596
-0.00815815  0.00165539  4.62618
-0.00799586  0.00155215  4.82934
-0.00782998  0.00145875  5.02483
-0.00765068  0.00136581  5.23548
-0.00746758  0.00128134  5.43773
-0.00727405  0.00120473  5.62287
-0.00707227  0.00113568  5.78708
-0.00685282  0.00107248  5.92348
-0.00664182  0.00101734  6.03716
-0.00643064  0.000964506  6.14889
-0.00619204  0.000912933  6.2349
-0.0059499  0.00086546  6.29711
-0.00570624  0.000823211  6.32431
-0.00557805  0.000804189  6.3145
-0.00544911  0.000787004  6.28854
-0.00532395  0.000770414  6.2615
-0.0051744  0.000753669  6.20218
-0.00501646  0.000737919  6.12054
-0.00484221  0.000723793  5.99925
-0.00464742  0.000708727  5.85193
-0.00445579  0.000696025  5.68341
-0.00423983  0.000684594  5.46285
-0.00400467  0.000672544  5.21107
-0.00375786  0.000661782  4.92286
-0.00352709  0.000653976  4.62875
-0.00318694  0.000646616  4.15539
-0.00282682  0.000643416  3.61635
