-0.003971  0.00164852  2.10552
-0.00395256  0.00152301  2.26694
-0.00393446  0.00139956  2.45396
-0.00391521  0.00129644  2.63429
-0.00389525  0.00120587  2.81559
-0.00386278  0.00110173  3.05226
-0.00382178  0.0010208  3.2541
-0.00378686  0.000957315  3.43341
-0.00373207  0.000864662  3.73796
-0.00367803  0.000798104  3.98198
-0.00363708  0.000749395  4.18616
-0.0035693  0.00070638  4.3451
-0.00351471  0.000669485  4.50303
-0.00343694  0.000622471  4.71818
-0.0033778  0.000600273  4.79415
-0.00328283  0.000575639  4.83433
-0.0032043  0.000564098  4.79402
-0.00313307  0.000558029  4.71852
-0.00307403  0.000543123  4.73932
-0.00302894  0.000534972  4.72723
-0.00296698  0.000524351  4.70484
-0.00289963  0.000514098  4.66765
-0.00284165  0.00050427  4.64365
-0.00279667  0.000495671  4.63345
-0.00270276  0.000485228  4.53962
-0.0026346  0.000472258  4.51999
-0.00257525  0.000464983  4.46307
-0.00248707  0.000453378  4.38282
-0.00241384  0.000446244  4.28878
-0.00232884  0.000439505  4.16114
-0.00224511  0.00042526  4.10363
-0.00217915  0.000419784  4.00004
-0.00209255  0.000410828  3.87644
-0.00199656  0.000402161  3.7213
-0.00190929  0.000396177  3.55722
-0.00184535  0.000390979  3.44099
-0.00173457  0.000383257  3.22126
-0.00162803  0.000373694  3.0186
-0.00150465  0.000363612  2.76298
-0.0014179  0.000358977  2.55699
-0.00137377  0.00035681  2.44884
-0.00117757  0.000343959  1.9699
-0.00108277  0.00034561  1.6862
-0.00101779  0.000335909  1.54145
-0.000868174  0.000333705  1.10329
-0.000801831  0.000329789  0.915225
-0.000586619  0.000326034  0.265674
-0.000466669  0.000323239  -0.103117
-0.000286132  0.000317707  -0.67316
-9.85728e-05  0.000316793  -1.26716
