-0.003971  0.00164852  2.10552
-0.00395449  0.00152796  2.26085
-0.00393637  0.00141095  2.4355
-0.00391588  0.001298  2.63164
-0.00389177  0.00119142  2.84683
-0.00386104  0.00109668  3.06473
-0.00382274  0.0010154  3.27234
-0.00378149  0.000939155  3.49409
-0.00373818  0.000866124  3.7387
-0.00369065  0.000800862  3.98402
-0.00363792  0.000745854  4.20715
-0.00358223  0.000694906  4.43547
-0.00351684  0.000661889  4.55792
-0.0034507  0.000629739  4.6856
-0.00338156  0.000603077  4.77809
-0.00332259  0.000592579  4.76323
-0.00326147  0.000581961  4.74511
-0.00318848  0.000572251  4.69807
-0.00313494  0.000561912  4.68923
-0.00307814  0.000551397  4.67565
-0.00302209  0.000540777  4.66382
-0.00296212  0.000530408  4.64193
-0.00290151  0.000520057  4.61777
-0.00283822  0.000509949  4.5852
-0.00277218  0.000500088  4.54355
-0.00270163  0.000490592  4.4877
-0.00263076  0.000481122  4.42874
-0.00255695  0.000471936  4.35854
-0.00247955  0.000462925  4.27618
-0.00239996  0.000454369  4.18153
-0.00231918  0.000445689  4.08172
-0.00224184  0.000436777  3.98795
-0.00216165  0.000428118  3.88128
-0.00207654  0.000419862  3.75491
-0.00198891  0.000411944  3.61435
-0.00189393  0.000404517  3.4459
-0.00180254  0.00039678  3.28277
-0.00170443  0.00038969  3.09075
-0.00159903  0.000383102  2.86878
-0.00149543  0.000376549  2.64357
-0.00138419  0.000370658  2.38547
-0.00127272  0.000364441  2.12029
-0.00115579  0.000358954  1.82695
-0.00103391  0.000353835  1.50892
-0.000919182  0.000348099  1.2042
-0.000791005  0.000343526  0.847114
-0.000657055  0.00033943  0.462701
-0.000514179  0.000336236  0.0421696
-0.000366398  0.000333817  -0.400225
-0.000195784  0.000332224  -0.915697
