-0.003971  0.00164852  2.10552
-0.00395463  0.00152894  2.2595
-0.00393266  0.00141036  2.43389
-0.00391441  0.00129088  2.64502
-0.00388846  0.00118559  2.85803
-0.00386058  0.00109599  3.06625
-0.00381168  0.00101338  3.26795
-0.00376743  0.000935625  3.49224
-0.00370926  0.000843992  3.80247
-0.00365443  0.000791587  3.98494
-0.00361415  0.000739292  4.21233
-0.00352511  0.000677591  4.46452
-0.00344861  0.000635514  4.63972
-0.00340609  0.000622827  4.66597
-0.00330943  0.000584483  4.80669
-0.00322612  0.000563538  4.8375
-0.00315989  0.000552626  4.81318
-0.00311954  0.000542677  4.82707
-0.00305141  0.000531401  4.80129
-0.00298879  0.000520595  4.78066
-0.00294186  0.000514101  4.74977
-0.00285763  0.000500613  4.70949
-0.00279731  0.000491045  4.6784
-0.00272973  0.00048381  4.6087
-0.00264873  0.000470595  4.566
-0.00258034  0.000465279  4.47118
-0.00249969  0.00045272  4.41706
-0.00244706  0.000444484  4.38049
-0.00238039  0.000434843  4.3243
-0.00227007  0.000422876  4.1858
-0.00224635  0.000419966  4.15832
-0.00212954  0.00041131  3.96183
-0.00204391  0.000401266  3.84758
-0.00194938  0.000390641  3.71027
-0.00188768  0.000385866  3.59627
-0.00177288  0.000378792  3.36037
-0.00167343  0.000370702  3.16542
-0.00158932  0.000363022  3.00071
-0.00148871  0.00035754  2.7653
-0.00136504  0.000349294  2.47652
-0.00127049  0.000343314  2.24427
-0.00116821  0.000337729  1.97852
-0.00104541  0.000332096  1.64231
-0.000940408  0.000326813  1.34759
-0.000811144  0.000322554  0.964625
-0.00068508  0.000318528  0.581046
-0.000532727  0.000314209  0.104155
-0.000378586  0.000311591  -0.389657
-0.000221702  0.000308986  -0.900683
-4.44252e-05  0.000308065  -1.47883
