-0.00371687  0.000835221  3.85152
-0.00369974  0.000813234  3.93459
-0.00353118  0.000661413  4.58289
-0.00353041  0.000661075  4.58407
-0.00334683  0.000599472  4.7489
-0.00329439  0.000591889  4.72113
-0.00322992  0.000581063  4.69815
-0.0032051  0.000575634  4.69933
-0.00316755  0.000568324  4.69371
-0.00311342  0.000560312  4.66422
-0.00304622  0.000548244  4.64431
-0.00300062  0.000538492  4.64374
-0.0029803  0.000535024  4.63586
-0.00293355  0.000527151  4.61642
-0.00289344  0.000518857  4.61291
-0.00284376  0.000510702  4.58929
-0.00279458  0.000503532  4.55696
-0.0027337  0.00049611  4.50242
-0.00266574  0.000488321  4.43508
-0.00262881  0.000481413  4.422
-0.00255535  0.000474823  4.32866
-0.0025148  0.000467132  4.31313
-0.00245812  0.000462115  4.2373
-0.00239408  0.000454017  4.17183
-0.00233438  0.000447148  4.1024
-0.00227383  0.000440784  4.02426
-0.00221931  0.000434447  3.95746
-0.00214477  0.00042676  3.85408
-0.00208458  0.000421039  3.7635
-0.00200558  0.00041489  3.62886
-0.00193053  0.000411147  3.47936
-0.00186578  0.000402575  3.39261
-0.00177303  0.000396282  3.21244
-0.00171155  0.000392245  3.08877
-0.00161546  0.000385935  2.89028
-0.00156081  0.000381301  2.78208
-0.00147262  0.000375583  2.58961
-0.00139114  0.0003707  2.40393
-0.00131831  0.000366602  2.23214
-0.00121632  0.0003621  1.97825
-0.00113589  0.000357981  1.77633
-0.00103776  0.00035323  1.52242
-0.000958505  0.000349749  1.31095
-0.000848438  0.000345621  1.00815
-0.000741572  0.000341929  0.706499
-0.000638162  0.000339019  0.407534
-0.000522093  0.000336266  0.0657015
-0.000400975  0.00033471  -0.295852
-0.000373141  0.000333848  -0.37999
-0.000143264  0.000332453  -1.07304
