-0.003971  0.00164852  2.10552
-0.0039552  0.00153287  2.25407
-0.00393686  0.00141392  2.43073
-0.0039174  0.00130571  2.61727
-0.00389296  0.001198  2.83219
-0.00386223  0.00110076  3.05445
-0.00382006  0.00102032  3.25395
-0.00377271  0.000939442  3.48368
-0.00373093  0.000871566  3.70705
-0.00367782  0.00079206  4.0121
-0.00361962  0.000741129  4.20928
-0.00355092  0.000694552  4.39264
-0.00348303  0.000648401  4.60058
-0.0034008  0.000619115  4.6854
-0.00332503  0.000597914  4.7248
-0.00323214  0.000570168  4.79183
-0.00315687  0.000554297  4.79322
-0.0030853  0.000539568  4.79142
-0.0030097  0.000527743  4.75554
-0.00296198  0.000519756  4.7368
-0.00289702  0.000508854  4.71062
-0.00283868  0.000498599  4.6905
-0.00278309  0.000490573  4.65392
-0.00270891  0.000480575  4.59638
-0.00264487  0.000470704  4.55673
-0.00257472  0.000461835  4.49234
-0.00251118  0.000453636  4.43347
-0.00244545  0.000444245  4.37923
-0.00234398  0.000434737  4.2416
-0.00227162  0.000423914  4.1792
-0.00218186  0.000415928  4.04364
-0.00210051  0.000407854  3.92423
-0.00201679  0.000398948  3.80197
-0.00196408  0.000394744  3.70893
-0.00185454  0.000386289  3.50654
-0.00177312  0.000378713  3.3617
-0.00164982  0.000370041  3.10729
-0.0015442  0.000361934  2.88505
-0.0014509  0.000358178  2.65482
-0.0013426  0.000350939  2.40099
-0.0012369  0.000343281  2.14664
-0.00110146  0.000337305  1.78313
-0.000987848  0.000333037  1.46484
-0.0008713  0.000328872  1.12901
-0.000751594  0.000323672  0.777311
-0.000646211  0.000319767  0.457244
-0.000444766  0.000316258  -0.174648
-0.000304607  0.000313141  -0.623978
-0.000131963  0.000311371  -1.18199
5.61125e-05  0.000310889  -1.78878
