-0.003971  0.00164852  2.10552
-0.00395383  0.00152344  2.26712
-0.00393396  0.00139662  2.45877
-0.00391674  0.00130235  2.62352
-0.00389235  0.00119362  2.84207
-0.0038615  0.00109865  3.05966
-0.00382299  0.00101971  3.25877
-0.00377538  0.00093305  3.5104
-0.00374295  0.000899283  3.60615
-0.0036743  0.000815719  3.89141
-0.00361335  0.000774856  4.01798
-0.00356794  0.000716814  4.27997
-0.00351391  0.000713203  4.22588
-0.00345745  0.000637011  4.64269
-0.00338371  0.000616588  4.67688
-0.00334164  0.000595143  4.77471
-0.00320375  0.000558763  4.83881
-0.00312554  0.000545296  4.8149
-0.00306327  0.000537558  4.76837
-0.00298901  0.000523846  4.75141
-0.00294906  0.000515416  4.75162
-0.00283735  0.000509483  4.5877
-0.00283682  0.000499991  4.67372
-0.00275489  0.000490581  4.59638
-0.00270088  0.000480848  4.57709
-0.0026041  0.000467092  4.50468
-0.0025478  0.000457184  4.47916
-0.00247477  0.000450475  4.38376
-0.00237528  0.000438719  4.27445
-0.00232037  0.000433358  4.20062
-0.00227834  0.000426979  4.16493
-0.00219062  0.000416361  4.06047
-0.00205687  0.000406489  3.83006
-0.00195779  0.000398246  3.66053
-0.001883  0.000392535  3.52326
-0.00180589  0.000382978  3.40983
-0.00170539  0.000378106  3.18798
-0.0016119  0.000369131  3.01221
-0.00148455  0.000365545  2.69338
-0.00142068  0.000358939  2.565
-0.00131758  0.000350445  2.33296
-0.00119932  0.000343652  2.03498
-0.00106794  0.00033717  1.68444
-0.00097083  0.000332877  1.41443
-0.000890311  0.000329336  1.18514
-0.000676782  0.000323884  0.545817
-0.000564484  0.000319539  0.201804
-0.000452952  0.000316114  -0.148832
-0.000278247  0.000312218  -0.710252
-0.0001259  0.000311116  -1.20245
