-0.003971  0.00164852  2.10552
-0.00395488  0.00153369  2.25265
-0.0039374  0.0014173  2.42531
-0.00391948  0.00131649  2.59742
-0.00389688  0.00121331  2.79968
-0.00386749  0.00111406  3.02271
-0.00382896  0.00104065  3.19892
-0.00379179  0.000965572  3.40916
-0.00374615  0.000892823  3.63583
-0.00370051  0.000828893  3.86119
-0.00364547  0.000768411  4.09347
-0.00359515  0.000714671  4.33087
-0.00353561  0.000667324  4.54893
-0.00346976  0.000632398  4.69604
-0.00339507  0.000603233  4.79925
-0.00331922  0.000580991  4.85244
-0.0032356  0.000561709  4.87014
-0.00317865  0.000550649  4.86453
-0.00312124  0.000540401  4.85054
-0.00305719  0.000529552  4.82896
-0.00298861  0.000519479  4.7906
-0.0029309  0.00050914  4.77452
-0.00286007  0.000499415  4.72567
-0.00280164  0.00048871  4.70962
-0.00272778  0.000479199  4.64898
-0.00265876  0.000468121  4.61155
-0.00258885  0.000459278  4.54812
-0.00252041  0.000449727  4.49251
-0.00243876  0.00044022  4.40408
-0.00235973  0.000431635  4.30856
-0.00228263  0.000422745  4.21681
-0.00220016  0.000413179  4.11482
-0.00211076  0.00040501  3.97709
-0.00202555  0.000396599  3.84658
-0.00192906  0.000387315  3.68966
-0.00183687  0.000380363  3.51472
-0.00174236  0.000372882  3.33177
-0.00164975  0.000365544  3.14532
-0.00154109  0.000358774  2.90179
-0.00144166  0.000352201  2.67364
-0.0013293  0.000345666  2.39913
-0.00120638  0.000339367  2.08146
-0.00109672  0.000333304  1.79031
-0.000967672  0.00032763  1.42744
-0.000838217  0.000322635  1.0483
-0.000705589  0.000318098  0.646307
-0.00056263  0.000313733  0.199629
-0.00042882  0.000311049  -0.228839
-0.000251445  0.000308558  -0.805539
-7.29713e-05  0.000307104  -1.3905
