-0.00345991  0.000635455  4.65794
-0.00345975  0.000632414  4.68008
-0.00345378  0.000630622  4.68392
-0.00345208  0.000628256  4.69885
-0.00344516  0.000627145  4.69613
-0.00344324  0.000623307  4.72198
-0.00344075  0.000622301  4.72561
-0.00343555  0.000620714  4.72931
-0.00342989  0.000619348  4.7306
-0.0034213  0.000617822  4.72838
-0.00341693  0.000616615  4.73055
-0.00341002  0.000614822  4.73311
-0.0034049  0.000614021  4.73095
-0.0033983  0.000612166  4.73451
-0.00339795  0.000612141  4.73413
-0.00338706  0.0006096  4.73599
-0.00338162  0.000608226  4.73774
-0.00337297  0.000607648  4.72801
-0.00336977  0.000605558  4.73905
-0.00336362  0.000603863  4.74217
-0.0033582  0.000602773  4.74175
-0.00335305  0.000600968  4.74743
-0.00334488  0.000600199  4.7399
-0.00333941  0.000598795  4.74187
-0.00333457  0.000596941  4.74849
-0.00323944  0.000582727  4.70106
-0.00316575  0.000567757  4.69523
-0.00309096  0.000553723  4.67917
-0.00301208  0.000539703  4.65455
-0.00293569  0.000525777  4.63255
-0.00284303  0.000511225  4.58316
-0.00275594  0.000498127  4.52884
-0.00265715  0.000486488  4.43413
-0.00256342  0.000472825  4.36403
-0.00245245  0.000460542  4.23945
-0.00234552  0.000448524  4.11465
-0.00223689  0.000436608  3.97814
-0.00213274  0.000425134  3.84053
-0.00198753  0.000416333  3.57293
-0.00188907  0.000403897  3.43917
-0.0017553  0.000393182  3.19267
-0.00159701  0.000386496  2.83835
-0.00148222  0.000375797  2.6137
-0.00131979  0.000367904  2.22827
-0.00117562  0.000360501  1.87411
-0.0010133  0.000352144  1.45764
-0.000912849  0.000348934  1.18317
-0.000664698  0.000339649  0.484907
-0.000446814  0.000337471  -0.157602
-0.000250317  0.00033275  -0.750364
