-0.003971  0.00164852  2.10552
-0.0039545  0.0015367  2.24799
-0.00393577  0.00142419  2.41244
-0.00391781  0.0013198  2.58963
-0.00388664  0.00122481  2.76502
-0.00386289  0.0011302  2.97549
-0.00382654  0.00105787  3.14456
-0.00377891  0.000972719  3.37087
-0.00374078  0.000898548  3.60669
-0.0037015  0.000846517  3.78197
-0.00363373  0.000787434  3.97967
-0.00358585  0.00073246  4.21299
-0.00352692  0.000678964  4.45814
-0.00345907  0.000637618  4.64082
-0.00338686  0.000607308  4.75354
-0.00332244  0.000585025  4.82447
-0.00323114  0.000562868  4.85218
-0.00316549  0.000551157  4.83616
-0.00310004  0.000541275  4.80356
-0.00304649  0.000530636  4.79894
-0.00298918  0.00052122  4.77569
-0.00292038  0.000509803  4.74768
-0.00284729  0.000498117  4.71234
-0.0027882  0.000489121  4.6782
-0.00272278  0.000480168  4.62917
-0.00264936  0.000470046  4.57265
-0.00256512  0.000461047  4.4792
-0.00250408  0.000451971  4.43409
-0.00243119  0.000440255  4.38653
-0.00234839  0.000431832  4.28035
-0.00226479  0.000423582  4.16635
-0.00221199  0.000414675  4.12851
-0.00210703  0.000405532  3.96276
-0.00202073  0.000396553  3.83488
-0.0019385  0.000388862  3.69926
-0.00182312  0.000380138  3.48064
-0.00172713  0.000372614  3.29332
-0.00163344  0.000365267  3.10303
-0.00153389  0.000357554  2.89157
-0.00143812  0.000351806  2.66658
-0.00131214  0.000344907  2.35465
-0.00118957  0.000338733  2.03573
-0.00106587  0.000332888  1.69989
-0.000957112  0.000326803  1.39874
-0.000823634  0.000321939  1.00527
-0.000675192  0.000317303  0.552127
-0.000523111  0.000313899  0.0736241
-0.000369411  0.000310879  -0.420064
-0.000216329  0.000308845  -0.91849
-1.50653e-05  0.000308134  -1.57378
