-0.003971  0.00164852  2.10552
-0.00395615  0.0015395  2.24499
-0.00393938  0.00142931  2.40632
-0.00392102  0.00132444  2.58299
-0.00390075  0.0012278  2.7698
-0.0038713  0.00112318  3.00156
-0.00383372  0.00105126  3.17117
-0.00379058  0.000973086  3.3816
-0.00374992  0.000895291  3.63002
-0.00370948  0.000871204  3.68396
-0.00365728  0.000794784  3.9725
-0.00359997  0.000718407  4.31506
-0.00355854  0.00069586  4.39534
-0.00346909  0.000660843  4.49289
-0.00341511  0.000630989  4.6199
-0.00334401  0.000597141  4.76271
-0.00328213  0.000577285  4.81933
-0.00319421  0.000556968  4.83729
-0.00309639  0.000548424  4.73429
-0.00304417  0.000535668  4.74952
-0.00299997  0.000526827  4.74534
-0.00292989  0.0005148  4.72007
-0.00284324  0.000499423  4.69189
-0.00279747  0.000492665  4.66335
-0.00274843  0.000485417  4.63196
-0.0026633  0.000474547  4.55866
-0.0025847  0.000463626  4.49652
-0.00250949  0.000452798  4.43795
-0.00243886  0.000443987  4.36694
-0.00235817  0.000433654  4.28493
-0.00230223  0.00042834  4.20748
-0.00220154  0.000417259  4.07789
-0.00213558  0.000410588  3.98352
-0.00204009  0.000401308  3.83766
-0.00194932  0.000392951  3.68829
-0.0018389  0.000383686  3.48956
-0.00173491  0.000376247  3.28218
-0.00163633  0.000369278  3.07715
-0.00154234  0.000361853  2.88057
-0.00143408  0.000354904  2.63192
-0.0013059  0.000346852  2.32348
-0.00118499  0.000343364  1.99495
-0.00112104  0.000337563  1.83977
-0.00094837  0.000330602  1.35623
-0.000813823  0.00032607  0.962443
-0.000699033  0.000321753  0.618588
-0.000528083  0.00031693  0.0886107
-0.000418418  0.000315135  -0.25888
-0.000215481  0.000312271  -0.911127
-1.2522e-05  0.000311653  -1.56417
