-0.003971  0.00164852  2.10552
-0.00395418  0.00152581  2.26383
-0.00393207  0.00138905  2.4708
-0.0039107  0.00130069  2.62223
-0.00388362  0.00118957  2.8444
-0.00385347  0.00109576  3.0604
-0.00380822  0.00101868  3.24755
-0.00376302  0.000931959  3.50125
-0.0037212  0.000860886  3.74173
-0.00366907  0.000791405  4.00436
-0.00361509  0.000733478  4.24701
-0.00354605  0.000680239  4.47791
-0.00348559  0.000638695  4.67452
-0.00340181  0.000600925  4.82891
-0.00332104  0.000578701  4.87478
-0.0032279  0.000557881  4.88976
-0.00316662  0.000547104  4.87406
-0.00312007  0.000538167  4.8685
-0.00304822  0.000527789  4.82812
-0.0029871  0.000516412  4.81612
-0.00291923  0.000505309  4.78762
-0.00287108  0.000497993  4.76127
-0.00280385  0.000488566  4.71554
-0.00273665  0.000478262  4.67663
-0.00267542  0.000469233  4.63611
-0.00260427  0.000460199  4.57251
-0.0025281  0.000451079  4.4961
-0.00245166  0.000441643  4.41908
-0.00237808  0.000433344  4.33392
-0.00230309  0.000424614  4.24641
-0.00221881  0.000416292  4.12887
-0.00214017  0.000407343  4.0265
-0.00205604  0.000399125  3.89863
-0.00196743  0.000391163  3.75144
-0.0018849  0.00038414  3.60519
-0.00178211  0.000375908  3.41069
-0.00169469  0.000369348  3.23459
-0.0015917  0.000362221  3.01392
-0.00148028  0.000355264  2.7593
-0.00138493  0.000348419  2.53985
-0.00128168  0.000342577  2.28176
-0.00117682  0.000336853  2.00926
-0.00104665  0.000331314  1.64993
-0.000931184  0.000325961  1.32281
-0.000789198  0.000320731  0.901683
-0.000668651  0.000316467  0.532919
-0.000527235  0.000313727  0.0868104
-0.000393424  0.000310078  -0.343708
-0.000225262  0.000307902  -0.89229
-3.02617e-05  0.000306927  -1.53046
