-0.003971  0.00164852  2.10552
-0.00395418  0.00152581  2.26383
-0.00393198  0.00140171  2.44843
-0.00390548  0.00128385  2.65256
-0.00387599  0.00116708  2.89268
-0.00384221  0.00105998  3.15309
-0.00379838  0.000990917  3.32861
-0.0037438  0.000904985  3.58437
-0.00369042  0.000849963  3.7536
-0.00365039  0.000804274  3.91705
-0.00357664  0.000715076  4.30254
-0.00351633  0.000664854  4.53682
-0.00341606  0.000635404  4.5893
-0.00336266  0.000601741  4.75729
-0.00325828  0.000571345  4.8277
-0.00320357  0.000561435  4.81546
-0.00315162  0.000552719  4.79742
-0.00306638  0.000542033  4.73473
-0.00300409  0.000537009  4.66304
-0.00292418  0.000523459  4.63108
-0.00287514  0.000512453  4.63485
-0.00284871  0.000507391  4.629
-0.00274409  0.000494131  4.5415
-0.00268752  0.000485775  4.50316
-0.00261351  0.000476145  4.4388
-0.00253516  0.000468284  4.34599
-0.00249614  0.000461733  4.32314
-0.00240738  0.000446124  4.27546
-0.00232809  0.000440703  4.14812
-0.0022516  0.000434765  4.02885
-0.00217409  0.000423602  3.95202
-0.00209321  0.000415336  3.83595
-0.00206931  0.000410403  3.82383
-0.00194391  0.000401025  3.60055
-0.00194391  0.000401025  3.60055
-0.00173958  0.000386841  3.20435
-0.00174884  0.000381315  3.27509
-0.00158782  0.00037362  2.91158
-0.00150288  0.000362554  2.76616
-0.00144246  0.000359368  2.62254
-0.0013071  0.000351071  2.29898
-0.00114708  0.000342065  1.89169
-0.00114708  0.000342065  1.89169
-0.000937215  0.000331814  1.31765
-0.000761057  0.000328346  0.795066
-0.000761057  0.000328346  0.795066
-0.000540086  0.000320857  0.124934
-0.000427876  0.000318161  -0.226691
-0.000377823  0.000316456  -0.386078
-2.21468e-05  0.000314926  -1.51735
