-0.010865  0.0047755  2.17045
-0.010781  0.00461915  2.22573
-0.0106969  0.00446789  2.28227
-0.0106087  0.00431669  2.34176
-0.0105174  0.00415933  2.40842
-0.0104273  0.00401436  2.47295
-0.0103302  0.00386688  2.54215
-0.010228  0.00371818  2.61632
-0.0101287  0.00357703  2.6918
-0.0100254  0.00343979  2.76918
-0.00991777  0.00330137  2.85269
-0.00981248  0.00317358  2.93438
-0.00969892  0.00303623  3.02972
-0.00957822  0.0028927  3.13832
-0.0094696  0.00277377  3.23372
-0.00934367  0.00263692  3.35378
-0.00922935  0.00252114  3.46246
-0.00910444  0.00239713  3.58948
-0.00897373  0.00227202  3.7296
-0.00884206  0.00215455  3.87184
-0.00871046  0.00204552  4.01387
-0.00856918  0.00193281  4.17485
-0.00842342  0.00182682  4.33727
-0.00827626  0.00172457  4.5091
-0.00811014  0.00161646  4.70791
-0.00795023  0.00152048  4.89993
-0.00778795  0.001438  5.06812
-0.00760139  0.00134823  5.26722
-0.00744074  0.00127355  5.44991
-0.00724603  0.00119172  5.66076
-0.0070762  0.00113272  5.80566
-0.00683649  0.00106688  5.93926
-0.0066275  0.00100983  6.06784
-0.00641623  0.000958979  6.1693
-0.00618844  0.000908521  6.26121
-0.00595827  0.000863262  6.32285
-0.00572325  0.000823175  6.34525
-0.00559882  0.00080412  6.34087
-0.00544192  0.000782595  6.31478
-0.00529741  0.000765746  6.26501
-0.0051449  0.000748625  6.20458
-0.00495985  0.000731848  6.09395
-0.00475852  0.000715733  5.94988
-0.00457206  0.000703475  5.78849
-0.0043458  0.000687724  5.59207
-0.00407717  0.000675119  5.29858
-0.00382704  0.000665912  4.99621
-0.00354274  0.000657263  4.62941
-0.00320177  0.00064821  4.16805
-0.00282679  0.000644609  3.60961
