-0.003971  0.00164852  2.10552
-0.00395551  0.00153532  2.25068
-0.00393684  0.00142431  2.41299
-0.00391923  0.00131957  2.59116
-0.00389425  0.0012167  2.78972
-0.00386513  0.00112537  2.99024
-0.00382715  0.00104469  3.1848
-0.00378368  0.000970965  3.38187
-0.00374474  0.00089197  3.63772
-0.00370255  0.000826935  3.8728
-0.00364632  0.000763622  4.12026
-0.0035898  0.000713801  4.32866
-0.0035273  0.000667496  4.5353
-0.00346038  0.000633451  4.67341
-0.00339215  0.000605173  4.77904
-0.00330978  0.000579104  4.85194
-0.00323091  0.000561139  4.86673
-0.00317058  0.000550664  4.84975
-0.00311131  0.000538942  4.84525
-0.00304957  0.000529761  4.81269
-0.00298838  0.000518819  4.79624
-0.00292632  0.00050981  4.75926
-0.00284593  0.000499146  4.69988
-0.00278786  0.000487963  4.68859
-0.00269278  0.000476349  4.6033
-0.00264189  0.000469652  4.5606
-0.0025777  0.000459802  4.51869
-0.00251646  0.000451891  4.46228
-0.00243299  0.000443041  4.36301
-0.00234656  0.000432579  4.26872
-0.00226913  0.000424058  4.1719
-0.00218075  0.000414779  4.05216
-0.00209289  0.000406419  3.91933
-0.00198726  0.000398623  3.73098
-0.00189779  0.000389697  3.58686
-0.00182381  0.000383844  3.44883
-0.00170859  0.000375654  3.2173
-0.00163349  0.000370434  3.05991
-0.00152732  0.000360173  2.8523
-0.00141249  0.00035518  2.56909
-0.00130516  0.000347182  2.31914
-0.00114748  0.000339466  1.90736
-0.0010489  0.00033431  1.64188
-0.0010489  0.00033431  1.64188
-0.000831754  0.000325821  1.01821
-0.000717792  0.000324146  0.671894
-0.000541558  0.000319596  0.130033
-0.000402915  0.000314615  -0.308585
-0.000402915  0.000314615  -0.308585
-6.98268e-05  0.000310586  -1.38504
