-0.010865  0.0047755  2.17045
-0.01078  0.00462014  2.22504
-0.0106959  0.00446496  2.28353
-0.0106097  0.00431179  2.34466
-0.0105204  0.00416163  2.4078
-0.0104274  0.00401011  2.47558
-0.0103311  0.00386178  2.54574
-0.0102351  0.00371998  2.61697
-0.0101335  0.00357912  2.69157
-0.010023  0.00343402  2.77313
-0.0099142  0.0032949  2.8572
-0.00981023  0.00316496  2.94166
-0.00969397  0.00302661  3.03772
-0.00957529  0.00289345  3.1365
-0.00945229  0.0027494  3.25609
-0.00933205  0.00262298  3.36718
-0.00921082  0.00251163  3.4682
-0.00909539  0.00239298  3.59191
-0.00895624  0.00226362  3.73571
-0.00881949  0.00213941  3.88868
-0.00869267  0.00203102  4.03377
-0.00854267  0.00191935  4.19031
-0.00838772  0.00181125  4.35484
-0.00823959  0.00170871  4.5295
-0.0080852  0.00160386  4.72934
-0.00791972  0.00150836  4.91905
-0.00775117  0.00142022  5.10568
-0.00757647  0.00133378  5.30557
-0.00739212  0.00125545  5.48974
-0.00719912  0.00117942  5.68002
-0.00700703  0.00112066  5.80644
-0.00680325  0.00106308  5.92923
-0.00657923  0.0010007  6.07501
-0.00635958  0.000950046  6.16768
-0.00612194  0.000900431  6.24362
-0.00589522  0.000855084  6.30958
-0.00565238  0.000814599  6.32505
-0.00552019  0.000796607  6.30196
-0.005406  0.000781718  6.27593
-0.00521078  0.000760029  6.19815
-0.00509623  0.00074612  6.16017
-0.00492108  0.000730971  6.04823
-0.00473192  0.000715296  5.91633
-0.00451876  0.000702585  5.71997
-0.00432875  0.000689757  5.55087
-0.0040832  0.000676687  5.29521
-0.00388843  0.000667662  5.07507
-0.00359692  0.000658008  4.70651
-0.00330888  0.000651288  4.31281
-0.00290719  0.000647462  3.71788
