-0.003971  0.00164852  2.10552
-0.00395433  0.00152687  2.26237
-0.00393491  0.00140224  2.4496
-0.00390928  0.00127477  2.67443
-0.00388428  0.0011838  2.85883
-0.00385567  0.00109079  3.07637
-0.00381902  0.00101773  3.2612
-0.00377528  0.000938883  3.48849
-0.00373032  0.000861944  3.74772
-0.0036601  0.000812755  3.88813
-0.00361859  0.000732299  4.25862
-0.00355974  0.000691541  4.42453
-0.00348845  0.000657333  4.54633
-0.00342086  0.000613928  4.75765
-0.00334775  0.000588186  4.84158
-0.00326228  0.000574469  4.80841
-0.00321116  0.000567753  4.77524
-0.00315653  0.000556129  4.77682
-0.00309517  0.000547922  4.7364
-0.00303864  0.000537474  4.72329
-0.00294784  0.000525306  4.65983
-0.00290527  0.000514627  4.67381
-0.0028339  0.000504294  4.62805
-0.00275172  0.000492365  4.57327
-0.00269748  0.000486411  4.51774
-0.00262133  0.000479419  4.42479
-0.00255327  0.000466048  4.40569
-0.0025006  0.000460918  4.34046
-0.00239149  0.000448135  4.22081
-0.00228269  0.000440765  4.04453
-0.00221747  0.000430358  3.9908
-0.00216998  0.000423553  3.9428
-0.00207072  0.000414538  3.78908
-0.00193856  0.000403647  3.5639
-0.00185216  0.000397508  3.40158
-0.00176497  0.000390696  3.23774
-0.00166092  0.000381281  3.0448
-0.00162184  0.000373137  3.00652
-0.00148567  0.000366438  2.68986
-0.00137251  0.000357732  2.43902
-0.00128502  0.000352269  2.22847
-0.00115294  0.000346067  1.88674
-0.00100074  0.000339355  1.47555
-0.000954296  0.000337033  1.34793
-0.000846004  0.000330518  1.04685
-0.00075704  0.000325084  0.790689
-0.000554726  0.000323408  0.169218
-0.000385396  0.000319136  -0.359107
-0.000294415  0.000317297  -0.647927
-7.16164e-06  0.000316444  -1.55743
