-0.003971  0.00164852  2.10552
-0.0039552  0.00153288  2.25406
-0.00393765  0.00141872  2.42306
-0.00391739  0.00130685  2.61497
-0.00389409  0.00121421  2.79531
-0.00386321  0.00110883  3.03313
-0.00382629  0.0010274  3.23758
-0.00378524  0.000958171  3.42865
-0.00374092  0.000883261  3.66926
-0.00369131  0.000805324  3.96277
-0.00363659  0.000755087  4.15395
-0.00358567  0.000707381  4.3621
-0.00351102  0.000657259  4.58118
-0.00343754  0.000622231  4.72098
-0.00335518  0.000593359  4.8119
-0.00327635  0.000573131  4.84419
-0.00319255  0.00055489  4.85241
-0.00313264  0.000544653  4.8336
-0.00307181  0.000533724  4.8186
-0.003011  0.000525078  4.78214
-0.00294191  0.000514769  4.74371
-0.00287859  0.000503566  4.72349
-0.00283195  0.000494874  4.71221
-0.00275096  0.00048422  4.64863
-0.00269165  0.000474456  4.6193
-0.00259921  0.00046345  4.52953
-0.00254496  0.000455789  4.48665
-0.00247085  0.000445985  4.41911
-0.00239483  0.000437772  4.32835
-0.00232459  0.000428629  4.25681
-0.00222568  0.000419964  4.10911
-0.00214444  0.000411774  3.99355
-0.00206659  0.000403577  3.88177
-0.00198625  0.000395402  3.75882
-0.00189237  0.000387534  3.5929
-0.00181423  0.000380631  3.45276
-0.00170023  0.000371528  3.23053
-0.00161702  0.000365034  3.06003
-0.00149537  0.000356861  2.78924
-0.00140549  0.000350873  2.58068
-0.00129857  0.000344355  2.31902
-0.00117401  0.000338449  1.99146
-0.00105772  0.000332237  1.67869
-0.000918484  0.000325964  1.28383
-0.000799198  0.000322596  0.927471
-0.000672721  0.000317407  0.544162
-0.000549069  0.000314259  0.156141
-0.000410049  0.000311807  -0.288483
-0.000210808  0.000308527  -0.937333
-3.6925e-05  0.000307242  -1.5072
