-0.003971  0.00164852  2.10552
-0.00395335  0.00152011  2.27177
-0.0039272  0.0013733  2.49559
-0.00390842  0.00126199  2.70082
-0.00387687  0.0011593  2.91284
-0.00383779  0.00104768  3.18587
-0.00379007  0.00096751  3.40056
-0.00372037  0.000882444  3.64938
-0.0036747  0.000815019  3.89524
-0.00361819  0.000750441  4.15515
-0.00353343  0.000681974  4.44802
-0.00350337  0.000660657  4.54604
-0.00338346  0.000605522  4.76193
-0.0032929  0.000590616  4.7288
-0.0031947  0.000562437  4.79111
-0.00312817  0.000552936  4.75312
-0.00308641  0.000543603  4.7579
-0.0030172  0.000534993  4.7051
-0.00296593  0.000525474  4.69276
-0.00290697  0.000514476  4.67849
-0.00285958  0.000506048  4.66276
-0.00279376  0.00049845  4.60178
-0.00275122  0.000488776  4.60583
-0.00268704  0.000480673  4.54996
-0.0026442  0.000473241  4.53089
-0.00257317  0.00046618  4.44715
-0.00247703  0.000455185  4.34335
-0.00241672  0.000450052  4.25889
-0.00232627  0.000434961  4.19871
-0.00230299  0.000430894  4.1843
-0.00217477  0.000424746  3.94299
-0.0021233  0.000413252  3.92812
-0.00210285  0.000406514  3.94292
-0.00199768  0.000399821  3.74588
-0.001908  0.000392943  3.58321
-0.00179266  0.000382837  3.37653
-0.00175775  0.000379624  3.31316
-0.00163815  0.000370683  3.07042
-0.00157585  0.000368148  2.92232
-0.00152394  0.000362507  2.82461
-0.0013671  0.000356716  2.4308
-0.00128319  0.00034971  2.23954
-0.00114988  0.000346257  1.87686
-0.00111039  0.00034164  1.78664
-0.000963103  0.000335773  1.37922
-0.000821133  0.000333089  0.964105
-0.000716851  0.000326989  0.663176
-0.000615008  0.000324591  0.354318
-0.000398905  0.000324237  -0.311793
-0.00026029  0.00032348  -0.741036
