-0.003971  0.00164852  2.10552
-0.0039552  0.00153287  2.25407
-0.00393686  0.00141392  2.43073
-0.0039174  0.00130571  2.61727
-0.00389296  0.001198  2.83219
-0.00386138  0.00109754  3.06266
-0.00382006  0.00102032  3.25395
-0.00377271  0.000939442  3.48368
-0.00373093  0.000871566  3.70705
-0.00368232  0.000802074  3.96762
-0.00361652  0.000749953  4.15563
-0.00354728  0.000693754  4.39245
-0.00348053  0.000655336  4.5481
-0.0034008  0.000619115  4.6854
-0.00331152  0.000597265  4.70732
-0.00323616  0.000573814  4.76838
-0.00314184  0.00055743  4.73933
-0.00306478  0.000541015  4.74068
-0.00300053  0.00053067  4.71202
-0.0029422  0.000517228  4.72171
-0.00288809  0.000512327  4.66125
-0.00282166  0.00050277  4.61774
-0.00274788  0.000490446  4.58334
-0.00267404  0.000478449  4.54393
-0.00262212  0.000470931  4.50622
-0.00255805  0.000461777  4.4568
-0.00249349  0.000453868  4.39224
-0.00241859  0.00044509  4.31056
-0.00235189  0.000438836  4.22001
-0.00226598  0.000426826  4.13748
-0.00219606  0.000418845  4.04937
-0.00214152  0.000411284  3.9912
-0.00206088  0.000404167  3.86197
-0.00196284  0.000399305  3.66347
-0.00187056  0.000390655  3.50837
-0.00178524  0.000380863  3.37456
-0.00164416  0.000371638  3.07869
-0.00158629  0.000370147  2.93474
-0.0014446  0.000364379  2.59235
-0.00141737  0.000357997  2.5625
-0.00127102  0.000349508  2.20603
-0.00117104  0.000343046  1.95614
-0.00107372  0.000338559  1.69459
-0.000906293  0.0003333  1.219
-0.000769824  0.00032549  0.828979
-0.000728669  0.000323741  0.706334
-0.00050472  0.000320277  0.0147371
-0.000418967  0.000316266  -0.256218
-0.000260268  0.000313291  -0.765204
-6.85548e-05  0.000312411  -1.38102
