-0.003971  0.00164852  2.10552
-0.00395322  0.00152595  2.263
-0.00393303  0.00140255  2.44771
-0.00391405  0.00130319  2.61977
-0.00388179  0.00119487  2.83026
-0.00385214  0.0011014  3.04351
-0.00380672  0.00100691  3.28401
-0.00376237  0.000921267  3.54117
-0.00371813  0.000858333  3.74927
-0.00367249  0.000788627  4.0228
-0.00359871  0.00072347  4.28313
-0.00355155  0.000682362  4.47205
-0.0034695  0.000641086  4.63199
-0.00340285  0.000605259  4.79604
-0.00331783  0.000579757  4.86037
-0.00322669  0.000559751  4.87125
-0.00316281  0.000548861  4.85152
-0.00310528  0.000540001  4.82457
-0.00304739  0.000529449  4.8114
-0.00298399  0.000518679  4.78907
-0.00292183  0.000509616  4.75227
-0.00284483  0.000499351  4.69575
-0.00279453  0.000489988  4.68283
-0.00273841  0.00048141  4.6497
-0.0026615  0.000470367  4.59535
-0.00258038  0.000461617  4.50673
-0.00252468  0.000452677  4.47268
-0.00245201  0.000444435  4.39213
-0.00238407  0.000435764  4.32361
-0.00229591  0.000426183  4.21395
-0.00221102  0.000416728  4.10583
-0.00213115  0.000407859  3.99929
-0.00205899  0.000401176  3.88605
-0.00196781  0.000392761  3.73716
-0.00187063  0.000384294  3.56662
-0.00177839  0.000376873  3.39211
-0.00169151  0.000370511  3.21587
-0.00158699  0.000363348  2.9916
-0.00147568  0.000356092  2.73996
-0.00138238  0.000350082  2.52048
-0.00128344  0.000344141  2.27652
-0.00116129  0.00033816  1.95554
-0.0010404  0.000332545  1.62506
-0.000925792  0.000327886  1.2986
-0.000784287  0.00032242  0.88173
-0.000655309  0.000318783  0.487193
-0.000512646  0.000315048  0.0401393
-0.000384492  0.000311957  -0.37027
-0.000208772  0.000310637  -0.937519
-1.47035e-05  0.000309448  -1.56827
