-0.010865  0.0047755  2.17045
-0.0107801  0.00461596  2.22709
-0.0106925  0.00445729  2.28671
-0.0106018  0.0043005  2.34898
-0.0105109  0.00414514  2.41509
-0.0104164  0.00399481  2.48232
-0.0103154  0.0038366  2.55837
-0.0102147  0.00369184  2.63139
-0.0101138  0.00355151  2.70696
-0.0100012  0.00340822  2.78775
-0.00989198  0.00326761  2.87427
-0.00977837  0.00312807  2.96616
-0.00966324  0.00298843  3.06624
-0.00954284  0.00285228  3.17039
-0.00942297  0.00272494  3.27456
-0.00930097  0.00259074  3.39709
-0.00917074  0.00245989  3.52484
-0.00904394  0.00233972  3.65169
-0.00891136  0.00221683  3.79432
-0.008776  0.00210133  3.93846
-0.00862922  0.00198396  4.09746
-0.00848026  0.00186711  4.27414
-0.00832724  0.00176173  4.44294
-0.00817029  0.00165623  4.63117
-0.00800901  0.00155735  4.82165
-0.00784156  0.00146212  5.02116
-0.0076599  0.00136767  5.23513
-0.00748076  0.00128696  5.42422
-0.00728507  0.00120814  5.61612
-0.00708624  0.00114002  5.77732
-0.00686842  0.00107689  5.91371
-0.00665746  0.00101992  6.03718
-0.00643073  0.000966476  6.13644
-0.00620041  0.000914675  6.23216
-0.00597903  0.00086971  6.29984
-0.00573148  0.000825612  6.33649
-0.00560791  0.000808393  6.3186
-0.00548412  0.000790455  6.30538
-0.00534539  0.000772159  6.27512
-0.00519614  0.000756211  6.21009
-0.00504927  0.000740323  6.14498
-0.00489029  0.000726412  6.0438
-0.00469933  0.000712735  5.89186
-0.00449493  0.00069779  5.72512
-0.0042799  0.000684559  5.52165
-0.00405792  0.000674727  5.27313
-0.00381466  0.000663667  4.99447
-0.00354339  0.000655891  4.64009
-0.00325981  0.000648251  4.25731
-0.00290474  0.000644604  3.73057
