-0.010865  0.0047755  2.17045
-0.0107819  0.00461858  2.22621
-0.0106918  0.00445521  2.28761
-0.0106  0.00429548  2.3513
-0.010509  0.00414298  2.41589
-0.0104161  0.00399214  2.48391
-0.0103193  0.00384071  2.55664
-0.0102174  0.00369155  2.63233
-0.0101141  0.00354743  2.71016
-0.0100013  0.00340373  2.79143
-0.00989201  0.00326604  2.87566
-0.00978024  0.00312539  2.96931
-0.00966488  0.00298633  3.06895
-0.0095483  0.00285487  3.16942
-0.00942445  0.00271657  3.28519
-0.00930692  0.00259017  3.40013
-0.00917825  0.00246116  3.52609
-0.00904618  0.00233536  3.65947
-0.00891204  0.00221229  3.80242
-0.0087713  0.00209027  3.95704
-0.00863432  0.00197905  4.11022
-0.00848776  0.00186742  4.27744
-0.00833113  0.00175812  4.45426
-0.00817658  0.00165503  4.63834
-0.00800494  0.00155012  4.84153
-0.00784275  0.00146031  5.0282
-0.00765959  0.00136799  5.23367
-0.00747781  0.00128237  5.44134
-0.00728813  0.00120889  5.61518
-0.00708104  0.0011361  5.79266
-0.00687425  0.00107537  5.92751
-0.00664691  0.00101433  6.06005
-0.00643149  0.000962681  6.16143
-0.00620285  0.000912991  6.24634
-0.00596963  0.000865358  6.32065
-0.00572348  0.000823972  6.3394
-0.00559119  0.000805169  6.32313
-0.00546136  0.000786812  6.30565
-0.00533285  0.000770771  6.27015
-0.00518392  0.00075353  6.21597
-0.0050367  0.000738874  6.14002
-0.00483976  0.000721971  6.01099
-0.00464995  0.000708193  5.85992
-0.00444234  0.000696619  5.65925
-0.00425017  0.000683233  5.48886
-0.00400346  0.000671651  5.21619
-0.00377397  0.000662551  4.94146
-0.00347915  0.000652853  4.56328
-0.00318438  0.000646543  4.1519
-0.0027952  0.000643283  3.56795
