-0.003971  0.00164852  2.10552
-0.00395366  0.00152224  2.26879
-0.00393474  0.00140218  2.44957
-0.0039056  0.0012692  2.68326
-0.00388077  0.00118647  2.84945
-0.00384803  0.00108114  3.09676
-0.00380881  0.00100702  3.28574
-0.00376391  0.000925188  3.52783
-0.00371746  0.000855526  3.7608
-0.00366295  0.000781834  4.04555
-0.00359321  0.000733569  4.21667
-0.00354283  0.00067247  4.52486
-0.00346605  0.000637716  4.65105
-0.003386  0.000598847  4.81926
-0.00331014  0.000580947  4.83718
-0.00320294  0.000555486  4.8659
-0.003136  0.000545228  4.83467
-0.00308702  0.000535999  4.82653
-0.00303168  0.000525372  4.81885
-0.00297068  0.000516046  4.78771
-0.00290938  0.000506913  4.75304
-0.0028431  0.000496627  4.71802
-0.00278515  0.000487429  4.68817
-0.00272148  0.000478438  4.64319
-0.0026504  0.000469308  4.58206
-0.00258616  0.00045857  4.54927
-0.00251181  0.000450881  4.46195
-0.00244623  0.000443074  4.39255
-0.00237031  0.000432989  4.31954
-0.00230184  0.000426235  4.22735
-0.00221553  0.000416916  4.11482
-0.00214004  0.000408331  4.01645
-0.00205305  0.000401678  3.86639
-0.00195806  0.000393662  3.70383
-0.00188674  0.000385396  3.59821
-0.00179746  0.00037874  3.42571
-0.00169126  0.000370939  3.21146
-0.00159345  0.000364642  2.9987
-0.00150737  0.000358583  2.80931
-0.00140646  0.000351522  2.57866
-0.00130327  0.000346345  2.31928
-0.00121008  0.000339813  2.08962
-0.00107614  0.000334321  1.72332
-0.000973479  0.000329541  1.43678
-0.000855522  0.000324676  1.09501
-0.000737624  0.000320378  0.741699
-0.00061278  0.000316791  0.356007
-0.000450187  0.000313634  -0.158824
-0.00030475  0.000311882  -0.626038
-0.000119522  0.000310344  -1.22599
