-0.003971  0.00164852  2.10552
-0.00395258  0.0015149  2.27909
-0.0039369  0.00141419  2.43029
-0.00391618  0.00129953  2.62878
-0.00389153  0.00119049  2.84885
-0.00385819  0.0010946  3.06796
-0.00382008  0.00101101  3.28392
-0.0037719  0.000942401  3.47187
-0.00372226  0.000876209  3.6775
-0.00368042  0.000793678  4.00719
-0.00363942  0.000746628  4.2048
-0.0035732  0.000690171  4.45281
-0.00349287  0.000641854  4.66286
-0.00340644  0.000622755  4.66707
-0.00333683  0.000598781  4.73768
-0.00324334  0.000577197  4.75286
-0.00317563  0.000567757  4.71263
-0.00309948  0.000555671  4.67809
-0.00306083  0.000548374  4.66986
-0.00300328  0.000537654  4.65593
-0.00294909  0.000528331  4.63553
-0.00289189  0.000518507  4.61304
-0.00282709  0.000508541  4.57601
-0.00276278  0.000498386  4.54022
-0.00270079  0.000490066  4.4908
-0.00262083  0.000480754  4.41146
-0.00255486  0.000472452  4.34936
-0.00246984  0.000462754  4.25678
-0.00240223  0.000454423  4.18604
-0.00232521  0.000446569  4.08717
-0.00223934  0.000437843  3.97252
-0.00217146  0.000430812  3.87979
-0.00209069  0.000421131  3.77718
-0.00200153  0.000414185  3.62527
-0.00189529  0.000408308  3.41724
-0.00183073  0.00039954  3.33066
-0.00172631  0.000393151  3.11919
-0.00163195  0.000385938  2.93299
-0.00153541  0.000379815  2.72608
-0.00142047  0.000374181  2.45996
-0.0012873  0.000366222  2.1498
-0.00122808  0.000362041  2.01103
-0.00107868  0.000355682  1.62694
-0.000967001  0.000350895  1.33089
-0.000860043  0.000346146  1.04015
-0.000733806  0.000341657  0.684328
-0.000591717  0.0003382  0.271192
-0.000535583  0.000336551  0.105728
-0.000365834  0.000333752  -0.401994
-7.51823e-05  0.000332388  -1.27808
