-0.010865  0.0047755  2.17045
-0.0107813  0.00461842  2.22616
-0.0106949  0.00446327  2.28417
-0.0106097  0.00431086  2.34517
-0.0105214  0.00416086  2.4085
-0.0104274  0.00400947  2.47598
-0.0103341  0.00386315  2.5456
-0.0102364  0.00371833  2.61848
-0.0101337  0.00357678  2.69339
-0.0100292  0.00343717  2.7724
-0.00992453  0.00330468  2.85187
-0.00982306  0.0031764  2.93511
-0.00970042  0.00302908  3.03737
-0.00958509  0.00289593  3.1372
-0.00946904  0.00276587  3.24275
-0.00936715  0.00265722  3.337
-0.00922579  0.00251151  3.47433
-0.00910089  0.00238738  3.60266
-0.00898677  0.00228169  3.71952
-0.00884082  0.0021533  3.8735
-0.00871421  0.00204643  4.01391
-0.00858035  0.00194212  4.16058
-0.00842998  0.00182874  4.3363
-0.00828964  0.00173331  4.49409
-0.00814425  0.00163878  4.6646
-0.00794052  0.00152939  4.86503
-0.00779378  0.00144068  5.06272
-0.00764584  0.00137091  5.21248
-0.00743457  0.0012777  5.4274
-0.00724623  0.00120262  5.60959
-0.00708607  0.00115067  5.72367
-0.00683622  0.00107759  5.87999
-0.00665443  0.00103858  5.92579
-0.00641396  0.000962819  6.14234
-0.00621679  0.000926369  6.17118
-0.00596433  0.000869432  6.28495
-0.00575224  0.000830609  6.32336
-0.00562466  0.000810799  6.32051
-0.00545577  0.000792258  6.25525
-0.00533196  0.000771046  6.26676
-0.00514856  0.000755762  6.15083
-0.00495845  0.000732886  6.08341
-0.00477822  0.000720013  5.94187
-0.0045903  0.000703439  5.81472
-0.00434926  0.000687927  5.59546
-0.00412415  0.000678154  5.34413
-0.0039327  0.000668364  5.13597
-0.0035495  0.000655232  4.65407
-0.00331536  0.000652075  4.31753
-0.00284799  0.000645244  3.63892
