-0.00394953  0.00151406  2.27833
-0.0039286  0.00138533  2.47493
-0.00388029  0.00118836  2.84449
-0.00383967  0.00107142  3.11707
-0.00376666  0.000988725  3.30391
-0.00372045  0.000875617  3.67791
-0.00366089  0.000804402  3.92949
-0.00352724  0.000693799  4.36328
-0.00346802  0.000653008  4.54515
-0.00334216  0.000607421  4.67907
-0.00323101  0.000565989  4.82519
-0.00310423  0.000545819  4.77123
-0.00310209  0.000545943  4.76623
-0.00306126  0.000538378  4.75737
-0.00301032  0.000531091  4.72673
-0.00293117  0.000515177  4.71909
-0.00293117  0.000515177  4.71909
-0.00284464  0.000513291  4.56786
-0.00276776  0.000493402  4.59616
-0.00273158  0.000485384  4.59755
-0.00273158  0.000485384  4.59755
-0.00258193  0.000467679  4.45163
-0.00258193  0.000467679  4.45163
-0.0024818  0.000453677  4.36831
-0.00245167  0.000448778  4.34884
-0.00237077  0.000440778  4.24424
-0.00231779  0.000437604  4.15396
-0.00221074  0.000421812  4.05568
-0.00214413  0.000422772  3.88892
-0.00207908  0.000407849  3.87174
-0.00204396  0.000404783  3.81429
-0.00200566  0.000402271  3.7429
-0.0019071  0.000390923  3.59943
-0.00184002  0.000390098  3.4351
-0.00169242  0.000372979  3.19702
-0.00161188  0.000369041  3.0129
-0.0015314  0.000366238  2.81619
-0.00149347  0.000360353  2.75693
-0.00139385  0.000354914  2.5185
-0.00133757  0.000349069  2.39944
-0.00115965  0.000341233  1.93314
-0.00109546  0.000339934  1.7517
-0.000957173  0.000331544  1.37892
-0.000881938  0.000330938  1.15411
-0.000792618  0.000326046  0.897475
-0.000792618  0.000326046  0.897475
-0.000675872  0.000324977  0.541182
-0.000509345  0.000319349  0.0292634
-0.000407358  0.000317874  -0.291442
-0.000163768  0.000316148  -1.06353
