-0.003971  0.00164852  2.10552
-0.00395756  0.00154934  2.23163
-0.00395241  0.00151372  2.28075
-0.00393953  0.0014302  2.40493
-0.00392799  0.00136847  2.50497
-0.00391604  0.00129884  2.63008
-0.00390301  0.00123757  2.74976
-0.00388708  0.00117398  2.88514
-0.00386779  0.00111355  3.02436
-0.00384355  0.00107279  3.11669
-0.00382478  0.00102051  3.25794
-0.00380143  0.000974064  3.38933
-0.00377282  0.000928126  3.52627
-0.00374118  0.000894989  3.62148
-0.00372343  0.000850741  3.78897
-0.00368552  0.000808678  3.93917
-0.0036511  0.000777718  4.05173
-0.00361494  0.000754737  4.12718
-0.00357966  0.000727891  4.23093
-0.00355424  0.000700891  4.35766
-0.00351338  0.000652207  4.62028
-0.00348384  0.00063754  4.68024
-0.00343014  0.000622855  4.70437
-0.00340735  0.000614566  4.73074
-0.00334001  0.000597976  4.74937
-0.00324381  0.000584206  4.69664
-0.00317099  0.000568935  4.69471
-0.00308946  0.00055325  4.68045
-0.00301091  0.000539252  4.65628
-0.0029185  0.000525501  4.60227
-0.00284108  0.000510307  4.58759
-0.00274856  0.000496401  4.52972
-0.00264597  0.000482938  4.44357
-0.00254433  0.000470551  4.34455
-0.0024279  0.000458667  4.20326
-0.00232018  0.000445636  4.08444
-0.00219855  0.000434054  3.91324
-0.00207693  0.000422599  3.7315
-0.00196941  0.000410876  3.5763
-0.00180689  0.000402114  3.25006
-0.00169381  0.000389139  3.06782
-0.00155499  0.000380129  2.77534
-0.00138686  0.000371916  2.38459
-0.00122478  0.000361964  2.00236
-0.00107302  0.00035511  1.61363
-0.000899931  0.000347478  1.15095
-0.000719469  0.000341281  0.643075
-0.000507708  0.000336258  0.022923
-0.000292374  0.00033314  -0.623238
-2.20191e-05  0.00033249  -1.43758
