-0.00392823  0.00136362  2.51406
-0.00391989  0.0013185  2.59377
-0.00391182  0.0012781  2.66945
-0.0038924  0.00119381  2.84165
-0.00388621  0.00117084  2.89211
-0.00387271  0.00112721  2.99208
-0.00385547  0.00108451  3.09399
-0.00384163  0.00105451  3.16889
-0.00382594  0.00102274  3.252
-0.00381211  0.000995838  3.32595
-0.00375682  0.000913011  3.56712
-0.00375682  0.000913011  3.56712
-0.00374047  0.000871154  3.71974
-0.00372323  0.000843692  3.82039
-0.00369692  0.000811969  3.93725
-0.00367645  0.000788143  4.0303
-0.00365412  0.000760358  4.14821
-0.00362949  0.000741788  4.21884
-0.00358883  0.000731941  4.22005
-0.00357175  0.000690426  4.44906
-0.00354537  0.00068138  4.46941
-0.0035097  0.000657463  4.57776
-0.00348398  0.000642164  4.64676
-0.00344397  0.000620105  4.74752
-0.00340922  0.000608717  4.77927
-0.00328609  0.000593615  4.69343
-0.00322813  0.000580895  4.69642
-0.00313011  0.000561184  4.68672
-0.00308102  0.000551559  4.6795
-0.00295713  0.000530348  4.63306
-0.00289134  0.000518347  4.6134
-0.00279677  0.000504429  4.5532
-0.00268937  0.000490073  4.46743
-0.00259886  0.000477758  4.39314
-0.0024782  0.000463674  4.26636
-0.00237742  0.000451661  4.15671
-0.00226219  0.000439079  4.01338
-0.00213354  0.000426895  3.82655
-0.00201784  0.000415475  3.65325
-0.0018953  0.00040411  3.45278
-0.00174006  0.000393947  3.1478
-0.00159367  0.000382674  2.85796
-0.0014275  0.000372639  2.48901
-0.00125499  0.00036336  2.0778
-0.00110525  0.000356557  1.69748
-0.000930815  0.000348622  1.23576
-0.000750625  0.000342349  0.732074
-0.000533888  0.000336492  0.100708
-0.000309646  0.000333314  -0.571095
-4.77216e-05  0.000332426  -1.36054
