-0.010865  0.0047755  2.17045
-0.0107261  0.00451592  2.26446
-0.0106288  0.00434458  2.33135
-0.0104913  0.00411016  2.43088
-0.01037  0.00391679  2.51991
-0.0102166  0.00368823  2.63447
-0.0100997  0.00353907  2.71248
-0.00992212  0.00333169  2.82803
-0.00975366  0.00313885  2.9481
-0.00958229  0.00292064  3.1097
-0.00940787  0.00272947  3.26359
-0.00923833  0.00253602  3.44569
-0.00909298  0.00238379  3.60475
-0.00894284  0.00223853  3.7716
-0.00865527  0.00202264  4.032
-0.00842283  0.0019017  4.16618
-0.00823464  0.00176561  4.38072
-0.00796293  0.00160158  4.65973
-0.00776072  0.00149809  4.84666
-0.00758299  0.00141978  4.9888
-0.00732808  0.00132814  5.1411
-0.00694474  0.00120815  5.33439
-0.00655164  0.00111267  5.43887
-0.00631735  0.00102504  5.67527
-0.00611162  0.000986608  5.68779
-0.00600137  0.000968182  5.68217
-0.00577733  0.000953953  5.53207
-0.00577733  0.000953953  5.53207
-0.00577733  0.000953953  5.53207
-0.00557554  0.000917147  5.53406
-0.00557554  0.000917147  5.53406
-0.00557554  0.000917147  5.53406
-0.00529762  0.000881777  5.44085
-0.00529762  0.000881777  5.44085
-0.00529762  0.000881777  5.44085
-0.00506955  0.000863263  5.29334
-0.00520884  0.000851209  5.53195
-0.00483835  0.000817621  5.30606
-0.00483835  0.000817621  5.30606
-0.00482029  0.000814037  5.30724
-0.00482029  0.000814037  5.30724
-0.00454777  0.000795236  5.09002
-0.00453353  0.000793717  5.08183
-0.00428598  0.000781843  4.84238
-0.00428598  0.000781843  4.84238
-0.00403228  0.000767256  4.60378
-0.00393404  0.000759397  4.52207
-0.00390081  0.000755957  4.49869
-0.00373587  0.000747394  4.32954
-0.00358679  0.000741762  4.16143
