-0.003971  0.00164852  2.10552
-0.00395183  0.00150976  2.28634
-0.00393561  0.00140641  2.44283
-0.0039144  0.00129064  2.64551
-0.00388976  0.00118378  2.86349
-0.00385417  0.001092  3.07159
-0.00381659  0.00100376  3.30417
-0.00376864  0.000937446  3.48675
-0.00371642  0.000872818  3.6851
-0.00367017  0.000777965  4.07495
-0.00362282  0.000726593  4.29789
-0.00355808  0.000688036  4.44465
-0.00349853  0.00064475  4.65069
-0.00344673  0.00062589  4.70806
-0.00333877  0.000597712  4.74939
-0.00326362  0.000588619  4.69509
-0.00321547  0.000577673  4.7007
-0.00316121  0.000567052  4.69307
-0.00310532  0.000556587  4.68089
-0.00304952  0.000545861  4.67064
-0.0029907  0.00053584  4.6482
-0.00293218  0.000525614  4.62732
-0.00287289  0.000515357  4.60436
-0.0028086  0.000505635  4.56575
-0.00274393  0.000495765  4.5262
-0.00267304  0.000486843  4.46354
-0.00259534  0.000477941  4.38411
-0.00252692  0.000468442  4.32693
-0.00244433  0.00045892  4.23676
-0.0023719  0.000451193  4.14878
-0.00228925  0.000442517  4.04335
-0.00221713  0.000434058  3.95599
-0.00213727  0.000426288  3.84076
-0.00205311  0.000417651  3.71866
-0.00196278  0.000409688  3.57047
-0.00187632  0.000403391  3.41188
-0.00177376  0.000395565  3.22011
-0.00167699  0.000388028  3.03327
-0.00156213  0.000380621  2.79053
-0.00147235  0.000375571  2.58899
-0.00135849  0.000368667  2.32864
-0.00124177  0.000363273  2.04191
-0.00113197  0.000358053  1.76502
-0.00102528  0.000352597  1.48974
-0.000896059  0.000347263  1.14052
-0.000776583  0.000343279  0.80571
-0.000632319  0.000339163  0.390134
-0.000502543  0.000336009  0.00756805
-0.000336403  0.000333423  -0.49066
-0.000165333  0.00033242  -1.00676
