-0.00396973  0.00164794  2.10549
-0.00394304  0.00147962  2.32698
-0.0039197  0.00141296  2.42025
-0.00389659  0.0012809  2.65172
-0.0038659  0.00118792  2.83343
-0.00381294  0.00105286  3.14662
-0.00379018  0.00101667  3.23622
-0.00372824  0.000909566  3.54921
-0.003669  0.000871547  3.63606
-0.00360857  0.000782151  3.97439
-0.0035616  0.000737029  4.15397
-0.00349406  0.000684912  4.37145
-0.00340433  0.000639345  4.54266
-0.00331219  0.000594787  4.72806
-0.0032244  0.000575762  4.73182
-0.00314889  0.000557386  4.75234
-0.00310488  0.00054761  4.75681
-0.0030446  0.000536464  4.74328
-0.00298272  0.000526146  4.71869
-0.00293203  0.000516208  4.71134
-0.00288955  0.000507462  4.70884
-0.00280075  0.00049892  4.61146
-0.00274833  0.000486941  4.61726
-0.00268518  0.00047898  4.56215
-0.00261365  0.000469583  4.50113
-0.00255957  0.000460353  4.47388
-0.00246327  0.000453133  4.33265
-0.00240768  0.000442792  4.3083
-0.00234301  0.000435289  4.23399
-0.00223896  0.000424798  4.09362
-0.0021788  0.000418337  4.01302
-0.00209543  0.000410155  3.88983
-0.00201456  0.000401145  3.77559
-0.00192982  0.000392192  3.64572
-0.00183997  0.000386337  3.4684
-0.00178092  0.000379503  3.37526
-0.00165413  0.000371709  3.10494
-0.0015737  0.000366411  2.93031
-0.00146383  0.000358008  2.6922
-0.00136729  0.000351763  2.46556
-0.00126048  0.000347359  2.18933
-0.00116515  0.00034202  1.94476
-0.00104793  0.000335971  1.63089
-0.000933794  0.000331183  1.30983
-0.000798006  0.000326166  0.913664
-0.000645059  0.000321752  0.450842
-0.000533961  0.000318041  0.106781
-0.000357416  0.000317169  -0.449552
-0.000228523  0.00031479  -0.862408
-4.01814e-05  0.000313529  -1.46659
