-0.003971  0.00164852  2.10552
-0.00395422  0.00152612  2.2634
-0.00393503  0.00140295  2.44844
-0.00391566  0.00129693  2.63365
-0.00388992  0.00118439  2.86216
-0.0038603  0.00109889  3.05791
-0.00382067  0.00102502  3.23961
-0.00377151  0.000941933  3.47319
-0.00372367  0.00086958  3.70716
-0.00367701  0.00081535  3.8965
-0.00362301  0.000755205  4.13531
-0.00355741  0.000690373  4.42864
-0.0034955  0.000657384  4.5567
-0.00343072  0.000644906  4.54441
-0.00335317  0.000592701  4.81384
-0.00327318  0.000570702  4.85924
-0.00320807  0.000560764  4.82925
-0.00316151  0.000550384  4.83573
-0.00306998  0.000539644  4.76236
-0.00300957  0.000526753  4.76423
-0.00297702  0.000519345  4.76951
-0.00290076  0.000508475  4.72148
-0.00282188  0.000497051  4.67132
-0.0027538  0.000485221  4.64489
-0.00268082  0.000477273  4.56932
-0.00261525  0.000465745  4.54164
-0.00254832  0.000458886  4.46367
-0.00249562  0.00045218  4.41332
-0.00241116  0.000441864  4.32524
-0.00233983  0.000433102  4.24803
-0.0022677  0.000426422  4.14542
-0.0021453  0.000416354  3.95169
-0.00208586  0.000408202  3.88498
-0.00202715  0.000400044  3.81744
-0.0019184  0.000390738  3.63005
-0.00185569  0.000385196  3.51947
-0.00172742  0.000375717  3.26688
-0.00161335  0.00037024  3.0071
-0.00151036  0.000360359  2.80377
-0.00143289  0.000354781  2.62949
-0.0013033  0.000348953  2.30202
-0.00119157  0.000342386  2.01985
-0.00106366  0.000335819  1.67847
-0.000953444  0.000332705  1.3629
-0.000851495  0.000327524  1.07319
-0.000691014  0.000322307  0.592645
-0.000551562  0.000318964  0.161654
-0.00041225  0.000315411  -0.278207
-0.000325657  0.000313797  -0.555591
-6.54672e-05  0.000312317  -1.39132
