-0.003971  0.00164852  2.10552
-0.00395088  0.00150336  2.29544
-0.00393525  0.00140425  2.44631
-0.00391448  0.00129106  2.64472
-0.00388926  0.00118195  2.86753
-0.00385597  0.00108741  3.08621
-0.00381528  0.0010001  3.31496
-0.00377383  0.000923385  3.54547
-0.00372496  0.000854575  3.77376
-0.0036745  0.000783354  4.05244
-0.00362109  0.00072584  4.29997
-0.00355685  0.000685471  4.45948
-0.00350018  0.000670083  4.47732
-0.00342995  0.000619525  4.72936
-0.00342995  0.000619525  4.72936
-0.00325239  0.00058755  4.68452
-0.00319578  0.000578476  4.66014
-0.00315476  0.000566061  4.68989
-0.00310264  0.000555729  4.68329
-0.003048  0.000545484  4.67108
-0.00298801  0.000534753  4.65263
-0.00292705  0.000524388  4.62833
-0.0028653  0.000514492  4.59735
-0.00280387  0.00050485  4.56349
-0.00274564  0.00049599  4.52758
-0.00266569  0.000485519  4.46056
-0.00259478  0.000476772  4.39366
-0.0025175  0.00046898  4.30189
-0.00244097  0.000458845  4.23012
-0.00236364  0.000451006  4.13219
-0.00228556  0.00044195  4.04019
-0.00221041  0.000433307  3.94734
-0.00213143  0.00042522  3.83667
-0.00203049  0.000417819  3.66303
-0.00195092  0.0004092  3.54576
-0.00186227  0.000401414  3.39369
-0.00176925  0.000394574  3.21677
-0.00168314  0.000389273  3.03937
-0.00157339  0.000381641  2.81256
-0.00145783  0.000374218  2.55954
-0.00135653  0.000368751  2.32279
-0.00124109  0.000362674  2.04341
-0.00111777  0.000357347  1.72877
-0.0010069  0.0003518  1.44089
-0.000876848  0.000346945  1.08619
-0.000741282  0.00034211  0.705276
-0.000617898  0.000338635  0.348158
-0.000461615  0.000335137  -0.114534
-0.000433065  0.000334771  -0.199942
-0.00013706  0.00033237  -1.09198
