-0.00352488  0.000844703  3.581
-0.00318511  0.000555882  4.83036
-0.00314562  0.000547962  4.82811
-0.00310645  0.000540908  4.81866
-0.00306668  0.000533518  4.81087
-0.00302092  0.000526273  4.79013
-0.00297978  0.000518558  4.78207
-0.00293466  0.00051142  4.76059
-0.00289402  0.000504745  4.74302
-0.00284986  0.000497357  4.72468
-0.00280101  0.000490844  4.68786
-0.00275592  0.000483749  4.6634
-0.00270835  0.000477002  4.62965
-0.00266219  0.000469466  4.60563
-0.00260974  0.000462516  4.56145
-0.0025699  0.00045675  4.53179
-0.00251538  0.00045016  4.47704
-0.00246079  0.000443446  4.42171
-0.00241048  0.0004364  4.37782
-0.00236362  0.000430714  4.32683
-0.00230769  0.00042442  4.25921
-0.0022477  0.000418522  4.17589
-0.00218972  0.000411847  4.10278
-0.00212854  0.000406274  4.00847
-0.0020688  0.000400008  3.92191
-0.00200952  0.000394763  3.82386
-0.00194749  0.000388362  3.72716
-0.00187805  0.000384031  3.58838
-0.0018083  0.000378715  3.45459
-0.00174169  0.000373539  3.32412
-0.00168151  0.000368413  3.20701
-0.00160728  0.000363318  3.04769
-0.00153279  0.000358555  2.88042
-0.00145874  0.000354134  2.70729
-0.00138539  0.000349712  2.53178
-0.00130629  0.000345082  2.33651
-0.00122712  0.000340878  2.13309
-0.00114186  0.000336963  1.90483
-0.00108035  0.00033294  1.74309
-0.000976105  0.000329321  1.44572
-0.000891726  0.000325755  1.20252
-0.000804598  0.000322368  0.944879
-0.000710393  0.000319235  0.659053
-0.000606775  0.000317182  0.336635
-0.00050407  0.00031416  0.0129549
-0.00040933  0.000311559  -0.291018
-0.00029099  0.00031022  -0.673747
-0.000214003  0.000308694  -0.926473
-5.46745e-05  0.000308072  -1.44553
-5.46745e-05  0.000308072  -1.44553
