-0.003971  0.00164852  2.10552
-0.0039519  0.00151533  2.27798
-0.00393303  0.00140255  2.44771
-0.00391417  0.00130491  2.6164
-0.00388179  0.00119487  2.83026
-0.00384742  0.00109631  3.05335
-0.00381124  0.00101962  3.24753
-0.00376945  0.000934746  3.49769
-0.00371813  0.000858333  3.74927
-0.0036456  0.000797225  3.94569
-0.00359033  0.000735513  4.20159
-0.00354352  0.000679378  4.47986
-0.00347073  0.000643461  4.61679
-0.00339892  0.000611443  4.74111
-0.00332215  0.000582282  4.84671
-0.00319379  0.000553077  4.87055
-0.00313705  0.000546598  4.82448
-0.0030537  0.00053276  4.79333
-0.00299435  0.000522191  4.77671
-0.00289262  0.000517865  4.62016
-0.00287368  0.000502625  4.72257
-0.00282084  0.000495595  4.68294
-0.00271629  0.000480174  4.6156
-0.00268686  0.000476358  4.5908
-0.00263251  0.000467093  4.5655
-0.0026007  0.000463186  4.53533
-0.00252486  0.000452835  4.47151
-0.00245298  0.000443558  4.40298
-0.00232004  0.000429296  4.23959
-0.00227166  0.000424231  4.17616
-0.00215766  0.000414588  3.99834
-0.00212043  0.00040864  3.96543
-0.00200273  0.000398734  3.76876
-0.00195502  0.000391745  3.71421
-0.00187527  0.000385444  3.56802
-0.00176435  0.000376017  3.36248
-0.00168651  0.000370077  3.20613
-0.00154859  0.000360787  2.9064
-0.00149968  0.000357314  2.79776
-0.00137989  0.000350189  2.51262
-0.00124507  0.000344107  2.16523
-0.00115953  0.00033864  1.94757
-0.00103653  0.000333093  1.61074
-0.000916024  0.00032824  1.26744
-0.000804237  0.00032363  0.940077
-0.000640574  0.000318947  0.440744
-0.000513037  0.00031517  0.0413636
-0.000408692  0.000312617  -0.292075
-0.000208578  0.00031068  -0.938013
-7.84146e-06  0.00030964  -1.58946
