-0.003971  0.00164852  2.10552
-0.00395463  0.00152894  2.2595
-0.00393648  0.00141165  2.43437
-0.00391638  0.00130109  2.62578
-0.00389193  0.00119284  2.84357
-0.00386058  0.00109599  3.06625
-0.0038198  0.00101645  3.26607
-0.0037745  0.00093549  3.50031
-0.00372754  0.000859227  3.75633
-0.00367356  0.00080217  3.95621
-0.00361856  0.000742449  4.20038
-0.00355898  0.000697834  4.38353
-0.00348849  0.000654442  4.56648
-0.00341824  0.000620985  4.69937
-0.00334046  0.000595749  4.76788
-0.00325534  0.000572117  4.81605
-0.00319654  0.000559491  4.81964
-0.00314056  0.00054846  4.8145
-0.00309075  0.000538759  4.80874
-0.00302986  0.000528086  4.79062
-0.00296002  0.000517475  4.75389
-0.00290127  0.000507219  4.73419
-0.00283705  0.000496897  4.7033
-0.00276978  0.000486976  4.66096
-0.00270029  0.000476515  4.61747
-0.00262931  0.000467017  4.55938
-0.00255779  0.000457031  4.50252
-0.00248402  0.00044851  4.42358
-0.00240462  0.000438785  4.34066
-0.00232951  0.000430374  4.25097
-0.00225272  0.000421178  4.16146
-0.00216998  0.000412586  4.04758
-0.00208271  0.000403463  3.9228
-0.00199753  0.000395431  3.78708
-0.0019116  0.000386834  3.6491
-0.0018098  0.00037937  3.45257
-0.00171032  0.000372488  3.2493
-0.00161331  0.000363957  3.0589
-0.00152741  0.000358425  2.86647
-0.001409  0.000351396  2.58682
-0.00129551  0.000345422  2.30302
-0.00119211  0.000338573  2.04421
-0.00105277  0.000332305  1.66344
-0.000940408  0.000326813  1.34759
-0.000811144  0.000322554  0.964625
-0.00068508  0.000318528  0.581046
-0.000541285  0.000315314  0.130933
-0.000378697  0.000311792  -0.389049
-0.000215358  0.00030929  -0.920306
-4.51183e-05  0.000308087  -1.47647
