-0.003971  0.00164852  2.10552
-0.00395488  0.00153369  2.25265
-0.00393733  0.0014179  2.42424
-0.00391856  0.00131225  2.60511
-0.00389557  0.00120757  2.81189
-0.00386642  0.00111172  3.02812
-0.0038266  0.00103422  3.21654
-0.00378665  0.000951367  3.45466
-0.00373498  0.000882677  3.66496
-0.00368911  0.000810384  3.93531
-0.00362683  0.000757742  4.12651
-0.00357154  0.000700224  4.38652
-0.00350604  0.000662416  4.538
-0.00343621  0.000620978  4.72837
-0.00335017  0.00058808  4.84658
-0.00329215  0.00057542  4.85236
-0.00318372  0.00055161  4.86525
-0.00312104  0.000540471  4.84954
-0.00306218  0.000531456  4.82107
-0.00299634  0.000522129  4.78107
-0.00294335  0.00051263  4.7663
-0.00287456  0.000501539  4.73454
-0.00280916  0.000492245  4.69107
-0.002736  0.000482851  4.63083
-0.00267343  0.000473886  4.58639
-0.00260852  0.00046452  4.53915
-0.00253251  0.00045505  4.46656
-0.00246237  0.000446027  4.39967
-0.00239747  0.00043622  4.3498
-0.00231022  0.000426531  4.24404
-0.00223206  0.000419163  4.1322
-0.00216609  0.000410027  4.06336
-0.00207849  0.00040318  3.91509
-0.00199366  0.000394417  3.787
-0.00191256  0.00038638  3.65588
-0.00181257  0.000379399  3.4596
-0.00171194  0.000370675  3.26954
-0.00162113  0.000364856  3.07281
-0.00151511  0.000357426  2.84005
-0.00140617  0.000350089  2.5884
-0.00131775  0.000345457  2.36715
-0.00118276  0.000339295  2.01229
-0.0010832  0.000333085  1.75092
-0.000974611  0.000328294  1.44569
-0.000856893  0.000323751  1.10237
-0.000703104  0.000318504  0.637683
-0.000579403  0.000315016  0.252062
-0.000418937  0.000311655  -0.260105
-0.00026191  0.0003095  -0.769272
-8.21314e-05  0.000308102  -1.35627
