-0.003971  0.00164852  2.10552
-0.00395353  0.00152966  2.25771
-0.00393441  0.00141361  2.42954
-0.00391002  0.00130099  2.62111
-0.00388456  0.0011953  2.83157
-0.00385061  0.00109777  3.05218
-0.00381082  0.00101133  3.27373
-0.00376699  0.00093438  3.49642
-0.00371559  0.000854215  3.76438
-0.00366712  0.000785545  4.03174
-0.00360621  0.000729236  4.25954
-0.00354253  0.00067587  4.50165
-0.00347068  0.000636334  4.66843
-0.00339319  0.00060527  4.77999
-0.00330802  0.000581822  4.82625
-0.00322085  0.000560712  4.8525
-0.00316396  0.000549664  4.84653
-0.00310474  0.000538961  4.83289
-0.00304893  0.000529268  4.81596
-0.00298201  0.0005183  4.78875
-0.00292067  0.000509584  4.75029
-0.0028609  0.000499158  4.72976
-0.00279584  0.000489712  4.68814
-0.00273014  0.000479162  4.65426
-0.00266508  0.000470784  4.59888
-0.00259576  0.000461412  4.54207
-0.00252633  0.000451329  4.48971
-0.00245698  0.000442968  4.41789
-0.00237701  0.000433485  4.33004
-0.00230241  0.000424777  4.2432
-0.00222175  0.000416564  4.13322
-0.00213388  0.00040782  4.00637
-0.00204926  0.000399722  3.87583
-0.00196524  0.000391392  3.74367
-0.00187405  0.000383792  3.58021
-0.00178847  0.000376889  3.4187
-0.00167808  0.000369511  3.18822
-0.00158772  0.000362901  2.9973
-0.00148168  0.000355877  2.75849
-0.00137906  0.000348861  2.51979
-0.00126042  0.000343599  2.2131
-0.00114381  0.000337354  1.9084
-0.00103005  0.00033197  1.59669
-0.000909647  0.000327092  1.25239
-0.000767423  0.000321748  0.831156
-0.000647581  0.000318879  0.462813
-0.000507904  0.000314713  0.0251152
-0.000361612  0.000312256  -0.443189
-0.000192681  0.000309795  -0.992007
1.30295e-05  0.000309068  -1.65993
