-0.003971  0.00164852  2.10552
-0.00395258  0.0015149  2.27909
-0.0039369  0.00141419  2.43029
-0.00391633  0.00130026  2.62741
-0.00389221  0.00119308  2.84324
-0.00386014  0.00109771  3.06104
-0.00382063  0.00101211  3.28089
-0.0037719  0.000942401  3.47187
-0.00372176  0.000875582  3.67957
-0.0036797  0.000792293  4.01329
-0.0036228  0.000732892  4.26093
-0.00357005  0.0006843  4.48641
-0.0034927  0.000641406  4.66584
-0.00340644  0.000622749  4.66711
-0.00332918  0.000595884  4.74786
-0.00324363  0.000577231  4.75309
-0.00317579  0.000568053  4.71047
-0.00310475  0.00055631  4.68219
-0.00306083  0.000548374  4.66986
-0.00300328  0.000537654  4.65593
-0.00294714  0.000527699  4.63737
-0.00289174  0.000518484  4.61294
-0.00282709  0.000508541  4.57601
-0.00276278  0.000498386  4.54022
-0.00270326  0.000490392  4.49286
-0.00262219  0.000479996  4.42127
-0.002553  0.000472316  4.34667
-0.0024722  0.000462232  4.26669
-0.0024126  0.000455442  4.19943
-0.0023305  0.000446738  4.09748
-0.00225531  0.000438873  3.9996
-0.00216628  0.000429306  3.88134
-0.00211311  0.000423332  3.81051
-0.00200246  0.000413897  3.63002
-0.00193275  0.000407163  3.51886
-0.0018399  0.000399967  3.35003
-0.00175031  0.000393656  3.17615
-0.00162826  0.000385524  2.92656
-0.00155664  0.000380494  2.77702
-0.00142202  0.000372583  2.47467
-0.00132675  0.000367766  2.24803
-0.00122808  0.000362041  2.01103
-0.00111756  0.000357186  1.72897
-0.00100689  0.000351944  1.44027
-0.000863644  0.000346529  1.04939
-0.000818139  0.000344377  0.923812
-0.000600317  0.000337994  0.2968
-0.000569594  0.000337279  0.206341
-0.000316786  0.000333239  -0.549798
-0.000143938  0.000332374  -1.07127
