-0.003971  0.00164852  2.10552
-0.00395322  0.00152031  2.2714
-0.00393323  0.00140344  2.44631
-0.00390762  0.00127888  2.66453
-0.00388308  0.00118641  2.85154
-0.00384876  0.00110415  3.03289
-0.00381072  0.00102847  3.21907
-0.00377118  0.000943134  3.46842
-0.0037218  0.000867921  3.71208
-0.00366211  0.000797389  3.96558
-0.00360421  0.000742604  4.18016
-0.00354744  0.000697384  4.36981
-0.0034683  0.000655882  4.52567
-0.00339541  0.000619014  4.67745
-0.00332965  0.000586779  4.82234
-0.00323658  0.000564341  4.84916
-0.00318195  0.000554134  4.83989
-0.0031182  0.000542081  4.82991
-0.0030625  0.000533782  4.80065
-0.00300224  0.000521931  4.7942
-0.00293206  0.000512834  4.74238
-0.00288386  0.000502666  4.74242
-0.0028213  0.000493926  4.69969
-0.00273527  0.000481944  4.63802
-0.00268345  0.000475059  4.59617
-0.00260745  0.00046415  4.54045
-0.00253792  0.000454379  4.48506
-0.00247031  0.000444887  4.42879
-0.00238436  0.000436145  4.32049
-0.00231491  0.000429303  4.22758
-0.00223169  0.000420899  4.11425
-0.00215756  0.000412394  4.01936
-0.00206312  0.000402736  3.88124
-0.00198279  0.000395591  3.7483
-0.00189112  0.00038632  3.60096
-0.00181556  0.000381376  3.44952
-0.00170835  0.000371882  3.24928
-0.00159503  0.000363552  3.01204
-0.00150844  0.000357048  2.82437
-0.00139514  0.000352252  2.54118
-0.00130708  0.000346646  2.32827
-0.00119229  0.000338778  2.0435
-0.00108593  0.000334095  1.75379
-0.000964315  0.000328929  1.4116
-0.000834777  0.000324473  1.03176
-0.000718635  0.000319747  0.683776
-0.000572699  0.000316666  0.229578
-0.000439439  0.000313732  -0.193035
-0.000290149  0.000310001  -0.676938
-0.000116053  0.000307996  -1.2466
