-0.003971  0.00164852  2.10552
-0.00394968  0.00149532  2.30699
-0.00393659  0.0014123  2.43333
-0.00390685  0.00125477  2.71512
-0.00389582  0.00120732  2.8127
-0.00386632  0.00111586  3.01679
-0.00382305  0.00104342  3.18476
-0.00378605  0.000972401  3.37932
-0.0037399  0.000902458  3.59008
-0.00369455  0.000839344  3.80601
-0.00365919  0.000768609  4.11027
-0.00359478  0.000722265  4.28482
-0.00354078  0.000672508  4.52155
-0.00347508  0.000638547  4.65914
-0.0034496  0.000626757  4.70613
-0.00332908  0.000595876  4.74776
-0.00325106  0.000585602  4.69783
-0.00320181  0.000575532  4.69445
-0.00314273  0.000563727  4.68797
-0.00308772  0.000552239  4.68587
-0.00303473  0.00054325  4.66587
-0.0029758  0.00053278  4.64694
-0.00290268  0.000519538  4.62464
-0.00282514  0.000508739  4.5704
-0.00278407  0.000502689  4.54371
-0.00271731  0.000492729  4.50006
-0.00264317  0.000483515  4.43247
-0.00257335  0.000473928  4.37482
-0.00249506  0.000464856  4.29178
-0.00241658  0.000456672  4.19684
-0.00233523  0.000447247  4.10339
-0.00223994  0.000438322  3.96954
-0.00217266  0.000430204  3.88805
-0.00209888  0.000422542  3.78396
-0.00199796  0.000413488  3.62273
-0.00191542  0.000406361  3.48316
-0.00181465  0.000398725  3.29713
-0.00172204  0.000391334  3.12275
-0.00162991  0.000384818  2.93622
-0.00151847  0.000377859  2.69538
-0.00140656  0.000371475  2.44044
-0.00130301  0.000366008  2.19397
-0.0011887  0.000360213  1.91194
-0.00106248  0.000354435  1.58698
-0.000915716  0.000348277  1.19363
-0.00081642  0.000344331  0.918941
-0.000684354  0.000340229  0.541853
-0.00053993  0.000336766  0.11857
-0.000397202  0.000334152  -0.307638
-0.000221759  0.000332683  -0.836354
