-0.010865  0.0047755  2.17045
-0.0107808  0.00461708  2.22669
-0.0106974  0.00446398  2.28436
-0.0106106  0.0043116  2.34498
-0.0105219  0.00416119  2.40842
-0.0104289  0.00401096  2.47544
-0.0103339  0.00386375  2.54516
-0.0102423  0.00372807  2.61322
-0.0101452  0.00358872  2.68766
-0.0100456  0.00345514  2.76272
-0.00992776  0.00330757  2.85036
-0.00982315  0.00317341  2.9379
-0.0097137  0.00304924  3.02164
-0.00959247  0.00290431  3.13068
-0.00947615  0.00276998  3.24051
-0.00936892  0.00265722  3.33767
-0.00924896  0.00253549  3.4506
-0.00914159  0.00242627  3.56168
-0.00897671  0.00226733  3.73862
-0.00884526  0.00215205  3.87782
-0.00871042  0.00203843  4.02782
-0.00859078  0.00194556  4.15858
-0.00842538  0.00185647  4.26905
-0.00829503  0.0017351  4.49255
-0.00814965  0.00164466  4.65122
-0.0079948  0.00155592  4.81695
-0.00784923  0.00146057  5.03175
-0.00764565  0.00137151  5.21006
-0.00749393  0.00130299  5.3676
-0.00728743  0.00120523  5.63166
-0.0071111  0.00114425  5.77769
-0.00691387  0.00108749  5.89785
-0.00670117  0.00102648  6.04121
-0.00654833  0.000990998  6.10327
-0.00629374  0.00093989  6.16427
-0.0060152  0.000875885  6.29672
-0.00580717  0.000835759  6.35012
-0.0056703  0.000814647  6.34668
-0.00549254  0.000791841  6.30498
-0.00543234  0.000781913  6.30805
-0.00529018  0.000763421  6.27462
-0.00506954  0.000741558  6.16208
-0.00484949  0.000721074  6.03195
-0.00461395  0.00070324  5.85
-0.00450728  0.000697147  5.74812
-0.00417688  0.000678195  5.42157
-0.00393912  0.000667915  5.14904
-0.00366893  0.000659881  4.80228
-0.00338567  0.000652448  4.42283
-0.00299201  0.000646479  3.85474
