-0.00386411  0.00110407  3.04699
-0.00382159  0.00101282  3.27955
-0.00367976  0.000788119  4.03461
-0.00367501  0.000787837  4.03004
-0.00363917  0.00074682  4.20338
-0.00345064  0.000658507  4.48081
-0.00334533  0.000599124  4.74915
-0.00328001  0.00059208  4.69533
-0.00324075  0.000583023  4.70093
-0.00319802  0.000574179  4.69891
-0.00315331  0.000565663  4.69062
-0.00311215  0.000557723  4.68359
-0.00305913  0.000549336  4.6586
-0.00299745  0.000540671  4.61916
-0.0029637  0.000531638  4.63417
-0.00291821  0.000522843  4.62511
-0.0028681  0.000514855  4.59954
-0.00281641  0.00050649  4.57345
-0.00276349  0.000498491  4.54069
-0.00269878  0.000491738  4.47144
-0.00264562  0.000483248  4.43999
-0.00258282  0.000476274  4.37316
-0.00252065  0.000469367  4.30505
-0.0024599  0.000460658  4.25457
-0.00239022  0.000454006  4.16343
-0.00233468  0.000447373  4.10101
-0.00227281  0.000440286  4.0265
-0.00220684  0.000433401  3.93825
-0.00214188  0.000426306  3.85141
-0.00207098  0.00041977  3.74248
-0.00200004  0.000413114  3.63107
-0.00192873  0.000406945  3.51087
-0.00184737  0.00040109  3.35928
-0.00177521  0.000394977  3.22858
-0.00169249  0.000389124  3.06455
-0.00159373  0.000383289  2.85355
-0.0015337  0.000378794  2.72894
-0.00144108  0.00037324  2.52138
-0.00134126  0.000368813  2.28098
-0.00126425  0.000364086  2.0991
-0.00116227  0.000359252  1.84347
-0.00106907  0.000354894  1.6035
-0.000975569  0.000351132  1.35439
-0.000871727  0.00034628  1.07349
-0.000764011  0.000342676  0.77044
-0.000672533  0.000340009  0.507436
-0.00054408  0.000337314  0.13068
-0.000417273  0.00033444  -0.247361
-0.000287973  0.000332977  -0.636762
-0.000143264  0.000332453  -1.07304
