-0.010865  0.0047755  2.17045
-0.0107793  0.00461409  2.2278
-0.0106918  0.00445485  2.28781
-0.010598  0.00429035  2.35364
-0.0105106  0.00414285  2.41635
-0.0104155  0.00398995  2.48511
-0.0103152  0.00383426  2.55988
-0.0102142  0.00368721  2.63457
-0.0101123  0.00354472  2.71171
-0.0100021  0.00340476  2.79083
-0.00989261  0.00325965  2.88148
-0.00977686  0.00311803  2.97523
-0.00965526  0.00297741  3.0749
-0.00954302  0.00284633  3.17708
-0.00942339  0.00271618  3.28527
-0.00929906  0.00258824  3.39964
-0.00916605  0.00245393  3.5315
-0.00903984  0.00233488  3.6575
-0.00889953  0.00220751  3.80497
-0.00877067  0.00209122  3.95496
-0.008625  0.0019746  4.11476
-0.00847237  0.00186197  4.28168
-0.00832121  0.00175715  4.45107
-0.0081722  0.00165402  4.63852
-0.00800678  0.00155457  4.82885
-0.0078222  0.00145941  5.01723
-0.00765039  0.00136534  5.23709
-0.007468  0.00128391  5.42717
-0.00727168  0.00120029  5.64169
-0.00706489  0.00113236  5.79755
-0.00686017  0.00107517  5.91548
-0.00663559  0.00101452  6.04775
-0.00641101  0.000959327  6.16162
-0.00618277  0.000908723  6.25357
-0.00594936  0.000865534  6.29595
-0.00570827  0.000820397  6.34847
-0.00557109  0.000800704  6.33329
-0.00545692  0.000785308  6.31207
-0.00532826  0.000768935  6.27916
-0.00516687  0.000750345  6.21963
-0.00498536  0.000737762  6.07969
-0.00482971  0.000720462  6.00963
-0.0046513  0.000706311  5.87744
-0.00445463  0.000693453  5.70281
-0.00424943  0.00068127  5.50358
-0.00399522  0.00067054  5.21254
-0.0037546  0.000661251  4.92188
-0.00346643  0.000653443  4.53969
-0.00316537  0.000646538  4.12252
-0.00278956  0.000643958  3.55545
