-0.003971  0.00164852  2.10552
-0.00395388  0.00152375  2.26669
-0.0039327  0.00139969  2.45247
-0.00391114  0.00129891  2.62615
-0.0038848  0.00119308  2.83703
-0.00384979  0.0010987  3.04888
-0.00380585  0.00101472  3.2579
-0.00375936  0.00093942  3.46954
-0.00371344  0.000861801  3.72875
-0.0036591  0.000799975  3.949
-0.00359841  0.000738267  4.19688
-0.00353386  0.00068899  4.40334
-0.00346688  0.000651977  4.55058
-0.00339236  0.000609874  4.74256
-0.00331027  0.000583469  4.81649
-0.00322145  0.000561527  4.84651
-0.0031628  0.000550489  4.83716
-0.0031125  0.000540465  4.8338
-0.00304737  0.00052953  4.81063
-0.0029851  0.000520857  4.77117
-0.00292629  0.000510586  4.75198
-0.00286104  0.00049968  4.7251
-0.00279605  0.000491398  4.67249
-0.00273663  0.000481702  4.64317
-0.00266725  0.000472208  4.58962
-0.00259673  0.000461926  4.53909
-0.00252915  0.000453453  4.47488
-0.00245714  0.000443947  4.4085
-0.00238031  0.00043557  4.3169
-0.00230248  0.000426284  4.22836
-0.00222328  0.000417938  4.1233
-0.00214377  0.000409933  4.00985
-0.00205657  0.000401879  3.87322
-0.00196674  0.000393881  3.72381
-0.00187864  0.00038541  3.57708
-0.00179307  0.000378311  3.41801
-0.00169831  0.000370866  3.23111
-0.00160075  0.000363923  3.02468
-0.00149303  0.00035692  2.78222
-0.0013944  0.000350484  2.5519
-0.00128647  0.000344572  2.28246
-0.00117167  0.000338802  1.98247
-0.00105081  0.000332442  1.65687
-0.000952178  0.000328172  1.37787
-0.000815746  0.000323055  0.977375
-0.000667268  0.000319197  0.524027
-0.000531514  0.00031549  0.0998902
-0.000392204  0.000312437  -0.345016
-0.000218792  0.000310509  -0.905635
-4.35839e-05  0.000309231  -1.47597
