-0.010865  0.0047755  2.17045
-0.0107783  0.00461442  2.22743
-0.0106869  0.00444709  2.29069
-0.0105997  0.00429731  2.35023
-0.0105107  0.0041443  2.41553
-0.0104152  0.00398947  2.48534
-0.0103189  0.00384063  2.55658
-0.0102143  0.00368661  2.63501
-0.0101093  0.00354194  2.71301
-0.00999769  0.00339882  2.79441
-0.00988539  0.00325897  2.87986
-0.00977472  0.003119  2.97362
-0.00966218  0.00298391  3.07053
-0.00954022  0.00284259  3.18027
-0.00941888  0.00271302  3.28744
-0.00929232  0.00257749  3.41119
-0.00916513  0.00245309  3.53233
-0.00903477  0.00232446  3.67171
-0.00889468  0.00220546  3.80631
-0.00875652  0.00208236  3.96498
-0.00861533  0.00196626  4.12729
-0.00846492  0.00185561  4.29235
-0.00830744  0.00175285  4.45413
-0.0081482  0.00164234  4.65689
-0.00797847  0.00154425  4.84279
-0.00780737  0.0014543  5.02466
-0.00762534  0.00136294  5.22791
-0.00743678  0.00127534  5.43917
-0.00725611  0.00120128  5.62408
-0.00704627  0.00112962  5.79508
-0.00682914  0.00106794  5.92649
-0.00661182  0.00101183  6.04033
-0.00638293  0.000955625  6.15611
-0.00615293  0.000905234  6.24472
-0.00591545  0.000857903  6.31243
-0.0056693  0.000817333  6.3246
-0.00554205  0.000799684  6.30506
-0.00541754  0.000783067  6.27985
-0.00528169  0.000765619  6.24552
-0.00513468  0.000749128  6.18676
-0.00497888  0.000734369  6.09895
-0.0048098  0.000721259  5.97538
-0.00463938  0.000706717  5.85719
-0.00445085  0.000694341  5.69007
-0.00423687  0.000681806  5.48084
-0.00400747  0.000671744  5.22144
-0.00377075  0.000662153  4.93956
-0.00348783  0.00065391  4.56917
-0.00315235  0.000648381  4.09072
-0.00280905  0.000644627  3.582
