-0.010865  0.0047755  2.17045
-0.0107789  0.00461499  2.22728
-0.0106862  0.00444423  2.29201
-0.0106016  0.00429944  2.34952
-0.0105101  0.00414458  2.41522
-0.0104101  0.00398208  2.48867
-0.0103203  0.00384385  2.5548
-0.0102105  0.00368251  2.63694
-0.0101057  0.0035368  2.71593
-0.00999925  0.0033972  2.7962
-0.00989271  0.00326577  2.87611
-0.00978889  0.00313536  2.96262
-0.00966767  0.00300513  3.05068
-0.00956004  0.0028741  3.1523
-0.00941818  0.0027161  3.28344
-0.00929523  0.00259402  3.39059
-0.00915802  0.00245453  3.52736
-0.00907149  0.0023602  3.63168
-0.00892337  0.00223168  3.77445
-0.00878471  0.00211211  3.92248
-0.00867064  0.00202966  4.02561
-0.00848012  0.00189095  4.22018
-0.0083095  0.00174964  4.46349
-0.00819062  0.00167274  4.59763
-0.00800537  0.00156522  4.79509
-0.00784355  0.00146791  5.00273
-0.00767322  0.00137984  5.1986
-0.00753599  0.00131487  5.35109
-0.00735929  0.00124586  5.50566
-0.00711086  0.00115474  5.72497
-0.00691409  0.00109691  5.84742
-0.0067016  0.00103361  5.99993
-0.00649319  0.000984041  6.09039
-0.00625451  0.000928857  6.19527
-0.00602286  0.00087871  6.2852
-0.00578955  0.000835358  6.33208
-0.00569075  0.000820142  6.32909
-0.00552381  0.000798684  6.29011
-0.00533481  0.000782358  6.17979
-0.00520032  0.000764174  6.15086
-0.00509079  0.000748309  6.13489
-0.00488193  0.000728498  6.01502
-0.00462634  0.000709508  5.81578
-0.00448308  0.000699567  5.69363
-0.00426957  0.000685428  5.49958
-0.00397362  0.000670188  5.18306
-0.00377547  0.000662373  4.94504
-0.00346343  0.000651722  4.54709
-0.00315815  0.000647046  4.10812
-0.00278689  0.000643051  3.55632
