-0.003971  0.00164852  2.10552
-0.00395388  0.00152375  2.26669
-0.00393454  0.00141003  2.4358
-0.00391619  0.00131423  2.59938
-0.00388181  0.00118682  2.84948
-0.00386152  0.00112555  2.98656
-0.00381825  0.00104064  3.18866
-0.00378481  0.000972186  3.37878
-0.00373321  0.000885248  3.65232
-0.00367075  0.00082616  3.83794
-0.00361433  0.000771459  4.03693
-0.00356137  0.000710791  4.30698
-0.00351806  0.000681553  4.42822
-0.00340129  0.000624023  4.64933
-0.00333464  0.000597019  4.74799
-0.00325503  0.000573435  4.80443
-0.00316339  0.000550936  4.8343
-0.00308905  0.000538632  4.80672
-0.00303546  0.000530964  4.77519
-0.00294291  0.000513473  4.75762
-0.00294291  0.000513473  4.75762
-0.00285932  0.000502379  4.69629
-0.00280711  0.000493086  4.67892
-0.00271478  0.000480348  4.61079
-0.00259109  0.000460451  4.5414
-0.00259109  0.000460451  4.5414
-0.00249828  0.000456813  4.37439
-0.0024397  0.000444369  4.36508
-0.00236425  0.000436401  4.27187
-0.00236224  0.000433522  4.29561
-0.00224246  0.000420815  4.14067
-0.00213907  0.000411705  3.98117
-0.00208347  0.000405005  3.90975
-0.00197332  0.000399565  3.68733
-0.00190089  0.00038916  3.59979
-0.00185177  0.000384831  3.51264
-0.00172977  0.000374904  3.28023
-0.00164796  0.000367966  3.11974
-0.0015228  0.000361425  2.82991
-0.00142595  0.000354893  2.60911
-0.00135501  0.000349867  2.44382
-0.00125025  0.000343662  2.1831
-0.00112444  0.000337221  1.85172
-0.00100962  0.000331866  1.53563
-0.000901678  0.000327416  1.22681
-0.000745916  0.00032186  0.764046
-0.000624675  0.000317889  0.392197
-0.000461009  0.000315208  -0.123699
-0.000320473  0.00031318  -0.573238
-0.000130474  0.000312224  -1.18353
