-0.003971  0.00164852  2.10552
-0.00395367  0.00152959  2.25791
-0.00393506  0.00141733  2.42361
-0.00391583  0.00132445  2.57905
-0.00388504  0.00119464  2.83352
-0.00386296  0.00111308  3.02131
-0.00381886  0.00102753  3.22995
-0.00378322  0.000971114  3.38089
-0.00371698  0.000895215  3.59352
-0.00367531  0.000826941  3.83983
-0.00363469  0.000766069  4.09191
-0.00356223  0.000710267  4.31137
-0.00351246  0.000673272  4.47436
-0.00340437  0.000617782  4.70129
-0.0033433  0.000601567  4.7265
-0.00329506  0.000581993  4.80257
-0.0031616  0.000550322  4.83644
-0.00310401  0.000540145  4.82096
-0.00301006  0.000525396  4.77746
-0.00299649  0.000520902  4.79263
-0.00291596  0.000508007  4.75577
-0.00287344  0.000502892  4.71959
-0.00281309  0.000492814  4.69363
-0.0027383  0.000484474  4.62006
-0.00267596  0.000475011  4.58086
-0.00257283  0.000467673  4.43222
-0.00254823  0.000458578  4.46648
-0.00248164  0.000447859  4.42469
-0.00239021  0.000438893  4.30676
-0.00232002  0.000429537  4.23716
-0.00224027  0.000421662  4.12718
-0.00215832  0.000414949  3.99644
-0.00209098  0.000405688  3.92167
-0.00200298  0.000397851  3.77774
-0.00192444  0.00039022  3.65036
-0.00182953  0.000383103  3.47042
-0.00174826  0.000377282  3.30857
-0.00164293  0.000371545  3.07615
-0.0015772  0.000364729  2.95342
-0.00142856  0.000355002  2.61565
-0.00136643  0.000351215  2.46694
-0.00123934  0.000343762  2.15075
-0.0011246  0.000338641  1.84441
-0.000994717  0.000332544  1.48767
-0.00090197  0.000329424  1.22022
-0.000761495  0.000325279  0.803911
-0.000546926  0.000321461  0.145977
-0.000471677  0.00031881  -0.0888383
-0.000293751  0.000314305  -0.656206
-0.00012738  0.000313335  -1.1892
