-0.003971  0.00164852  2.10552
-0.00395326  0.00151954  2.27258
-0.00393591  0.00140821  2.43992
-0.00391456  0.00129147  2.64394
-0.00388974  0.00118372  2.86364
-0.00385664  0.00108783  3.08562
-0.00381756  0.00100593  3.298
-0.00377149  0.00092892  3.52182
-0.00372343  0.000860282  3.74695
-0.00367108  0.000796557  3.98098
-0.00362126  0.000725117  4.30449
-0.00356248  0.000679326  4.50812
-0.00349401  0.000642175  4.66231
-0.00344302  0.000624025  4.71619
-0.00333989  0.000597944  4.74943
-0.00326448  0.000588735  4.69562
-0.00321772  0.000578553  4.69744
-0.00315464  0.00056639  4.68695
-0.0031076  0.000556539  4.68538
-0.00305029  0.000545902  4.67169
-0.00298834  0.000535915  4.64316
-0.00293088  0.000525256  4.62799
-0.00287341  0.000515466  4.6044
-0.00281133  0.00050611  4.56686
-0.00274789  0.000496364  4.52871
-0.00267809  0.000487075  4.47177
-0.00259884  0.000477554  4.39497
-0.00252951  0.000468765  4.32949
-0.00245163  0.000459869  4.24388
-0.00237423  0.000451385  4.15218
-0.00229364  0.000442808  4.05061
-0.0022157  0.000434321  3.95029
-0.00213168  0.000426258  3.82792
-0.00204508  0.000416907  3.70605
-0.00196036  0.000409738  3.56414
-0.00187464  0.000402539  3.41492
-0.0017787  0.000395118  3.23625
-0.00166928  0.000387956  3.01396
-0.00158418  0.000382013  2.83806
-0.0014752  0.00037539  2.59783
-0.0013649  0.000368983  2.34402
-0.00126078  0.000363637  2.09213
-0.00114005  0.000358173  1.78699
-0.00102446  0.000352749  1.48677
-0.00091147  0.000347975  1.18247
-0.000776935  0.000343105  0.807143
-0.000643714  0.000339223  0.423657
-0.000513034  0.000336072  0.0387821
-0.00036852  0.000333829  -0.393853
-0.000181909  0.000332438  -0.956843
