-0.003971  0.00164852  2.10552
-0.00395326  0.00151949  2.27264
-0.00393277  0.00138964  2.47025
-0.00391225  0.00128014  2.66552
-0.00388503  0.00116669  2.90139
-0.00385027  0.00107607  3.11341
-0.00380363  0.000988048  3.3436
-0.0037576  0.000900795  3.61636
-0.00370522  0.000832401  3.85057
-0.00365208  0.000768225  4.10306
-0.00358797  0.000704919  4.3806
-0.00352445  0.000666957  4.5347
-0.00342158  0.000628476  4.64868
-0.00336125  0.000602139  4.75181
-0.00325333  0.000570371  4.82727
-0.00319904  0.000562011  4.80248
-0.00314634  0.000549732  4.81387
-0.00308181  0.000539543  4.78518
-0.00298182  0.000530753  4.67604
-0.00295261  0.000519614  4.72006
-0.0028816  0.000507388  4.69385
-0.0028242  0.000497405  4.67264
-0.00277359  0.000489938  4.64057
-0.00269587  0.000477785  4.59595
-0.00263931  0.000470626  4.54566
-0.00258136  0.000463112  4.4943
-0.00250314  0.000455669  4.39605
-0.00242684  0.000443874  4.34095
-0.00235104  0.000435251  4.25281
-0.00226948  0.00042665  4.14738
-0.00217879  0.000418374  4.01264
-0.00210265  0.000411341  3.89614
-0.00202113  0.000404135  3.76392
-0.00192778  0.000397504  3.59187
-0.00187756  0.000389778  3.53421
-0.00176394  0.000380174  3.32463
-0.00166125  0.000374474  3.10101
-0.00154129  0.000363285  2.86631
-0.00148489  0.000359272  2.74135
-0.00140667  0.000352803  2.56991
-0.0012634  0.000345801  2.20762
-0.00116406  0.000338674  1.96076
-0.00105254  0.000333692  1.65584
-0.000925283  0.000329473  1.2908
-0.000818557  0.000324829  0.980693
-0.000746161  0.000321924  0.764656
-0.000582821  0.000318113  0.260351
-0.000459948  0.000314096  -0.127516
-0.000276743  0.000312285  -0.714914
-7.54889e-05  0.000310567  -1.36689
