-0.003971  0.00164852  2.10552
-0.00395423  0.00152614  2.26338
-0.00393571  0.00140699  2.44189
-0.00391471  0.00129221  2.64254
-0.00388976  0.00118378  2.8635
-0.00385666  0.00108895  3.08247
-0.003817  0.00100462  3.30175
-0.00377521  0.000926681  3.53435
-0.00372893  0.000851946  3.79007
-0.00367635  0.000789816  4.02163
-0.00362251  0.00072981  4.27853
-0.00355341  0.000694049  4.39941
-0.0034945  0.000642145  4.66327
-0.00342203  0.000617345  4.73322
-0.00334097  0.000598214  4.74909
-0.00326529  0.000589032  4.69463
-0.00321331  0.00057769  4.69683
-0.00316091  0.000567102  4.69212
-0.00310566  0.00055618  4.68491
-0.0030492  0.000545689  4.67153
-0.00299171  0.000535413  4.65382
-0.0029309  0.000525102  4.62939
-0.00286953  0.000514893  4.60199
-0.00280722  0.000505016  4.56861
-0.00274004  0.000495281  4.52276
-0.00266835  0.00048601  4.46154
-0.00259223  0.000476951  4.38669
-0.00251797  0.000467445  4.31703
-0.00244097  0.000458825  4.23032
-0.00236211  0.000450059  4.13749
-0.00228072  0.000441514  4.03322
-0.00220409  0.000432677  3.93847
-0.00212078  0.000424131  3.82142
-0.00203497  0.000416087  3.68905
-0.00194489  0.000408241  3.5393
-0.00185201  0.000400563  3.37528
-0.00175083  0.000393254  3.18072
-0.00165406  0.000386424  2.98651
-0.00154853  0.000379967  2.75953
-0.00144213  0.00037355  2.52209
-0.0013325  0.000367523  2.26516
-0.00120449  0.000361633  1.94807
-0.00109598  0.000355995  1.67412
-0.000979081  0.000350636  1.36632
-0.000842076  0.00034621  0.988059
-0.000717462  0.000341513  0.63676
-0.000580323  0.000337506  0.237989
-0.0004277  0.000334614  -0.216068
-0.000264959  0.000332865  -0.706115
-8.27998e-05  0.00033237  -1.25523
