-0.003971  0.00164852  2.10552
-0.00395225  0.00153222  2.2531
-0.0039283  0.0013912  2.46427
-0.00391376  0.00130807  2.60976
-0.00388764  0.00119502  2.83481
-0.00385621  0.00109571  3.06303
-0.00380836  0.00100342  3.29708
-0.00377422  0.000942149  3.47527
-0.00372801  0.000866782  3.72413
-0.00367826  0.000800067  3.97248
-0.00362054  0.000740077  4.21651
-0.00356538  0.000691275  4.43439
-0.00349445  0.000647014  4.6281
-0.00341442  0.000613325  4.75184
-0.00333414  0.000590448  4.79999
-0.00325616  0.00056742  4.85735
-0.00319458  0.000555754  4.84851
-0.00314027  0.000545112  4.84354
-0.00306968  0.000532666  4.82419
-0.00301569  0.000523617  4.80444
-0.00295465  0.000514076  4.77488
-0.00288405  0.000504275  4.72767
-0.00282531  0.000493907  4.70799
-0.00276054  0.000484236  4.66825
-0.00269901  0.00047466  4.63282
-0.00262324  0.000465436  4.56183
-0.00255119  0.000454783  4.51027
-0.00245436  0.000444432  4.39744
-0.00240144  0.000436737  4.35375
-0.00232594  0.00042832  4.26303
-0.00224677  0.00041884  4.17049
-0.00215933  0.000409021  4.05683
-0.00206091  0.000402651  3.87657
-0.00199415  0.000394326  3.78913
-0.00187568  0.00038577  3.56607
-0.00177229  0.000378974  3.35719
-0.00169977  0.0003705  3.23825
-0.00158723  0.000363981  2.98704
-0.00148303  0.000355121  2.76815
-0.00138663  0.000349223  2.53887
-0.00127986  0.000343431  2.27081
-0.00113767  0.000338971  1.8812
-0.00106785  0.000332916  1.7057
-0.000918515  0.000326758  1.28081
-0.000775655  0.000321594  0.857155
-0.000661299  0.000317244  0.508439
-0.000503481  0.000313474  0.0111044
-0.00034827  0.000310308  -0.488967
-0.000216478  0.000308967  -0.917645
-5.72383e-06  0.00030775  -1.6061
