-0.003971  0.00164852  2.10552
-0.00395422  0.00152612  2.2634
-0.00393537  0.00141568  2.42667
-0.00391336  0.00130399  2.61764
-0.00388744  0.00119509  2.83447
-0.00384544  0.00110579  3.02538
-0.00380969  0.00103263  3.2051
-0.00376604  0.000948202  3.44446
-0.00371982  0.000877237  3.67041
-0.00367334  0.00080146  3.95944
-0.00361813  0.000738756  4.22079
-0.00355757  0.000688493  4.44095
-0.00348781  0.000642605  4.64954
-0.00342059  0.000610448  4.78435
-0.00334221  0.000585737  4.85236
-0.00326718  0.000568531  4.86724
-0.00320293  0.000554684  4.87291
-0.00313896  0.000544014  4.85091
-0.00307591  0.00053364  4.82706
-0.00301878  0.000522747  4.81836
-0.00296817  0.000514032  4.80158
-0.00288917  0.000503003  4.74981
-0.00281921  0.000492457  4.70948
-0.00276718  0.000482853  4.69539
-0.0026872  0.00047364  4.61786
-0.00262024  0.00046444  4.56514
-0.00255511  0.000454464  4.52206
-0.00247989  0.000445641  4.44279
-0.00240904  0.000436465  4.37388
-0.00232738  0.000426848  4.2811
-0.00224496  0.00041884  4.16618
-0.00217299  0.00041035  4.07698
-0.00206974  0.000400899  3.91555
-0.00198592  0.000393717  3.77408
-0.00189563  0.000386103  3.61467
-0.00180337  0.000377542  3.45224
-0.00170439  0.000371285  3.24386
-0.00161081  0.000363842  3.05299
-0.00149806  0.000355818  2.80498
-0.00139986  0.00034952  2.57457
-0.00129548  0.000343694  2.3145
-0.00116787  0.000337048  1.98152
-0.00106475  0.000332316  1.69944
-0.000966786  0.000327663  1.42459
-0.000823986  0.000322201  1.00554
-0.000668816  0.00031694  0.532643
-0.00055126  0.000313625  0.163442
-0.000397027  0.000310458  -0.331681
-0.000225116  0.000308165  -0.892005
-3.64137e-05  0.000306958  -1.51026
