-0.010865  0.0047755  2.17045
-0.0107821  0.00461979  2.22567
-0.010696  0.00446326  2.28443
-0.0106113  0.00431494  2.34333
-0.0105222  0.00416369  2.40705
-0.010431  0.00401563  2.47309
-0.0103346  0.00387044  2.54094
-0.0102398  0.00372409  2.61534
-0.0101395  0.00358605  2.68806
-0.0100351  0.00344212  2.77012
-0.00992944  0.0033092  2.84946
-0.0098208  0.00317516  2.93554
-0.00970813  0.00304207  3.02693
-0.00959825  0.00291058  3.12592
-0.00948194  0.00277895  3.23214
-0.00936293  0.00264885  3.34595
-0.00924245  0.00252645  3.46038
-0.00911747  0.00240525  3.58278
-0.00899166  0.00228317  3.71924
-0.00885949  0.00216555  3.86022
-0.00872178  0.00205106  4.00854
-0.00858869  0.00194651  4.15548
-0.00844158  0.00183533  4.32706
-0.00828923  0.00173287  4.49498
-0.00812852  0.00162683  4.68919
-0.00797795  0.00153756  4.86352
-0.00781529  0.00144789  5.05237
-0.00764006  0.00136394  5.23489
-0.00746893  0.00128098  5.4403
-0.00726053  0.00121095  5.58284
-0.00707868  0.0011411  5.76521
-0.00686735  0.00108004  5.89545
-0.00666152  0.00101988  6.04143
-0.00645078  0.00096875  6.14274
-0.006226  0.00092274  6.20543
-0.00600029  0.000876802  6.27313
-0.00577225  0.000832336  6.33428
-0.00562996  0.000812888  6.31078
-0.00549074  0.000793219  6.29176
-0.00534224  0.000773064  6.2637
-0.00516568  0.000753497  6.19203
-0.00501346  0.000736777  6.12595
-0.00479219  0.000718819  5.97118
-0.00459675  0.000703555  5.82292
-0.00436201  0.000688258  5.61128
-0.00414656  0.000676718  5.3886
-0.00381161  0.000665618  4.97525
-0.00355142  0.000655289  4.6566
-0.00317054  0.000649354  4.11262
-0.00275009  0.000644902  3.48904
