-0.003971  0.00164852  2.10552
-0.00395395  0.00152442  2.26575
-0.00393074  0.00141296  2.42805
-0.00390983  0.00130201  2.61889
-0.00388251  0.00118151  2.86287
-0.00385417  0.00108739  3.08461
-0.00380751  0.0010065  3.28616
-0.00376243  0.000929965  3.50812
-0.00370067  0.000856165  3.73838
-0.00365336  0.000780663  4.03934
-0.00359393  0.000724078  4.27292
-0.00352713  0.000677723  4.46662
-0.00344942  0.000633926  4.65262
-0.00338715  0.000598911  4.82066
-0.00329478  0.000575375  4.85732
-0.00320201  0.000553317  4.88329
-0.00314086  0.00054191  4.87324
-0.00308843  0.000533456  4.85218
-0.00303378  0.00052353  4.8398
-0.0029685  0.000514001  4.80252
-0.00290513  0.000503824  4.77376
-0.00284549  0.000494257  4.74549
-0.00277457  0.000485336  4.68659
-0.00271089  0.000474506  4.65935
-0.00264896  0.000466479  4.60677
-0.00257046  0.000457663  4.52398
-0.00249795  0.000448612  4.45363
-0.00243612  0.000439329  4.40699
-0.00235868  0.000430819  4.31429
-0.00227368  0.000422775  4.19533
-0.00220134  0.000414036  4.10915
-0.00211414  0.000405445  3.98116
-0.00203506  0.000398155  3.85545
-0.00195017  0.000389655  3.72168
-0.00187102  0.000382572  3.5837
-0.00177139  0.000375145  3.38907
-0.00166551  0.000367875  3.16822
-0.00158501  0.000360966  3.00584
-0.00148215  0.000353754  2.77638
-0.00137321  0.000348896  2.50278
-0.00127385  0.000342669  2.25831
-0.00114616  0.000336551  1.91994
-0.00104057  0.000330826  1.634
-0.000937534  0.000326104  1.3417
-0.000798728  0.000321568  0.928973
-0.000674678  0.000317006  0.551023
-0.000525173  0.000313756  0.0802326
-0.000395781  0.000310364  -0.335797
-0.000268815  0.000308582  -0.749185
-4.20166e-05  0.000307514  -1.48931
