-0.003971  0.00164852  2.10552
-0.00395122  0.00150564  2.29219
-0.00393288  0.0013903  2.46916
-0.00391154  0.00127673  2.67208
-0.00388996  0.00118454  2.86183
-0.00383906  0.00105917  3.15251
-0.00379095  0.000971818  3.38639
-0.0037625  0.000940219  3.46994
-0.00367546  0.000825017  3.84896
-0.00362629  0.000770587  4.05703
-0.00356324  0.000699308  4.38038
-0.00350478  0.000678618  4.4278
-0.00347009  0.000643359  4.61653
-0.0033697  0.000607881  4.72082
-0.00326998  0.000574764  4.81933
-0.00318193  0.000563461  4.75974
-0.00315134  0.000555382  4.77391
-0.00310625  0.000545367  4.77888
-0.0030017  0.000535213  4.67421
-0.00298723  0.000526391  4.72507
-0.00291126  0.00051888  4.64705
-0.00285528  0.000508034  4.63607
-0.00279595  0.000499178  4.59945
-0.00274523  0.000492194  4.56168
-0.00268137  0.000481101  4.53412
-0.00261469  0.000472274  4.47768
-0.00254712  0.0004648  4.4043
-0.00245697  0.00045605  4.29112
-0.00242879  0.000448489  4.30064
-0.00232128  0.000434966  4.18717
-0.00227142  0.000432336  4.09733
-0.00221166  0.000423163  4.04493
-0.00211532  0.000415763  3.8852
-0.00202747  0.000406071  3.76157
-0.00195205  0.000400215  3.62816
-0.00186129  0.000393821  3.45661
-0.00177143  0.000388  3.27687
-0.00167568  0.000379312  3.0995
-0.00165958  0.000372692  3.11137
-0.00148918  0.000364619  2.71292
-0.00146361  0.00036091  2.66996
-0.00132224  0.000352545  2.33229
-0.00119359  0.000346112  2.00394
-0.00113964  0.00034327  1.86338
-0.000976019  0.000340821  1.39668
-0.00083128  0.00033747  0.981657
-0.00079342  0.000332148  0.883399
-0.00061962  0.000327379  0.365386
-0.00061962  0.000327379  0.365386
-0.000321119  0.000323543  -0.552882
