-0.003971  0.00164852  2.10552
-0.00395433  0.00152702  2.26213
-0.00393574  0.00141087  2.4352
-0.00391885  0.0013143  2.60127
-0.0038959  0.00120778  2.81168
-0.00386362  0.0011151  3.01643
-0.00382226  0.00104248  3.18687
-0.00378391  0.000964726  3.40398
-0.0037377  0.000898283  3.60432
-0.0036916  0.000828598  3.8518
-0.00362454  0.000762896  4.09563
-0.00357249  0.000717039  4.28497
-0.00351309  0.0006728  4.47844
-0.0034556  0.000632953  4.66953
-0.00337868  0.000607321  4.73996
-0.003305  0.00058093  4.82846
-0.00322884  0.000560317  4.87017
-0.00315867  0.000547167  4.85897
-0.00309889  0.000538676  4.82459
-0.00303564  0.000527278  4.80891
-0.0029752  0.000518587  4.77298
-0.00291077  0.000506048  4.76392
-0.00284217  0.000495917  4.72291
-0.0027787  0.000486373  4.6851
-0.00271109  0.000476827  4.6371
-0.00264601  0.000467688  4.58855
-0.00258183  0.000458799  4.53755
-0.00250203  0.00044909  4.45798
-0.00243858  0.000442501  4.38097
-0.00236338  0.000433716  4.29632
-0.00227027  0.000421743  4.1975
-0.00217939  0.000412884  4.06747
-0.00210196  0.000404065  3.96461
-0.00200051  0.00039522  3.79665
-0.00191558  0.000387374  3.65431
-0.00182458  0.000380648  3.4798
-0.00171944  0.000373689  3.26324
-0.0016158  0.000365171  3.05556
-0.00155386  0.000362356  2.90835
-0.00144185  0.000353072  2.66758
-0.00131117  0.000346483  2.34115
-0.00118869  0.000339562  2.02819
-0.00109681  0.000335308  1.77989
-0.000995797  0.000329413  1.50509
-0.000831577  0.000324654  1.02132
-0.000751435  0.000324115  0.775757
-0.000599343  0.000317271  0.313116
-0.000468376  0.000313458  -0.100888
-0.000370014  0.000313014  -0.415272
-0.00015667  0.000309584  -1.10901
