-0.003971  0.00164852  2.10552
-0.00395501  0.00153344  2.25311
-0.00393741  0.00141843  2.42339
-0.00391821  0.00131005  2.60922
-0.00389467  0.00120686  2.81281
-0.00386302  0.00111224  3.02364
-0.0038321  0.00104237  3.19665
-0.00377799  0.000962223  3.40669
-0.00373658  0.000874258  3.70208
-0.0036898  0.000805138  3.96181
-0.00363956  0.000748467  4.19465
-0.00357655  0.000693782  4.43446
-0.00351293  0.000657536  4.58215
-0.00344204  0.000619628  4.74807
-0.0033614  0.000596133  4.79994
-0.00327922  0.000572639  4.85336
-0.00319259  0.00055202  4.8777
-0.00313383  0.00054233  4.8565
-0.00307326  0.000531764  4.83909
-0.00300896  0.000521072  4.81499
-0.00295116  0.000511243  4.79451
-0.00288722  0.000501096  4.76399
-0.00282331  0.000493337  4.70937
-0.00276426  0.000483143  4.68652
-0.00269953  0.000473611  4.64417
-0.00261894  0.000464011  4.56658
-0.00255676  0.000454383  4.52649
-0.00248426  0.000445279  4.45621
-0.00240483  0.000436611  4.36276
-0.0023311  0.000426826  4.29003
-0.00224484  0.000418042  4.17384
-0.00217908  0.000410703  4.08829
-0.00208383  0.000401304  3.9467
-0.00201958  0.000394288  3.85398
-0.00191578  0.000385772  3.66999
-0.00181655  0.000378437  3.47891
-0.00172875  0.000371422  3.30825
-0.00163409  0.000364159  3.11426
-0.00152014  0.000357736  2.85167
-0.0014416  0.000351179  2.68126
-0.00132457  0.000344317  2.39481
-0.00121607  0.00033865  2.1145
-0.00108981  0.000333472  1.7687
-0.00101596  0.000328451  1.5709
-0.000877005  0.000323231  1.16637
-0.00077563  0.000319117  0.863729
-0.000597006  0.000314176  0.308764
-0.000453328  0.000311592  -0.149786
-0.000336602  0.000308826  -0.529094
-0.000125438  0.000306823  -1.22078
