-0.003971  0.00164852  2.10552
-0.0032506  0.000585388  4.69877
-0.00321383  0.000577334  4.70063
-0.0031757  0.000569723  4.69649
-0.00313611  0.000562024  4.69038
-0.00309529  0.000554221  4.68277
-0.0030541  0.00054687  4.6704
-0.00301379  0.000539374  4.66058
-0.00296892  0.000531915  4.64156
-0.0029282  0.000524509  4.62948
-0.00288369  0.000517122  4.60953
-0.00283771  0.000510175  4.58216
-0.00279155  0.000503033  4.55547
-0.0027435  0.000496095  4.52232
-0.00269452  0.000489199  4.48595
-0.00264211  0.000482597  4.43872
-0.0025878  0.000476121  4.38502
-0.00253593  0.000469518  4.33621
-0.00247913  0.000463347  4.27138
-0.00242466  0.000456744  4.21388
-0.00236828  0.000450709  4.1452
-0.00230887  0.000444419  4.0702
-0.00225164  0.000438102  3.99826
-0.00218695  0.000432597  3.89958
-0.00213371  0.000425381  3.84058
-0.00207745  0.000419848  3.75719
-0.00201359  0.000414182  3.65442
-0.00194685  0.00040863  3.54073
-0.00188229  0.000402982  3.43016
-0.00180832  0.000398153  3.28597
-0.00174573  0.000392503  3.1738
-0.00167138  0.000387536  3.02263
-0.00159553  0.000382834  2.86164
-0.00151832  0.000378173  2.69273
-0.00144533  0.000373479  2.53114
-0.00136402  0.000368898  2.34216
-0.00128461  0.000364909  2.15016
-0.00119499  0.00036105  1.92491
-0.0011119  0.000357192  1.71309
-0.0010241  0.000353521  1.48253
-0.000932513  0.000349918  1.23604
-0.000852043  0.000345816  1.01801
-0.000764002  0.000342619  0.770542
-0.000659271  0.000339667  0.468904
-0.000560273  0.000337054  0.178824
-0.000450073  0.000334956  -0.149055
-0.000337203  0.000333431  -0.488247
-0.000229909  0.000332609  -0.812038
-8.46699e-05  0.000332369  -1.24961
-8.46201e-05  0.000332369  -1.24976
