-0.00349525  0.000650912  4.60162
-0.0032506  0.000585388  4.69877
-0.00321536  0.000577644  4.70075
-0.0031757  0.000569723  4.69649
-0.00313573  0.00056195  4.69033
-0.00309133  0.000553484  4.68184
-0.00305351  0.000546744  4.67039
-0.00301379  0.000539374  4.66058
-0.00296498  0.000531032  4.64187
-0.00292733  0.00052443  4.6285
-0.00288366  0.000517117  4.60952
-0.0028377  0.000510173  4.58216
-0.00278762  0.000503393  4.54441
-0.00274345  0.000496091  4.52225
-0.002695  0.000489262  4.48635
-0.00264178  0.000482589  4.4381
-0.0025875  0.000476077  4.3848
-0.00253399  0.000469293  4.33415
-0.0024777  0.000463199  4.26966
-0.00242457  0.000456734  4.21376
-0.00236585  0.000450777  4.13919
-0.00230894  0.000444474  4.06984
-0.00225349  0.000438299  4.00066
-0.00218672  0.000432581  3.89919
-0.0021318  0.000425186  3.83786
-0.00207758  0.00041986  3.75741
-0.00201093  0.000414306  3.64689
-0.00194663  0.000408608  3.54039
-0.00188205  0.000402962  3.42973
-0.00180829  0.000398151  3.28592
-0.00174483  0.000392441  3.17201
-0.00167134  0.000387535  3.02254
-0.00159547  0.000382829  2.86151
-0.00151832  0.000378173  2.69273
-0.00144844  0.000373671  2.53816
-0.00137629  0.000369578  2.37106
-0.00128811  0.000365085  2.15871
-0.00119463  0.000361031  1.92402
-0.0011108  0.000357152  1.71021
-0.0010221  0.00035344  1.47719
-0.000932497  0.000349917  1.236
-0.000850132  0.000345734  1.01272
-0.000760872  0.000342548  0.761565
-0.000673742  0.000340034  0.510954
-0.000558875  0.000337024  0.174691
-0.000449275  0.000334944  -0.151442
-0.000334448  0.000333445  -0.496491
-0.000212889  0.000332528  -0.863421
-0.000102889  0.000332377  -1.19476
-8.08059e-05  0.000332371  -1.26122
