-0.003971  0.00164852  2.10552
-0.00395388  0.00152375  2.26669
-0.0039327  0.00139969  2.45247
-0.00391114  0.00129891  2.62615
-0.0038848  0.00119308  2.83703
-0.00384869  0.00109407  3.06078
-0.00380567  0.00101468  3.25786
-0.00375806  0.000939893  3.46641
-0.00371344  0.000861801  3.72875
-0.0036591  0.000799975  3.949
-0.00360295  0.00074075  4.18894
-0.00353386  0.00068899  4.40334
-0.00347492  0.000654284  4.54683
-0.00338626  0.000619916  4.65589
-0.00331027  0.000583469  4.81649
-0.00322145  0.000561527  4.84651
-0.00315499  0.0005504  4.82374
-0.0031125  0.000540465  4.8338
-0.00304548  0.000530427  4.79893
-0.00298015  0.000519398  4.77504
-0.00292629  0.000510586  4.75198
-0.00285712  0.000501683  4.69843
-0.0028067  0.000491556  4.69265
-0.00272947  0.000481678  4.62855
-0.00266725  0.000472208  4.58962
-0.00259645  0.000462277  4.53505
-0.00252873  0.000453462  4.47386
-0.00245714  0.000443947  4.4085
-0.00237217  0.000435118  4.30267
-0.00230584  0.000426987  4.22927
-0.00222159  0.000418334  4.11536
-0.00214377  0.000409933  4.00985
-0.00205657  0.000401879  3.87322
-0.00196403  0.000393983  3.71597
-0.00187444  0.000385665  3.56383
-0.00179307  0.000378311  3.41801
-0.00169831  0.000370866  3.23111
-0.00160075  0.000363923  3.02468
-0.00149071  0.000356129  2.78188
-0.00139419  0.000350501  2.55118
-0.00127417  0.00034378  2.25194
-0.00116433  0.000338117  1.96479
-0.00105081  0.000332442  1.65687
-0.000923049  0.000327121  1.29325
-0.000815746  0.000323055  0.977375
-0.000674952  0.000319293  0.547935
-0.000531514  0.00031549  0.0998902
-0.000369369  0.000312296  -0.418294
-0.000240086  0.000310921  -0.835946
-4.35839e-05  0.000309231  -1.47597
