-0.003971  0.00164852  2.10552
-0.00392267  0.00133316  2.56733
-0.00392267  0.00133316  2.56733
-0.00385565  0.00108484  3.09321
-0.00381141  0.000992451  3.3366
-0.00373499  0.000863489  3.74642
-0.00365554  0.00077546  4.06925
-0.00355761  0.000703102  4.34874
-0.00346861  0.000631917  4.69778
-0.00334086  0.000598405  4.74739
-0.00327028  0.000590349  4.69261
-0.00322719  0.00058068  4.69654
-0.00318254  0.000571103  4.69712
-0.00313495  0.00056182  4.69002
-0.00308601  0.000552564  4.68002
-0.00303683  0.000543524  4.66738
-0.00298635  0.000534503  4.65171
-0.00293279  0.000525663  4.62805
-0.00287912  0.000516486  4.60636
-0.00282554  0.000508168  4.57632
-0.00276914  0.000499751  4.54054
-0.00270811  0.000491101  4.49623
-0.00264856  0.000483265  4.44592
-0.002582  0.000475382  4.37965
-0.00251755  0.000467271  4.31772
-0.00244862  0.000460213  4.23417
-0.00238233  0.000452169  4.16289
-0.00231285  0.000444914  4.07462
-0.00224599  0.000437448  3.99131
-0.00217484  0.000429902  3.89585
-0.00210664  0.000422565  3.80211
-0.00202537  0.000415714  3.66927
-0.00195142  0.000408815  3.55031
-0.00187013  0.000402378  3.40508
-0.00179211  0.000395879  3.26391
-0.00170417  0.000389693  3.09005
-0.00160994  0.000383946  2.89088
-0.00152213  0.000378444  2.70088
-0.00144383  0.000373527  2.5268
-0.00133515  0.000367405  2.27311
-0.00123187  0.000362217  2.02053
-0.0011368  0.000357982  1.77885
-0.00103707  0.000353165  1.52073
-0.000921323  0.000348919  1.20751
-0.000822225  0.000344645  0.934948
-0.000703133  0.000340748  0.596137
-0.000582358  0.000337593  0.243958
-0.000457772  0.000335102  -0.126015
-0.000330837  0.000333367  -0.507438
-0.000169416  0.000332402  -0.994531
