-0.003971  0.00164852  2.10552
-0.00395353  0.00152966  2.25771
-0.00393441  0.00141361  2.42954
-0.00391181  0.00129875  2.62699
-0.0038853  0.0011993  2.82274
-0.00385413  0.00109961  3.0503
-0.00381324  0.00101428  3.26661
-0.00376765  0.000938361  3.4823
-0.00373126  0.00087118  3.70906
-0.00367367  0.000794365  3.99523
-0.0036162  0.000735817  4.23503
-0.00355157  0.000689617  4.42502
-0.003481  0.000650624  4.58175
-0.00343742  0.0006257  4.6946
-0.00333412  0.000595339  4.7605
-0.00325276  0.000566423  4.8599
-0.00319959  0.000555673  4.85824
-0.00313346  0.000543402  4.84625
-0.00308205  0.000533947  4.83578
-0.00302365  0.000523486  4.82086
-0.00295718  0.000513331  4.78674
-0.00289365  0.000503844  4.75077
-0.00282046  0.000492982  4.70698
-0.00276637  0.000484435  4.67838
-0.00269793  0.000473855  4.6384
-0.00262732  0.000464913  4.57575
-0.00255176  0.000454292  4.51639
-0.00247746  0.000445894  4.43483
-0.00240364  0.000436057  4.36557
-0.00232418  0.000428039  4.26172
-0.00225131  0.000418351  4.18622
-0.00216176  0.000410326  4.04985
-0.00207705  0.000401557  3.92734
-0.00199689  0.000393774  3.80139
-0.00188904  0.000385467  3.60354
-0.00179717  0.000377923  3.43237
-0.00170457  0.0003702  3.25385
-0.0015902  0.000362531  3.0072
-0.00150262  0.000356792  2.81009
-0.0013928  0.000350304  2.54863
-0.001307  0.000344243  2.34428
-0.00117931  0.000337917  2.0103
-0.00105595  0.000331031  1.67945
-0.000931858  0.000326275  1.3236
-0.000798711  0.000321952  0.927813
-0.000655022  0.000317529  0.488213
-0.000535634  0.000313485  0.113669
-0.000392708  0.000310476  -0.345573
-0.000220647  0.000308826  -0.904564
-1.28341e-05  0.000307732  -1.58309
