-0.010865  0.0047755  2.17045
-0.010776  0.00461359  2.22732
-0.0106905  0.00445765  2.28606
-0.0106002  0.00430047  2.34862
-0.0105077  0.00414574  2.41397
-0.0104132  0.00399175  2.48343
-0.0103172  0.00384361  2.55415
-0.0102116  0.00369116  2.63104
-0.0101086  0.00354978  2.7068
-0.0099986  0.00340406  2.79037
-0.00989161  0.00326605  2.87552
-0.00977968  0.00312835  2.96632
-0.00965677  0.00298066  3.07206
-0.00954438  0.0028542  3.16879
-0.00942237  0.00271805  3.28263
-0.00930416  0.00259166  3.39711
-0.00917881  0.00246376  3.52259
-0.00904403  0.00233478  3.65946
-0.00890792  0.00221259  3.80004
-0.00877063  0.00209083  3.95567
-0.00862605  0.00197482  4.11482
-0.00847721  0.00186366  4.2804
-0.00832395  0.00175433  4.45979
-0.00816747  0.00165184  4.64179
-0.00800096  0.00154905  4.8423
-0.00783436  0.00145719  5.03323
-0.00765888  0.00136482  5.24528
-0.00747693  0.00128263  5.43955
-0.00727995  0.00120334  5.63427
-0.00707946  0.00113528  5.79545
-0.00686908  0.00107238  5.93918
-0.00664551  0.00101335  6.06455
-0.006424  0.00095931  6.17527
-0.00619407  0.000910034  6.25699
-0.00596195  0.00086339  6.32617
-0.00572132  0.000822498  6.34812
-0.00560144  0.00080443  6.34169
-0.00546523  0.000786494  6.31312
-0.00532691  0.000768291  6.28266
-0.00519894  0.000753979  6.23219
-0.00503674  0.000737909  6.14811
-0.00485565  0.00072249  6.02867
-0.00465495  0.000709272  5.85804
-0.00449417  0.000695652  5.74163
-0.00427525  0.000683301  5.52501
-0.00403133  0.000672707  5.24943
-0.00380392  0.0006622  4.98931
-0.00354274  0.000654383  4.64978
-0.00320023  0.000648079  4.16651
-0.00284786  0.000644108  3.64513
