-0.003971  0.00164852  2.10552
-0.0039539  0.00152954  2.25812
-0.00393491  0.00142708  2.40695
-0.00391256  0.00130874  2.60752
-0.00389154  0.00121528  2.79074
-0.00386255  0.00111641  3.01194
-0.00382495  0.00103764  3.20433
-0.00378371  0.000953914  3.44235
-0.00373123  0.000881431  3.66589
-0.0036849  0.000813609  3.91453
-0.00363266  0.000761703  4.11271
-0.00357562  0.000708254  4.34254
-0.00350738  0.000662782  4.53751
-0.00344002  0.00062132  4.73189
-0.00336918  0.000595772  4.8159
-0.00328258  0.000573388  4.85288
-0.0031967  0.00055713  4.84034
-0.00312762  0.00054384  4.83162
-0.00307014  0.000533246  4.81979
-0.00301258  0.000523189  4.80244
-0.00294969  0.000513574  4.76989
-0.0028879  0.000503156  4.74585
-0.00281932  0.000493649  4.69831
-0.00276253  0.000483793  4.67665
-0.00269457  0.000474046  4.62945
-0.00262285  0.000463846  4.57664
-0.00254993  0.000455001  4.50534
-0.0024827  0.000446052  4.44499
-0.00240971  0.000437302  4.36703
-0.00233247  0.000427899  4.28248
-0.00224961  0.00041912  4.1745
-0.00216612  0.000410357  4.06018
-0.00209032  0.000402858  3.9476
-0.00200007  0.000395001  3.79764
-0.00190705  0.00038676  3.63805
-0.00181784  0.000378967  3.47745
-0.00172556  0.000371567  3.29837
-0.00162545  0.000364096  3.09109
-0.00151943  0.000357054  2.85511
-0.00141123  0.000351197  2.59465
-0.00131889  0.000345212  2.37213
-0.00118288  0.000338745  2.01592
-0.00107122  0.000332607  1.71741
-0.000955653  0.000327381  1.39181
-0.000811619  0.000322287  0.966898
-0.000702494  0.000318384  0.636008
-0.000571557  0.00031455  0.227491
-0.000398138  0.00031095  -0.327584
-0.000231982  0.000308607  -0.868477
-5.10438e-05  0.0003079  -1.45812
