-0.003971  0.00164852  2.10552
-0.00395488  0.00153369  2.25265
-0.00393733  0.0014179  2.42424
-0.00391856  0.00131225  2.60511
-0.00389557  0.00120757  2.81189
-0.00386749  0.00111406  3.02271
-0.0038266  0.00103422  3.21654
-0.00378665  0.000951367  3.45466
-0.00373796  0.000880444  3.67765
-0.00369431  0.000817859  3.90569
-0.00364085  0.000755025  4.15993
-0.00358596  0.000711586  4.33673
-0.00353561  0.000667324  4.54893
-0.00344838  0.00062315  4.73141
-0.00338958  0.000600244  4.814
-0.00329193  0.000575678  4.84982
-0.00320888  0.000556251  4.86989
-0.00314597  0.000545212  4.8531
-0.00308651  0.000534575  4.83844
-0.00302349  0.000524064  4.81524
-0.0029616  0.000514549  4.78399
-0.00290035  0.000505538  4.7481
-0.00283563  0.000494677  4.72152
-0.00276249  0.000485061  4.66434
-0.00269805  0.000474819  4.62923
-0.00262902  0.000465922  4.56948
-0.00256047  0.000455736  4.52119
-0.0024903  0.000447196  4.45063
-0.00241271  0.000438007  4.36684
-0.00233368  0.000428599  4.27831
-0.00226529  0.000420217  4.20091
-0.0021793  0.000411615  4.07979
-0.00209068  0.00040328  3.94434
-0.00200361  0.000395203  3.80466
-0.00191254  0.000387175  3.64833
-0.0018209  0.000379934  3.47667
-0.00172573  0.000372098  3.29412
-0.00162109  0.000364925  3.07211
-0.00152323  0.000358449  2.85459
-0.0014142  0.000351285  2.60244
-0.00131786  0.000344331  2.37521
-0.00118823  0.000338676  2.03212
-0.0010832  0.000333085  1.75092
-0.000961407  0.00032676  1.41207
-0.000842367  0.00032281  1.06058
-0.000705665  0.000318167  0.646406
-0.000562014  0.00031436  0.197269
-0.000438311  0.000311496  -0.198041
-0.000256395  0.000308749  -0.789006
-7.45244e-05  0.000307233  -1.38486
