-0.003971  0.00164852  2.10552
-0.00395351  0.00152331  2.2671
-0.00393605  0.00141253  2.43255
-0.00391533  0.0012978  2.63163
-0.0038903  0.0011968  2.83281
-0.00386073  0.00110219  3.04913
-0.00381883  0.00101902  3.25687
-0.00377838  0.000941459  3.48223
-0.00373791  0.000882671  3.66831
-0.00367573  0.000807124  3.93463
-0.00362435  0.000750215  4.1646
-0.00357647  0.000704111  4.36929
-0.00350749  0.000652597  4.60849
-0.00343196  0.00062036  4.72623
-0.00335245  0.000593946  4.80255
-0.00327535  0.000570426  4.8654
-0.00321282  0.000560072  4.8437
-0.00314778  0.000546489  4.84508
-0.00309936  0.000537766  4.83363
-0.0030313  0.000527111  4.80221
-0.00297129  0.000517067  4.77944
-0.00291257  0.000507697  4.75198
-0.00283335  0.000495409  4.70994
-0.00277583  0.00048619  4.68095
-0.00269877  0.000475473  4.62438
-0.00263926  0.000467464  4.57631
-0.00256969  0.000458302  4.51599
-0.00249677  0.000447419  4.46287
-0.00241983  0.000438544  4.37774
-0.0023496  0.000430159  4.2998
-0.00225105  0.000420633  4.16288
-0.00217364  0.000412504  4.05728
-0.00208784  0.000403817  3.93208
-0.00200468  0.000394998  3.80932
-0.00191945  0.000386884  3.66893
-0.00181978  0.000378892  3.48325
-0.00171667  0.000371034  3.27912
-0.0016277  0.000364083  3.09737
-0.00150771  0.000358134  2.81377
-0.00142604  0.000351051  2.6379
-0.00129818  0.000344625  2.31608
-0.00118735  0.000339104  2.02694
-0.00105621  0.000332553  1.67254
-0.000941994  0.000327499  1.3496
-0.000814264  0.000322591  0.974185
-0.000660501  0.000317952  0.504797
-0.000511006  0.000314569  0.0349879
-0.000373565  0.000312314  -0.404835
-0.000185082  0.000309255  -1.01831
-7.23021e-06  0.000308806  -1.59573
