-0.003971  0.00164852  2.10552
-0.00395388  0.00152375  2.26669
-0.00393603  0.00142275  2.41506
-0.00391619  0.00131423  2.59938
-0.0038918  0.00121349  2.79507
-0.00385469  0.00110207  3.04398
-0.00382064  0.00104315  3.18327
-0.0037789  0.000967053  3.39061
-0.00372941  0.00089235  3.619
-0.00368015  0.000820951  3.87374
-0.003629  0.000771832  4.05399
-0.00356651  0.000713611  4.29718
-0.00350361  0.000671199  4.475
-0.00343339  0.000630743  4.65068
-0.00336108  0.000610808  4.68409
-0.00328501  0.000581769  4.78714
-0.00319662  0.000557489  4.83708
-0.00313957  0.000547758  4.81886
-0.00308359  0.000535799  4.82194
-0.00302762  0.000526512  4.80069
-0.00295921  0.000515051  4.77468
-0.00289596  0.000506864  4.72704
-0.0028358  0.000496178  4.70759
-0.0027672  0.000487491  4.65074
-0.00270172  0.000476797  4.61774
-0.00263242  0.000467445  4.56186
-0.00256139  0.000457511  4.50565
-0.00247362  0.000448608  4.39942
-0.00242108  0.000440474  4.36138
-0.00234159  0.000432673  4.25632
-0.00225318  0.000423151  4.14314
-0.00218849  0.000415144  4.06723
-0.00208456  0.000404691  3.91549
-0.00201137  0.000397746  3.79984
-0.00191415  0.000389346  3.63211
-0.00183954  0.000383354  3.49426
-0.0017572  0.000376507  3.33912
-0.00164154  0.000368149  3.10076
-0.0015316  0.000359712  2.86785
-0.00143556  0.00035395  2.6432
-0.00132106  0.00034738  2.36359
-0.00122044  0.000342334  2.1045
-0.00109399  0.000336274  1.76638
-0.000977759  0.000329922  1.4481
-0.000851269  0.00032499  1.08086
-0.00074515  0.00032169  0.762067
-0.000610326  0.000317738  0.347225
-0.000455299  0.000314447  -0.142157
-0.000309292  0.000313269  -0.608768
-8.57582e-05  0.000311478  -1.32992
