-0.010865  0.0047755  2.17045
-0.0107588  0.00457572  2.24201
-0.0105359  0.00424498  2.36418
-0.0104876  0.0041041  2.43357
-0.0103687  0.00391477  2.52088
-0.0101857  0.00364439  2.6577
-0.00996435  0.00335189  2.82359
-0.00988432  0.0032526  2.88518
-0.00975027  0.00308427  2.99918
-0.00956889  0.00287218  3.15749
-0.00938719  0.00267233  3.32563
-0.00918269  0.00249557  3.47924
-0.00899348  0.00234571  3.62086
-0.00881264  0.00215068  3.86511
-0.00862782  0.00198893  4.08652
-0.00838494  0.00184355  4.27705
-0.0081446  0.00170763  4.47672
-0.00791859  0.00157757  4.70253
-0.0076494  0.00145611  4.90994
-0.00737153  0.00134204  5.12023
-0.00708811  0.00126412  5.2116
-0.00686081  0.00119292  5.33212
-0.00642569  0.00109292  5.42189
-0.00606739  0.000992633  5.60871
-0.00577237  0.000924623  5.70218
-0.00564123  0.000905898  5.67529
-0.00554551  0.000899799  5.60737
-0.0055162  0.000883082  5.68034
-0.00542682  0.000873168  5.64247
-0.00533819  0.000859306  5.63034
-0.00526335  0.000851583  5.59353
-0.0051706  0.000838681  5.56898
-0.00509622  0.000829675  5.53979
-0.00495863  0.00081602  5.46387
-0.00482177  0.000807049  5.35502
-0.00480187  0.000798817  5.38531
-0.00471137  0.000789947  5.3312
-0.00460777  0.000781319  5.25748
-0.0044417  0.000770074  5.11859
-0.00431378  0.000766682  4.9744
-0.0042198  0.000760149  4.89351
-0.00396779  0.000758183  4.57382
-0.00387156  0.000749084  4.50091
-0.00372235  0.000739384  4.35815
-0.00356212  0.000730187  4.1936
-0.00351777  0.000728216  4.14406
-0.00327378  0.000723793  3.83228
-0.00311824  0.000723611  3.6183
-0.0028187  0.000720774  3.21695
-0.00268049  0.000708356  3.07824
