-0.003971  0.00164852  2.10552
-0.00395411  0.00152532  2.26452
-0.00393613  0.00140951  2.43782
-0.00391548  0.001296  2.63539
-0.00389154  0.00119052  2.84879
-0.00385959  0.00109764  3.06074
-0.00382054  0.00101753  3.26334
-0.00377755  0.000943751  3.4729
-0.0037386  0.000866204  3.73884
-0.00369032  0.000801571  3.98008
-0.00363421  0.000743052  4.21802
-0.00357791  0.000699567  4.39973
-0.00352137  0.000657626  4.59436
-0.00345165  0.000623928  4.73075
-0.00337733  0.000605529  4.75176
-0.00330521  0.000592647  4.73335
-0.00324152  0.000581198  4.71701
-0.00319205  0.000570816  4.71615
-0.00314492  0.0005588  4.73321
-0.00308812  0.000549343  4.71131
-0.00301575  0.000539907  4.6596
-0.00297541  0.000528274  4.68585
-0.00290184  0.000517578  4.64053
-0.0028401  0.000508281  4.60395
-0.00277566  0.000498639  4.56374
-0.00270875  0.000489417  4.51302
-0.00263385  0.000479647  4.44879
-0.00256079  0.000470488  4.38012
-0.00247883  0.000461224  4.2904
-0.00240936  0.000453002  4.2149
-0.00232308  0.000444165  4.10451
-0.00224348  0.000434531  4.01233
-0.00215178  0.000425586  3.88119
-0.00206121  0.000417103  3.74298
-0.00196  0.000412012  3.54359
-0.00188024  0.000402812  3.42651
-0.00178379  0.000395745  3.24397
-0.00167413  0.000388475  3.02242
-0.00157373  0.000382602  2.80637
-0.00146172  0.000373392  2.57563
-0.00135987  0.000369216  2.3289
-0.00124424  0.000362934  2.05062
-0.00115293  0.000355697  1.83565
-0.00104362  0.000350347  1.55165
-0.000910204  0.000346617  1.18345
-0.000769621  0.000342902  0.786293
-0.000622256  0.000338594  0.361068
-0.000479926  0.000335493  -0.0598332
-0.000342579  0.000333494  -0.472037
-0.000134689  0.000332395  -1.09903
