-0.00383218  0.00104979  3.17415
-0.00381912  0.00101768  3.26145
-0.00380736  0.000990764  3.33819
-0.0037909  0.000957452  3.43714
-0.00377815  0.000931028  3.521
-0.00374411  0.000874699  3.70883
-0.00374411  0.000874699  3.70883
-0.00373123  0.000856904  3.77082
-0.0037061  0.000825507  3.88379
-0.00369261  0.000808798  3.94735
-0.0036685  0.000788809  4.01682
-0.00364789  0.000771238  4.08161
-0.00362462  0.000735998  4.24542
-0.00360767  0.000714552  4.34911
-0.00360767  0.000714552  4.34911
-0.00356434  0.000682089  4.49257
-0.00355523  0.000674971  4.52646
-0.00349721  0.000672057  4.45976
-0.00345562  0.000631902  4.67734
-0.00344672  0.000626522  4.7033
-0.0034282  0.00061887  4.73152
-0.00337627  0.000606931  4.73903
-0.00337364  0.000606725  4.73632
-0.00330842  0.000592954  4.73631
-0.00326307  0.000582504  4.74344
-0.00313746  0.000573669  4.59753
-0.00307541  0.000562084  4.58189
-0.00282946  0.000521061  4.47061
-0.00282946  0.000521061  4.47061
-0.00282469  0.000512307  4.5377
-0.00276492  0.000500027  4.5296
-0.00268065  0.00048788  4.46964
-0.00258458  0.000475708  4.38206
-0.00248981  0.000466719  4.2634
-0.00234576  0.000458466  4.02594
-0.00223664  0.000437659  3.96802
-0.00219542  0.000434425  3.90269
-0.00199024  0.000421846  3.53267
-0.00187972  0.000405178  3.40521
-0.00187666  0.0004049  3.39999
-0.00160879  0.000383786  2.88908
-0.00155713  0.000380738  2.77653
-0.00136417  0.000369099  2.34128
-0.00126846  0.000364024  2.11101
-0.00106934  0.0003553  1.60243
-0.000961865  0.000349867  1.32011
-0.000746345  0.000342048  0.720206
-0.000536034  0.000338722  0.106382
-0.00032799  0.000333678  -0.515498
-0.000113731  0.000332393  -1.16208
