-0.003971  0.00164852  2.10552
-0.00395543  0.00153447  2.25188
-0.00393676  0.00141331  2.43171
-0.00391738  0.00130717  2.61434
-0.00389545  0.00120865  2.8093
-0.00386404  0.00111457  3.01824
-0.00382674  0.00103803  3.20486
-0.00378272  0.00095239  3.44682
-0.00374565  0.000890861  3.64328
-0.0036942  0.000822521  3.88343
-0.0036447  0.000756844  4.15502
-0.00359481  0.000717188  4.3152
-0.0035404  0.000673201  4.51633
-0.00347112  0.000633027  4.69352
-0.00340014  0.000606945  4.77826
-0.00333103  0.000589829  4.79974
-0.00326385  0.000574938  4.80722
-0.0032103  0.000562422  4.81898
-0.00315892  0.000553545  4.80344
-0.00309034  0.000541307  4.78534
-0.0030317  0.000531459  4.76368
-0.00297162  0.00051993  4.75376
-0.00289782  0.000510009  4.70151
-0.00283182  0.000499069  4.67233
-0.00277801  0.000490279  4.64635
-0.00270126  0.000479086  4.59471
-0.00263049  0.000470378  4.52931
-0.00257958  0.000463091  4.49065
-0.00248649  0.000450916  4.40546
-0.00241063  0.000441576  4.32684
-0.00233903  0.000433612  4.24118
-0.00225631  0.000425108  4.13143
-0.00215831  0.000414972  3.99618
-0.00209136  0.00040608  3.91884
-0.00199262  0.00040005  3.73108
-0.00190316  0.000391404  3.58494
-0.00181213  0.000383491  3.42154
-0.00174215  0.000377094  3.29399
-0.00160697  0.000366858  3.01744
-0.0015141  0.000362598  2.79677
-0.00139768  0.000353101  2.54228
-0.00128505  0.000344956  2.2758
-0.00124433  0.000343026  2.16991
-0.00109643  0.000336307  1.77346
-0.000980723  0.000332044  1.44777
-0.000830652  0.000327828  1.00862
-0.000730232  0.000322761  0.713319
-0.00055874  0.000319132  0.184062
-0.000419069  0.000315595  -0.25644
-0.000261582  0.000313586  -0.760294
