-0.003971  0.00164852  2.10552
-0.00395376  0.00152293  2.26784
-0.00393713  0.00141557  2.42809
-0.00391485  0.0012929  2.64124
-0.00388988  0.00118425  2.86247
-0.00385811  0.00109007  3.08064
-0.0038187  0.00100702  3.29558
-0.00377604  0.000927262  3.53302
-0.00373088  0.000854731  3.77999
-0.00367924  0.000794163  4.00326
-0.00361948  0.000744029  4.19269
-0.0035677  0.00068316  4.49046
-0.00351107  0.000653635  4.60665
-0.00342947  0.000620029  4.72472
-0.00334941  0.000600347  4.74627
-0.00327496  0.000590843  4.69661
-0.00322454  0.000579961  4.6978
-0.00316912  0.000569524  4.68658
-0.00311318  0.000557596  4.6865
-0.00305835  0.000546928  4.67768
-0.00300228  0.000537245  4.65761
-0.00294102  0.000527103  4.63102
-0.00287848  0.000516095  4.60861
-0.0028175  0.000506166  4.57854
-0.00275166  0.000497132  4.5293
-0.00267994  0.000488038  4.46675
-0.00261099  0.000478478  4.41188
-0.00253392  0.000469453  4.33253
-0.00245851  0.000460555  4.25251
-0.00237218  0.000451898  4.14292
-0.00230099  0.000443532  4.06056
-0.00221251  0.000435167  3.93528
-0.00213624  0.00042575  3.8432
-0.00205431  0.00041774  3.72075
-0.00196115  0.000410408  3.56023
-0.001873  0.000402293  3.41295
-0.00177773  0.000394973  3.23498
-0.00166748  0.000387537  3.01257
-0.00157742  0.000381667  2.82294
-0.00146593  0.000374789  2.57727
-0.00136266  0.000368838  2.33886
-0.00125114  0.000363148  2.06841
-0.00112813  0.000357566  1.75668
-0.00100322  0.000351931  1.42987
-0.000889444  0.000346949  1.12248
-0.000756254  0.000342816  0.747497
-0.000615639  0.000338902  0.341216
-0.000479652  0.000335456  -0.0606581
-0.000326073  0.000333525  -0.521482
-0.000147721  0.000332393  -1.05983
