-0.003971  0.00164852  2.10552
-0.00395489  0.00153107  2.25652
-0.00393426  0.0014272  2.40629
-0.00391288  0.00130286  2.61953
-0.00389054  0.00121153  2.79857
-0.00385666  0.00112575  2.98172
-0.00381922  0.00103667  3.2018
-0.00378014  0.000959036  3.42025
-0.00373551  0.000890974  3.63143
-0.00368192  0.000820618  3.87747
-0.00363327  0.000761631  4.1139
-0.00357423  0.000708192  4.34096
-0.00351153  0.000661777  4.55067
-0.00344627  0.000623305  4.72685
-0.00337  0.000594145  4.83047
-0.00328503  0.000574072  4.85135
-0.00320115  0.00055408  4.87502
-0.00314154  0.000542531  4.86892
-0.00308627  0.000532886  4.85332
-0.00302501  0.000522279  4.8346
-0.0029641  0.000512953  4.80375
-0.00289987  0.0005023  4.77775
-0.00283527  0.000493063  4.73626
-0.00277366  0.000483238  4.70505
-0.00269737  0.000472815  4.64741
-0.00263076  0.000464504  4.58716
-0.00255776  0.000455086  4.52169
-0.00249637  0.000445804  4.47814
-0.00241121  0.000436337  4.38013
-0.00233656  0.000427367  4.29738
-0.00226209  0.000419097  4.2045
-0.0021905  0.000411027  4.11286
-0.00209674  0.000402711  3.96499
-0.00200173  0.000394354  3.80808
-0.0019179  0.000386774  3.66595
-0.00183347  0.000379557  3.51322
-0.00173093  0.000370951  3.31831
-0.00162817  0.000363596  3.10281
-0.00152837  0.000357686  2.87505
-0.00142167  0.000350508  2.62952
-0.00130822  0.000344148  2.34846
-0.00119429  0.000338491  2.05114
-0.00108379  0.00033229  1.75687
-0.000971521  0.000327895  1.43802
-0.000814773  0.000322621  0.975673
-0.00070285  0.000318497  0.636898
-0.000541521  0.000314951  0.131833
-0.000388253  0.000312469  -0.357625
-0.000234107  0.000309859  -0.858107
-5.02033e-05  0.000308546  -1.45779
