-0.003971  0.00164852  2.10552
-0.00395371  0.00152259  2.26831
-0.00393519  0.00140938  2.43738
-0.00391466  0.00129429  2.63824
-0.00388915  0.00118183  2.8677
-0.00385997  0.00109535  3.0675
-0.00381505  0.00100538  3.29731
-0.00376533  0.000921255  3.54444
-0.00371459  0.000847837  3.79152
-0.00366899  0.00078903  4.01631
-0.00360708  0.000728072  4.26754
-0.00353834  0.000675048  4.50093
-0.00346969  0.000638228  4.65302
-0.00339514  0.000610473  4.74246
-0.00331654  0.000585576  4.80986
-0.00321615  0.000564043  4.8155
-0.00313758  0.000553893  4.7619
-0.00309671  0.000543254  4.77991
-0.00304219  0.000532761  4.77173
-0.00297504  0.00052269  4.73519
-0.00291881  0.000512573  4.71896
-0.00285873  0.000502615  4.69292
-0.00279855  0.000492483  4.66726
-0.00273095  0.000482529  4.62345
-0.00266348  0.000473169  4.57233
-0.00259132  0.000462977  4.51712
-0.00251725  0.000452507  4.45795
-0.00244741  0.000446032  4.36608
-0.00237718  0.000436682  4.29873
-0.00229729  0.000427337  4.2058
-0.00221667  0.000417954  4.10733
-0.00213629  0.000409633  3.99453
-0.00205013  0.000402298  3.85319
-0.00196113  0.000394116  3.70735
-0.00187647  0.000386472  3.56164
-0.00176957  0.000380094  3.34016
-0.00167888  0.000372605  3.16389
-0.00157388  0.000365272  2.93994
-0.00148515  0.000358497  2.74801
-0.00135878  0.000350524  2.44999
-0.00127353  0.000345605  2.2382
-0.00114285  0.000339446  1.89381
-0.00105172  0.0003335  1.65434
-0.0009222  0.000328278  1.28611
-0.000789077  0.000323008  0.894954
-0.000654912  0.000318849  0.485847
-0.000498872  0.000316334  -0.00356637
-0.000346499  0.000312824  -0.490695
-0.000223488  0.000310421  -0.890766
-1.41969e-05  0.000309533  -1.56947
