-0.010865  0.0047755  2.17045
-0.0107792  0.00461492  2.22739
-0.0106916  0.00445826  2.286
-0.010601  0.00429884  2.3497
-0.0105091  0.00414281  2.41601
-0.0104153  0.00399169  2.48399
-0.0103171  0.00384004  2.5565
-0.0102178  0.00369726  2.6284
-0.0101147  0.00355303  2.70606
-0.0100053  0.0034101  2.78741
-0.00989287  0.00326805  2.87415
-0.0097808  0.00312891  2.96615
-0.00966158  0.00298605  3.06813
-0.00955041  0.002859  3.16558
-0.00943127  0.00272696  3.27518
-0.00930475  0.00259257  3.39615
-0.00918031  0.00246643  3.51938
-0.00904983  0.00234404  3.64747
-0.0089169  0.00222208  3.78784
-0.00877922  0.00209721  3.94773
-0.00863717  0.00198277  4.10395
-0.0084887  0.00187334  4.26441
-0.00833931  0.0017671  4.43625
-0.0081823  0.00166222  4.6217
-0.00801916  0.00156362  4.80882
-0.00784704  0.00146621  5.01091
-0.00767852  0.00137817  5.20872
-0.00748887  0.00129039  5.41609
-0.00729594  0.00121296  5.60279
-0.00710407  0.00114447  5.77043
-0.00688195  0.00107907  5.91433
-0.00668931  0.00102794  6.02107
-0.00646086  0.000970199  6.14396
-0.00624022  0.000920808  6.2339
-0.00599982  0.000872397  6.30426
-0.00575087  0.000827924  6.34221
-0.00562486  0.000809628  6.3299
-0.00549759  0.000790905  6.31882
-0.00537638  0.000774667  6.2948
-0.00521415  0.000756912  6.22814
-0.00504816  0.000741131  6.13679
-0.0048892  0.000726334  6.04294
-0.00470683  0.000712059  5.90799
-0.00450277  0.000697829  5.73603
-0.0042842  0.000685134  5.5233
-0.00403296  0.000674246  5.23987
-0.00378301  0.000663591  4.94734
-0.003556  0.000656081  4.65796
-0.00319182  0.000649179  4.1465
-0.0028278  0.000645777  3.60464
