-0.003971  0.00164852  2.10552
-0.00395429  0.0015267  2.26259
-0.00393511  0.00140631  2.44264
-0.00391157  0.00128575  2.65338
-0.00388688  0.00119448  2.83544
-0.00385253  0.00109205  3.06994
-0.00381206  0.00101279  3.27025
-0.00376269  0.00091713  3.5575
-0.00372406  0.000855309  3.76947
-0.00365621  0.000782988  4.03099
-0.00359971  0.000734072  4.22262
-0.00352884  0.00067919  4.45949
-0.00345692  0.000633141  4.67024
-0.00339526  0.00060711  4.76892
-0.00329768  0.000579303  4.82939
-0.00320939  0.000557741  4.85779
-0.00314432  0.000546989  4.83432
-0.00308505  0.000537352  4.81071
-0.0030373  0.000527453  4.81048
-0.00297856  0.000517509  4.7894
-0.0029106  0.000508054  4.74477
-0.00283918  0.000497289  4.70386
-0.0027787  0.000487127  4.67784
-0.00271966  0.00047903  4.63366
-0.00265715  0.000469507  4.59451
-0.00257387  0.000460076  4.50766
-0.00252391  0.000452209  4.47561
-0.00243964  0.000441658  4.39173
-0.00236593  0.000433976  4.29961
-0.00228142  0.000424304  4.19845
-0.00219905  0.000415389  4.09026
-0.0021259  0.000407673  3.98823
-0.00205159  0.000399555  3.88331
-0.00195513  0.00039187  3.71328
-0.00187854  0.000384736  3.58308
-0.00179465  0.00037706  3.43355
-0.00168863  0.000369919  3.2132
-0.00158124  0.000361931  2.98742
-0.00151272  0.000355981  2.84488
-0.00139552  0.000349137  2.56496
-0.00130596  0.000344634  2.33858
-0.00117334  0.000338228  1.9908
-0.0010497  0.000331533  1.65805
-0.000947564  0.000327047  1.3685
-0.000829829  0.000322616  1.02236
-0.000673468  0.000318366  0.544871
-0.000544763  0.000314132  0.142498
-0.000415825  0.000311075  -0.270593
-0.000238446  0.00030919  -0.845933
-6.62149e-05  0.000307869  -1.40899
