-0.010865  0.0047755  2.17045
-0.0107784  0.00461499  2.22717
-0.0106914  0.00445521  2.28752
-0.0106027  0.0042993  2.34985
-0.0105088  0.00414186  2.4165
-0.0104146  0.00398972  2.48503
-0.0103174  0.0038389  2.55734
-0.0102173  0.00369253  2.6316
-0.0101125  0.00354713  2.70995
-0.0100027  0.0034019  2.79334
-0.00989285  0.00326131  2.88008
-0.00978186  0.00312384  2.97129
-0.00966049  0.00298615  3.06766
-0.00954141  0.00284619  3.17667
-0.00941978  0.00271542  3.28487
-0.00929556  0.00258365  3.40432
-0.0091698  0.00245842  3.52657
-0.00904257  0.00232835  3.66894
-0.00890102  0.0022038  3.81205
-0.00876786  0.00208979  3.95632
-0.00862114  0.00197322  4.11568
-0.00847944  0.00186109  4.28752
-0.00832654  0.00175575  4.45766
-0.0081602  0.00164776  4.64885
-0.00800676  0.00155339  4.83249
-0.00782592  0.00145615  5.03102
-0.00765745  0.00136958  5.22603
-0.00746851  0.00128159  5.4374
-0.00727876  0.00120583  5.62164
-0.00706805  0.00113505  5.78659
-0.00684888  0.00107301  5.91691
-0.00663388  0.00101539  6.04089
-0.00640889  0.000960911  6.14925
-0.00617943  0.000909074  6.24749
-0.00594975  0.000864325  6.30521
-0.00570413  0.000821521  6.33475
-0.00557624  0.000802222  6.32773
-0.0054484  0.00078473  6.30586
-0.00531679  0.000768456  6.26815
-0.00516529  0.000752341  6.20103
-0.00501086  0.000736549  6.12431
-0.0048268  0.00072263  5.98758
-0.0046525  0.000707311  5.87083
-0.00445588  0.00069519  5.69036
-0.00423608  0.000684548  5.45773
-0.00399245  0.000671487  5.20108
-0.00377143  0.000662138  4.9407
-0.00349329  0.000653394  4.58114
-0.00317434  0.000648537  4.12365
-0.00281496  0.000643441  3.59779
