-0.003971  0.00164852  2.10552
-0.00395618  0.00153969  2.24472
-0.00395005  0.00149778  2.30344
-0.00394092  0.00143885  2.39143
-0.0039291  0.00136857  2.50561
-0.00391543  0.00129577  2.63583
-0.00390277  0.00123653  2.75187
-0.00388493  0.00116631  2.90224
-0.00386879  0.00111623  3.01801
-0.00384726  0.00106694  3.13726
-0.00382325  0.00101608  3.27067
-0.00379922  0.000969726  3.40222
-0.00377669  0.000928476  3.52911
-0.00374733  0.000879679  3.69149
-0.00371795  0.000837228  3.84358
-0.00368943  0.000802495  3.9744
-0.00365695  0.000775738  4.0696
-0.00361956  0.000744117  4.1923
-0.00359306  0.000701081  4.41184
-0.00355215  0.000691301  4.41507
-0.00351729  0.000655507  4.60299
-0.00347093  0.000643523  4.61666
-0.00343008  0.000619268  4.73152
-0.00338351  0.000609896  4.72786
-0.00333827  0.00059761  4.74936
-0.00323834  0.000583488  4.69304
-0.00315497  0.000569873  4.65889
-0.00308396  0.000554456  4.66035
-0.00300371  0.000537578  4.65738
-0.00293111  0.000525171  4.62918
-0.00284861  0.000511473  4.59186
-0.00275769  0.000497734  4.53593
-0.00265518  0.000484473  4.4485
-0.00255501  0.000472158  4.35237
-0.00245437  0.000460118  4.24754
-0.00234034  0.000448099  4.107
-0.0022261  0.000435047  3.96762
-0.00210911  0.000424125  3.79396
-0.00199566  0.000413816  3.61432
-0.001873  0.000402761  3.40896
-0.0017228  0.000393732  3.10567
-0.00159342  0.000382771  2.85659
-0.00145612  0.000375759  2.5445
-0.00130222  0.000365658  2.19391
-0.00115504  0.000358915  1.82506
-0.000978429  0.000350533  1.36486
-0.000787411  0.000343418  0.836913
-0.000618244  0.00033958  0.348206
-0.000409519  0.000334641  -0.270383
-0.000181909  0.000332438  -0.956843
