-0.003971  0.00164852  2.10552
-0.00385604  0.00108565  3.09126
-0.00385604  0.00108565  3.09126
-0.00385604  0.00108565  3.09126
-0.00385604  0.00108565  3.09126
-0.00385604  0.00108565  3.09126
-0.00385604  0.00108565  3.09126
-0.00385604  0.00108565  3.09126
-0.00385604  0.00108565  3.09126
-0.00384986  0.0010737  3.11994
-0.00382796  0.00102818  3.23674
-0.00380018  0.000971816  3.39589
-0.00377131  0.000919007  3.55961
-0.00374876  0.000881928  3.6837
-0.00372365  0.000844752  3.81609
-0.0036936  0.00080787  3.95311
-0.00366165  0.000770826  4.10164
-0.00363159  0.000750758  4.17123
-0.00360332  0.000723054  4.29195
-0.00355357  0.000691268  4.41735
-0.00352827  0.000660833  4.58251
-0.00348816  0.000643624  4.64271
-0.00343495  0.000631077  4.65069
-0.00342644  0.000619747  4.722
-0.00334941  0.000600097  4.74825
-0.00325475  0.000586425  4.69752
-0.00318294  0.000571182  4.69717
-0.00310751  0.00055658  4.68487
-0.00302456  0.000541219  4.66458
-0.00294447  0.000527302  4.63582
-0.00284949  0.000513269  4.5775
-0.00276673  0.000498965  4.54287
-0.00266537  0.000486331  4.45246
-0.00256519  0.000472928  4.36682
-0.00245115  0.000460757  4.23466
-0.00234538  0.000448277  4.1166
-0.00223321  0.000436306  3.97246
-0.00212168  0.000424289  3.8221
-0.00199999  0.000413092  3.63112
-0.00186071  0.000403532  3.372
-0.00173567  0.000392172  3.15085
-0.00159147  0.000382675  2.85221
-0.00144724  0.000373802  2.53408
-0.00129219  0.000365185  2.16928
-0.0011302  0.000357659  1.76201
-0.000960115  0.000350699  1.31199
-0.000787698  0.000343377  0.837848
-0.000594517  0.000337887  0.279728
-0.00041769  0.000334461  -0.246097
-0.000147721  0.000332393  -1.05983
