-0.003971  0.00164852  2.10552
-0.00395187  0.00151007  2.2859
-0.00393218  0.0013862  2.47596
-0.00390878  0.00126369  2.69749
-0.00388076  0.00115218  2.93423
-0.00384211  0.00105535  3.16682
-0.00379803  0.000966921  3.41086
-0.00374927  0.000886144  3.66675
-0.00369418  0.00081744  3.90754
-0.0036345  0.000758725  4.13128
-0.00356394  0.0007119  4.30389
-0.00350478  0.000647532  4.64036
-0.00344308  0.000623704  4.71872
-0.00344308  0.000623704  4.71872
-0.00326617  0.000589169  4.69503
-0.00321807  0.000578475  4.69868
-0.00316531  0.000568106  4.69157
-0.00311264  0.000557693  4.68473
-0.0030589  0.000547464  4.67409
-0.00300226  0.000537265  4.65739
-0.00294382  0.000527324  4.63438
-0.00287295  0.000518176  4.57942
-0.00281259  0.000508088  4.55155
-0.00273576  0.000499959  4.47188
-0.00268789  0.000489406  4.4705
-0.00262215  0.000480006  4.42109
-0.00254933  0.00047133  4.34796
-0.00246963  0.000463075  4.25336
-0.00238912  0.000455006  4.15184
-0.0023199  0.000445928  4.08116
-0.0022446  0.000437674  3.98607
-0.00216914  0.000428912  3.89158
-0.00208167  0.000421429  3.75312
-0.00198902  0.000414497  3.59235
-0.00191066  0.000405894  3.47543
-0.00182281  0.0003984  3.32029
-0.00172792  0.000391454  3.13681
-0.00162851  0.000385042  2.93089
-0.001525  0.000378733  2.7064
-0.00142154  0.000372621  2.47314
-0.00131239  0.000366525  2.21646
-0.00119843  0.000361188  1.93369
-0.00108683  0.000355781  1.64942
-0.000971896  0.000350807  1.34517
-0.000856405  0.00034581  1.03064
-0.000731084  0.000341644  0.676388
-0.000593643  0.000338298  0.276805
-0.000448293  0.000335054  -0.154323
-0.000290935  0.000333001  -0.627819
-0.000117442  0.000332386  -1.15095
