-0.003971  0.00164852  2.10552
-0.00395184  0.00150985  2.28622
-0.00393503  0.00140293  2.44846
-0.00391314  0.00128447  2.65723
-0.00388665  0.00117243  2.88859
-0.00385738  0.00108849  3.08443
-0.00381181  0.000994551  3.32996
-0.00376552  0.0009193  3.55217
-0.00370898  0.000863787  3.71501
-0.00366878  0.000774813  4.08974
-0.00362342  0.000742356  4.20744
-0.00355347  0.000674241  4.52875
-0.00350034  0.000644778  4.65329
-0.00340726  0.000614467  4.73135
-0.0033257  0.000595351  4.74627
-0.00325054  0.000586871  4.68679
-0.00320879  0.000576603  4.69785
-0.00315248  0.000563121  4.71032
-0.00309563  0.000555528  4.67236
-0.00303247  0.000543915  4.65601
-0.00296868  0.000531149  4.64781
-0.00291004  0.000522245  4.61477
-0.00286034  0.000513051  4.6006
-0.00279853  0.000503497  4.56514
-0.00272419  0.000494214  4.50045
-0.00264497  0.000482601  4.44461
-0.0025809  0.000475103  4.37989
-0.00250997  0.000466393  4.3096
-0.00242994  0.00045837  4.21046
-0.00233633  0.000447311  4.10527
-0.00226011  0.000439363  4.00606
-0.00218309  0.000430054  3.91366
-0.00211658  0.000423754  3.81491
-0.00200881  0.000416774  3.6202
-0.00194665  0.000408826  3.53854
-0.00183703  0.000399439  3.34726
-0.00176128  0.000393815  3.20273
-0.00166185  0.000387209  3.00057
-0.00155497  0.000380224  2.7746
-0.00143074  0.000374185  2.48738
-0.00133542  0.000367548  2.27295
-0.00121539  0.000361484  1.97903
-0.00110004  0.000356251  1.68431
-0.000981496  0.000350892  1.37221
-0.000863359  0.00034607  1.04996
-0.000736759  0.000341749  0.692785
-0.000587325  0.000337911  0.258425
-0.000441095  0.000335585  -0.175531
-0.000297801  0.000333057  -0.6071
-9.97688e-05  0.000332376  -1.20415
