-0.010865  0.0047755  2.17045
-0.0107796  0.00461477  2.22754
-0.0106926  0.00445572  2.28752
-0.0106023  0.00429764  2.35066
-0.0105104  0.00414181  2.41693
-0.0104155  0.00398884  2.48582
-0.010318  0.00383762  2.55834
-0.0102167  0.0036887  2.63417
-0.0101109  0.00354277  2.71282
-0.010003  0.00340121  2.79401
-0.00989  0.00326004  2.88033
-0.00977639  0.00311978  2.97341
-0.00966227  0.00298169  3.07284
-0.00954411  0.00284558  3.1783
-0.00941782  0.00270838  3.29267
-0.00930023  0.00258306  3.4069
-0.00916967  0.00245202  3.53573
-0.0090412  0.002329  3.66732
-0.00890846  0.00220817  3.80788
-0.00876645  0.00208597  3.96287
-0.00862154  0.00196946  4.12375
-0.00847398  0.001858  4.2917
-0.00831978  0.00174914  4.47063
-0.00815896  0.00164837  4.64639
-0.00799075  0.00154385  4.852
-0.0078261  0.001451  5.04899
-0.00764526  0.00136032  5.25263
-0.00746679  0.0012789  5.44748
-0.00726684  0.00119752  5.65072
-0.00706314  0.00112926  5.8119
-0.00684814  0.0010703  5.93117
-0.00662992  0.00101027  6.06763
-0.00641904  0.000959108  6.1714
-0.00617486  0.000905249  6.26884
-0.00593478  0.000859218  6.32526
-0.00570017  0.000818777  6.35115
-0.00556568  0.000798549  6.3436
-0.00544343  0.000782613  6.31657
-0.00529278  0.000764507  6.26911
-0.00513289  0.000751937  6.16127
-0.00499573  0.000735631  6.11139
-0.00482186  0.00071983  6.00399
-0.00465974  0.000707392  5.88039
-0.00446661  0.000693953  5.71596
-0.00425228  0.000681973  5.50209
-0.00400692  0.000669655  5.2369
-0.00376838  0.000661655  4.9397
-0.00347048  0.000652173  4.55474
-0.00315319  0.000647183  4.09959
-0.0028027  0.000643361  3.57917
