-0.003971  0.00164852  2.10552
-0.00395322  0.00152031  2.2714
-0.00393319  0.00139216  2.46609
-0.00391098  0.00128092  2.66291
-0.00387295  0.00115729  2.91453
-0.00382391  0.00108081  3.07539
-0.00378878  0.000983104  3.34531
-0.00373664  0.000903011  3.58428
-0.0036675  0.000820765  3.8592
-0.00360459  0.000753531  4.12006
-0.00356651  0.000702698  4.36391
-0.0034681  0.000645307  4.59951
-0.00337249  0.000616793  4.65714
-0.00329711  0.000583993  4.78963
-0.00318988  0.00055659  4.83279
-0.00313467  0.000547099  4.81571
-0.00305657  0.000534178  4.78599
-0.00302131  0.000528545  4.77029
-0.00294727  0.000517914  4.72524
-0.00289128  0.000508249  4.70494
-0.0028589  0.000499138  4.72594
-0.00277477  0.000489412  4.64797
-0.00270499  0.000481556  4.57889
-0.00263541  0.000471963  4.52452
-0.00258045  0.000462195  4.50124
-0.00250915  0.00045461  4.4195
-0.00243837  0.000444662  4.3592
-0.00237135  0.000437016  4.28212
-0.00230289  0.000427734  4.21499
-0.00221203  0.00042007  4.07559
-0.00214418  0.000411402  3.99653
-0.00206027  0.000401946  3.88178
-0.00197974  0.000395581  3.74069
-0.001907  0.00038844  3.62217
-0.00182158  0.000382415  3.45589
-0.00173514  0.000374894  3.29463
-0.00163225  0.000367889  3.0777
-0.00153475  0.00036081  2.86786
-0.00141763  0.000354041  2.59187
-0.00133192  0.000346924  2.398
-0.00120564  0.000341739  2.06485
-0.00112406  0.000335634  1.85936
-0.00103626  0.000332212  1.61421
-0.000887678  0.000326222  1.18839
-0.000744761  0.000321925  0.760306
-0.000633453  0.000318215  0.419381
-0.000478538  0.00031389  -0.068373
-0.000343858  0.000310929  -0.502177
-0.000228012  0.000309026  -0.880146
-3.46971e-06  0.000308559  -1.60919
