-0.003971  0.00164852  2.10552
-0.00395322  0.00152595  2.263
-0.00393303  0.00140255  2.44771
-0.00391099  0.00129647  2.63098
-0.00388179  0.00119487  2.83026
-0.00385214  0.0011014  3.04351
-0.0038075  0.00101658  3.25355
-0.00376681  0.0009312  3.50817
-0.00371813  0.000858333  3.74927
-0.00367249  0.000788627  4.0228
-0.00361018  0.000725162  4.28895
-0.00354872  0.000680336  4.4812
-0.00347096  0.000636554  4.66725
-0.00340285  0.000605259  4.79604
-0.00331783  0.000579757  4.86037
-0.00322669  0.000559751  4.87126
-0.00316721  0.000549419  4.8546
-0.00310528  0.000540001  4.82457
-0.00304739  0.000529449  4.81141
-0.0029874  0.000519131  4.79147
-0.00292201  0.000510109  4.74803
-0.00285874  0.000500299  4.71467
-0.00279602  0.000490445  4.68152
-0.00272748  0.000480175  4.63891
-0.00266199  0.000470911  4.59108
-0.00260243  0.000462376  4.54702
-0.00252381  0.000452984  4.46772
-0.00245017  0.000445079  4.38163
-0.00236641  0.000436974  4.27123
-0.00230563  0.000427019  4.22845
-0.0022226  0.000418108  4.11998
-0.00213739  0.000410034  3.99329
-0.00205361  0.000402127  3.86348
-0.00196184  0.000393569  3.71431
-0.00187614  0.000385787  3.56711
-0.00178368  0.000378158  3.39455
-0.00169403  0.000371269  3.21607
-0.0016062  0.00036462  3.03386
-0.00151475  0.000358105  2.83368
-0.00139726  0.000350543  2.55961
-0.00126477  0.000344647  2.219
-0.00117732  0.000338746  1.99949
-0.00106245  0.000334264  1.68266
-0.000941087  0.000328113  1.34431
-0.000818211  0.000324583  0.980366
-0.000692506  0.000319189  0.603108
-0.000551183  0.000316346  0.161794
-0.000413014  0.000313342  -0.277608
-0.000230923  0.000310851  -0.865613
-6.39202e-05  0.000309262  -1.41007
