-0.003971  0.00164852  2.10552
-0.00394507  0.00146515  2.35135
-0.00390861  0.00126287  2.6991
-0.00386909  0.00111705  3.01605
-0.00380788  0.000985598  3.35622
-0.0037411  0.000870116  3.7249
-0.00365478  0.00077431  4.0743
-0.00356762  0.000687419  4.46251
-0.00347404  0.00063406  4.69048
-0.00340874  0.000614572  4.73296
-0.00327105  0.000590359  4.69384
-0.00321985  0.000581288  4.67901
-0.00318266  0.0005711  4.69736
-0.00313381  0.000561736  4.6887
-0.00308591  0.000552478  4.68057
-0.00303584  0.000543375  4.66684
-0.00298411  0.000534343  4.6489
-0.00293083  0.000525369  4.62691
-0.00287921  0.000516411  4.60721
-0.00282451  0.000507665  4.57881
-0.00276239  0.000499513  4.52919
-0.00270367  0.000491036  4.48781
-0.0026416  0.000482889  4.43497
-0.00257993  0.00047472  4.38138
-0.00251323  0.00046693  4.31163
-0.00244572  0.000459234  4.23689
-0.00237237  0.000451926  4.1431
-0.00230462  0.000444216  4.06248
-0.00223504  0.000436817  3.972
-0.00216828  0.000428817  3.89043
-0.00209532  0.000421701  3.78305
-0.00201936  0.000414662  3.66409
-0.00194097  0.000407865  3.53296
-0.00185973  0.000401245  3.38879
-0.00177247  0.000395178  3.21998
-0.00169043  0.000388767  3.06206
-0.00159959  0.000383064  2.87052
-0.00150725  0.000377198  2.67033
-0.00141114  0.000371839  2.45036
-0.00131247  0.000366667  2.21583
-0.00121406  0.000361589  1.97479
-0.00111104  0.000356716  1.71295
-0.00100552  0.000352138  1.43557
-0.000899095  0.000347642  1.14801
-0.000788664  0.000343473  0.840425
-0.000671947  0.000339848  0.505953
-0.000547225  0.000336794  0.14022
-0.000415655  0.000334421  -0.252213
-0.000272829  0.000332863  -0.682475
-0.000117442  0.000332386  -1.15095
