-0.003971  0.00164852  2.10552
-0.00395397  0.00152861  2.25954
-0.00393399  0.00141159  2.43271
-0.00391222  0.00129499  2.63493
-0.00388586  0.00119706  2.82847
-0.00385122  0.00110385  3.03594
-0.00381275  0.00101431  3.26601
-0.00376739  0.000925692  3.52968
-0.0037225  0.000863895  3.7302
-0.00367356  0.000791668  4.0087
-0.00361802  0.000734549  4.24481
-0.00355265  0.000679923  4.48971
-0.00348921  0.000638352  4.6827
-0.00341527  0.000606728  4.80491
-0.0033393  0.000585005  4.85346
-0.00320929  0.000554424  4.88668
-0.00317814  0.000549283  4.8757
-0.0030752  0.000536036  4.80415
-0.00299936  0.000523595  4.77346
-0.00294492  0.000511215  4.78256
-0.00294007  0.000508541  4.79818
-0.00285969  0.000498369  4.73482
-0.00278416  0.000485732  4.70251
-0.00270975  0.000473925  4.66266
-0.00268578  0.000470839  4.6423
-0.0025812  0.000457032  4.55374
-0.00252726  0.000449317  4.51186
-0.00248244  0.000444396  4.46098
-0.00239613  0.000433857  4.3704
-0.00232447  0.000425771  4.2851
-0.00223752  0.000417248  4.16424
-0.00215079  0.000407771  4.04833
-0.00207409  0.000400455  3.93075
-0.00199806  0.00039399  3.80227
-0.00189731  0.000385107  3.62837
-0.00182446  0.000377856  3.50519
-0.00171551  0.000369794  3.28699
-0.00159674  0.00036278  3.02316
-0.00151592  0.00035523  2.8599
-0.00141816  0.000349131  2.62983
-0.00127394  0.00034426  2.24811
-0.00118494  0.000337004  2.03244
-0.00113265  0.000333898  1.89473
-0.000975092  0.000327083  1.45251
-0.000868022  0.000324124  1.13544
-0.000727294  0.000319312  0.711825
-0.000604851  0.000315042  0.332815
-0.000486952  0.000312028  -0.0418175
-0.000303445  0.00030898  -0.636141
-0.000106525  0.00030631  -1.28456
