-0.010865  0.0047755  2.17045
-0.0107821  0.00461882  2.22613
-0.0106961  0.00446266  2.28476
-0.0106087  0.00431115  2.34477
-0.0105197  0.00415769  2.40992
-0.010428  0.00400944  2.47615
-0.0103337  0.00386132  2.54672
-0.010236  0.00371662  2.61958
-0.0101335  0.00357488  2.69478
-0.0100267  0.00343269  2.77527
-0.00992021  0.00329826  2.85611
-0.00980968  0.00315831  2.94768
-0.00969724  0.00302687  3.03853
-0.0095855  0.00289402  3.1394
-0.00946789  0.00276167  3.24727
-0.00935027  0.00263484  3.35894
-0.00922685  0.00250895  3.47828
-0.00909876  0.00238381  3.60714
-0.00896975  0.00226287  3.74292
-0.00883539  0.0021426  3.89031
-0.00869718  0.00202937  4.03927
-0.00855681  0.00191905  4.19833
-0.00841071  0.00181424  4.36035
-0.00826234  0.00171009  4.53913
-0.00810221  0.00160903  4.72472
-0.00793551  0.00151279  4.91509
-0.00777242  0.00142494  5.10368
-0.00759288  0.0013339  5.31741
-0.00741872  0.00125717  5.50341
-0.00721674  0.00118089  5.68785
-0.0070158  0.00111603  5.8384
-0.00680735  0.00105598  5.97297
-0.00660096  0.00100243  6.08615
-0.00638041  0.000949637  6.19227
-0.00614614  0.000899682  6.27571
-0.00591989  0.000856843  6.32542
-0.00568171  0.000816416  6.3469
-0.00554956  0.000797216  6.33399
-0.00539726  0.00077787  6.29573
-0.0052636  0.000761938  6.25195
-0.00511064  0.000745069  6.1882
-0.00492566  0.000729189  6.06929
-0.00473509  0.000716134  5.91382
-0.00452874  0.000699048  5.76318
-0.00429825  0.000686499  5.53278
-0.00408904  0.00067607  5.30869
-0.00384205  0.000664932  5.02616
-0.0035739  0.000656406  4.68293
-0.00317896  0.00064971  4.12332
-0.00280067  0.000644199  3.57136
