-0.003971  0.00164852  2.10552
-0.00395349  0.00152121  2.27022
-0.00393336  0.0013931  2.46455
-0.00391125  0.00129695  2.63021
-0.00388992  0.00118659  2.85687
-0.00385228  0.00108379  3.09311
-0.00380964  0.0010096  3.27817
-0.00376771  0.000948129  3.44648
-0.00371449  0.000859051  3.74191
-0.00365535  0.000825261  3.82346
-0.00360062  0.000754258  4.11082
-0.00355064  0.000706059  4.32065
-0.00346972  0.000650777  4.56334
-0.00339854  0.000622896  4.65333
-0.00331936  0.000591375  4.76746
-0.00323457  0.000564591  4.84345
-0.00316765  0.000554262  4.81297
-0.00309253  0.00054573  4.75058
-0.00306357  0.000534528  4.79594
-0.00297316  0.000526385  4.69839
-0.00289962  0.000510738  4.69835
-0.00285028  0.000502744  4.6749
-0.00279514  0.000490326  4.68084
-0.00272424  0.000482844  4.60654
-0.00264926  0.000476397  4.51149
-0.00261181  0.0004677  4.51532
-0.00249204  0.000452765  4.39972
-0.00244544  0.000446661  4.35551
-0.00238955  0.000437044  4.32347
-0.00227397  0.000429276  4.13246
-0.00218889  0.000417154  4.0486
-0.00213776  0.000411894  3.97618
-0.0020441  0.000403442  3.82731
-0.00197544  0.000395841  3.72735
-0.00187687  0.000387483  3.55336
-0.0017728  0.000382214  3.33006
-0.00169985  0.000371651  3.22844
-0.00160389  0.000366555  3.01151
-0.00150172  0.00036001  2.78247
-0.00139842  0.000350846  2.56073
-0.00127302  0.000344313  2.24512
-0.00117886  0.00034096  1.99102
-0.0010524  0.000334527  1.6513
-0.000925998  0.000328048  1.29859
-0.000799595  0.000323941  0.924844
-0.000668577  0.000319342  0.527889
-0.000548077  0.000316188  0.152051
-0.000404625  0.000312906  -0.304803
-0.000258153  0.000310554  -0.778761
-3.46297e-05  0.000309024  -1.50594
