-0.003971  0.00164852  2.10552
-0.00395486  0.00153051  2.25733
-0.00393787  0.00142003  2.42099
-0.00392102  0.00132444  2.58299
-0.00389909  0.00122075  2.78442
-0.0038741  0.0011313  2.9825
-0.00382768  0.00105655  3.14958
-0.00378888  0.000981169  3.352
-0.00375042  0.000904457  3.59379
-0.0036991  0.000835202  3.83033
-0.00364954  0.000774116  4.06856
-0.00359096  0.000722524  4.278
-0.00352693  0.000678777  4.45938
-0.00344824  0.000646402  4.56101
-0.00337945  0.00061182  4.70637
-0.00330931  0.000588933  4.77016
-0.0032131  0.000567926  4.77721
-0.00313706  0.000552951  4.76906
-0.0030501  0.00053609  4.75685
-0.00299541  0.000526616  4.73858
-0.0029316  0.000516996  4.70333
-0.00286334  0.000506958  4.66182
-0.00281075  0.000497439  4.6453
-0.00274724  0.000489086  4.59478
-0.00268019  0.000480023  4.54183
-0.00261336  0.000470734  4.48951
-0.0025419  0.000461673  4.42283
-0.00247771  0.000453062  4.36521
-0.00238895  0.000444999  4.24484
-0.00232012  0.000434762  4.18647
-0.00223661  0.000426852  4.06842
-0.00216226  0.000418607  3.97094
-0.00206608  0.000409792  3.82165
-0.00200118  0.000402247  3.73198
-0.00189163  0.000392086  3.54929
-0.00182132  0.000386578  3.418
-0.00173914  0.000379918  3.2616
-0.00164228  0.000372457  3.06687
-0.00151953  0.000363267  2.80656
-0.00143248  0.000358051  2.60433
-0.00133882  0.000352252  2.3813
-0.0012365  0.0003478  2.11759
-0.0011006  0.00033944  1.76938
-0.000957965  0.000334251  1.37012
-0.000893299  0.00033062  1.18958
-0.000675618  0.000323732  0.54248
-0.000600503  0.000322814  0.311334
-0.000434464  0.000319674  -0.20501
-0.000320355  0.000316001  -0.568495
3.31112e-06  0.000315287  -1.59636
