0.000342445  0.000405891  -2.07555
0.000316291  0.000413888  -1.97225
0.000287064  0.000421009  -1.86947
0.000258326  0.000429935  -1.76381
0.000231741  0.000438923  -1.66713
0.000197104  0.000445968  -1.56313
0.000190665  0.000453734  -1.52218
0.000159117  0.000466607  -1.41257
0.000139557  0.000476866  -1.34117
0.000123743  0.000487882  -1.27847
0.000105791  0.000499464  -1.21288
9.12729e-05  0.000509716  -1.16
7.90026e-05  0.000517052  -1.11981
6.21268e-05  0.000531386  -1.05785
5.02974e-05  0.000542648  -1.0141
3.73767e-05  0.000555937  -0.966614
2.66031e-05  0.000567806  -0.927435
1.59607e-05  0.000580234  -0.889228
6.05691e-06  0.000592428  -0.854208
-3.63672e-06  0.00060495  -0.820503
-1.29967e-05  0.000617591  -0.788553
-2.09934e-05  0.00062882  -0.761755
-3.02171e-05  0.000642262  -0.731451
-3.76969e-05  0.000653548  -0.707375
-4.7e-05  0.000668067  -0.678075
-3.29338e-05  0.000646321  -0.722654
-2.0496e-05  0.00062811  -0.763408
-6.09121e-06  0.000608212  -0.812066
8.39108e-06  0.0005895  -0.862411
2.45908e-05  0.000570102  -0.920169
4.09297e-05  0.00055218  -0.979625
5.8983e-05  0.000534295  -1.04621
7.88915e-05  0.000517131  -1.11943
0.000101723  0.00050196  -1.19875
0.000128466  0.000487131  -1.29014
0.000150354  0.000470812  -1.38134
0.000177627  0.000455755  -1.48682
0.000208796  0.000442604  -1.60142
0.00024107  0.000431704  -1.71661
0.000274075  0.000420393  -1.84131
0.000307527  0.000412429  -1.95798
0.000350506  0.000403047  -2.11019
0.000392308  0.000394422  -2.26232
0.000433189  0.000386951  -2.41165
0.000477748  0.000381925  -2.56005
0.00053163  0.000377596  -2.7321
0.000585866  0.000375976  -2.88813
0.000635126  0.00036821  -3.08283
0.000666745  0.000357072  -3.26753
0.000708077  0.000349834  -3.45329
