-0.003971  0.00164852  2.10552
-0.00395375  0.00152318  2.26746
-0.00393451  0.00140456  2.44527
-0.00391317  0.00128793  2.65012
-0.00388628  0.00119679  2.82947
-0.00385257  0.00110293  3.0397
-0.00381293  0.00101642  3.25941
-0.00376893  0.00093842  3.48344
-0.00372557  0.000860056  3.75042
-0.00367688  0.000795979  3.99117
-0.00362933  0.000738009  4.24024
-0.00355169  0.000684555  4.45792
-0.00349285  0.000639617  4.67912
-0.00341513  0.000607783  4.79633
-0.00333184  0.000581355  4.87111
-0.00324758  0.00056276  4.88233
-0.00318563  0.000552948  4.85693
-0.00313085  0.00054129  4.86035
-0.00306922  0.000531776  4.83139
-0.00301297  0.000521525  4.8185
-0.00294761  0.000511898  4.78144
-0.00288237  0.000501607  4.74946
-0.00281821  0.000492287  4.70905
-0.0027512  0.000481836  4.67213
-0.0026852  0.000473124  4.61867
-0.00260961  0.000463199  4.55444
-0.00253752  0.000451594  4.51184
-0.00247515  0.000443894  4.4496
-0.00240294  0.00043567  4.36784
-0.0023198  0.000426362  4.2682
-0.00223782  0.000417535  4.16209
-0.00216391  0.000409391  4.06436
-0.00207483  0.000401834  3.91911
-0.0019953  0.000394241  3.79286
-0.00190435  0.00038623  3.63604
-0.00181584  0.000378066  3.48045
-0.00170055  0.000370625  3.23925
-0.00161183  0.000363334  3.06007
-0.0015227  0.000357158  2.86343
-0.00139782  0.00034954  2.56857
-0.00129586  0.000343706  2.31554
-0.00118379  0.000337453  2.02631
-0.00106533  0.000332182  1.70185
-0.0009374  0.000326181  1.34097
-0.000813299  0.000322638  0.971056
-0.000679597  0.000318533  0.563825
-0.000544555  0.000314313  0.141754
-0.000388761  0.000310711  -0.358013
-0.000236948  0.00030899  -0.851327
-1.89274e-05  0.000308138  -1.56123
