-0.010865  0.0047755  2.17045
-0.0107794  0.00461557  2.22712
-0.0106932  0.00445714  2.28693
-0.0106031  0.00429965  2.34974
-0.0105125  0.00414641  2.41474
-0.0104168  0.00399252  2.48386
-0.0103203  0.00384355  2.55501
-0.0102186  0.00369321  2.63148
-0.0101159  0.00355085  2.70805
-0.0100069  0.00340891  2.78884
-0.00989645  0.00326952  2.87395
-0.0097823  0.0031306  2.96502
-0.00966927  0.00299376  3.06279
-0.00955047  0.00285741  3.16737
-0.00943008  0.00272467  3.27749
-0.00931291  0.00259818  3.39196
-0.00918203  0.00246722  3.51895
-0.00905332  0.00234177  3.6525
-0.00891808  0.00221759  3.79605
-0.00878082  0.00210299  3.93764
-0.00863895  0.00198742  4.09523
-0.00849354  0.00187242  4.26909
-0.00833964  0.00176396  4.44433
-0.00818147  0.00166386  4.61667
-0.0080237  0.00156454  4.80887
-0.00785833  0.00146879  5.0098
-0.00767838  0.00137808  5.20897
-0.00749586  0.00129435  5.4049
-0.0073007  0.00121403  5.60178
-0.00710126  0.00114583  5.76111
-0.00689399  0.0010841  5.89799
-0.00667058  0.00102254  6.03457
-0.00645666  0.000969683  6.1429
-0.00622753  0.000919079  6.23182
-0.00599639  0.000873048  6.29564
-0.00575964  0.000829298  6.34227
-0.00563077  0.00081072  6.32866
-0.00549545  0.000791571  6.31081
-0.00536072  0.000773864  6.2811
-0.00521958  0.000757096  6.2338
-0.00506568  0.000741167  6.16012
-0.00486642  0.000722935  6.03985
-0.00469287  0.000710208  5.90372
-0.00449383  0.000695112  5.74559
-0.00425846  0.00068395  5.49522
-0.00401613  0.000671638  5.23516
-0.00377015  0.000661475  4.94372
-0.00353792  0.000654515  4.64148
-0.00316724  0.000647347  4.12027
-0.00276726  0.000643662  3.52244
