-0.003971  0.00164852  2.10552
-0.00395242  0.00152478  2.26421
-0.0039345  0.00141472  2.42769
-0.00391639  0.00130981  2.6083
-0.00389342  0.00120822  2.80862
-0.00385858  0.00110633  3.03577
-0.00382221  0.00102949  3.22705
-0.0037838  0.00095813  3.4273
-0.00373247  0.000864829  3.73769
-0.00369588  0.000807862  3.95598
-0.00364369  0.000751037  4.18579
-0.0035664  0.000698915  4.38737
-0.00348963  0.000672374  4.44638
-0.00342661  0.000632763  4.62513
-0.00334052  0.000598206  4.74841
-0.00325785  0.000584086  4.72165
-0.00317088  0.000567038  4.71023
-0.00308903  0.000548587  4.71945
-0.00303034  0.000537215  4.71011
-0.00294927  0.000529431  4.62623
-0.00290713  0.000517121  4.65487
-0.00285274  0.000508564  4.62624
-0.00279846  0.00049894  4.60669
-0.00271697  0.000487525  4.5474
-0.00265083  0.000479492  4.48564
-0.00259261  0.000470288  4.44963
-0.00252883  0.000460988  4.40105
-0.00245141  0.000452693  4.31068
-0.00238538  0.000443944  4.24687
-0.0023265  0.000435091  4.19798
-0.00222679  0.000424109  4.07158
-0.00211259  0.000417902  3.85879
-0.00207187  0.000406369  3.8681
-0.0019815  0.000400561  3.69856
-0.00190726  0.000393619  3.57518
-0.00179308  0.000386295  3.34738
-0.0017327  0.00037945  3.24865
-0.00161529  0.000372922  2.99068
-0.00153689  0.000364287  2.84635
-0.00143835  0.000358411  2.61809
-0.0013156  0.000352593  2.31315
-0.00117951  0.000346814  1.9593
-0.00110669  0.00034142  1.77697
-0.000980592  0.000334653  1.43609
-0.000874504  0.000330611  1.13276
-0.000745923  0.000327978  0.749815
-0.00062305  0.000322791  0.381207
-0.000474226  0.00031966  -0.0806282
-0.000317962  0.000315834  -0.576373
-0.000140821  0.000314679  -1.14141
