-0.003971  0.00164852  2.10552
-0.00395439  0.00152774  2.26111
-0.00393496  0.00140617  2.44278
-0.00391444  0.00129088  2.64504
-0.00388846  0.00118559  2.85803
-0.0038579  0.00109179  3.07559
-0.00380849  0.00100467  3.2931
-0.00377193  0.000933652  3.50445
-0.00371505  0.000856587  3.75333
-0.00366029  0.000792677  3.98686
-0.00359819  0.000731207  4.23709
-0.00352967  0.000682808  4.43707
-0.00345267  0.000642387  4.59641
-0.00338509  0.000606987  4.75313
-0.00327621  0.000578689  4.79741
-0.00318365  0.000553834  4.84559
-0.00310151  0.0005447  4.77605
-0.00306053  0.000532154  4.81163
-0.00301635  0.000524384  4.79868
-0.00294135  0.000512354  4.76497
-0.00288401  0.000503503  4.73485
-0.0028244  0.000493765  4.7075
-0.00275606  0.000486219  4.64
-0.00267772  0.000474158  4.59282
-0.00263339  0.000466293  4.57521
-0.00257194  0.000458872  4.51528
-0.00249351  0.000447741  4.45238
-0.00241791  0.000439576  4.36308
-0.00236241  0.000431644  4.3147
-0.00226944  0.000421855  4.19443
-0.00219346  0.000413412  4.09629
-0.00210838  0.000406554  3.95612
-0.00201297  0.000399369  3.78841
-0.00196649  0.000392146  3.73965
-0.00186015  0.000382714  3.55396
-0.00177663  0.000376648  3.38946
-0.0016942  0.000369841  3.22896
-0.00159245  0.000362586  3.01294
-0.00149385  0.000356154  2.7905
-0.00137344  0.000348662  2.50512
-0.00128663  0.000342991  2.29344
-0.00116883  0.000337032  1.98447
-0.00104942  0.000332003  1.65485
-0.000940629  0.00032679  1.34835
-0.000807578  0.00032196  0.95533
-0.00067551  0.000317518  0.552757
-0.000552415  0.000313905  0.166978
-0.000376886  0.000310893  -0.396
-0.000221702  0.000308986  -0.900683
-4.49183e-05  0.000307969  -1.47769
