-0.010865  0.0047755  2.17045
-0.0107779  0.00461373  2.22768
-0.0106909  0.00445578  2.28712
-0.0106023  0.00430167  2.34846
-0.0105094  0.00414828  2.41289
-0.0104143  0.00399341  2.48267
-0.0103126  0.00383728  2.55718
-0.010216  0.00369602  2.62877
-0.0101118  0.00355079  2.70694
-0.010003  0.00340438  2.79141
-0.00989339  0.00326544  2.87661
-0.0097801  0.00312702  2.96772
-0.00966325  0.00298883  3.06583
-0.0095482  0.002858  3.16592
-0.00942545  0.00272549  3.27481
-0.00930134  0.00258935  3.39906
-0.00917246  0.00245981  3.52567
-0.00904399  0.00233841  3.65376
-0.00891098  0.00221595  3.79565
-0.00876859  0.00209363  3.94941
-0.00862778  0.00197841  4.10824
-0.00848198  0.00187057  4.26714
-0.00833433  0.00176651  4.43492
-0.00816706  0.00165721  4.62649
-0.00799918  0.00155735  4.81535
-0.00783027  0.00146645  4.99866
-0.00765101  0.00137638  5.19552
-0.00747004  0.00129394  5.38669
-0.00727127  0.00121379  5.57864
-0.00708413  0.00114403  5.75522
-0.00687187  0.00107982  5.90085
-0.00664624  0.00102214  6.01313
-0.00642214  0.000966255  6.12896
-0.00619841  0.000915917  6.22153
-0.00596285  0.000870038  6.27887
-0.00572477  0.000826661  6.32033
-0.00559189  0.000807114  6.30876
-0.00545826  0.000789861  6.27738
-0.00533645  0.000773393  6.25354
-0.00517868  0.000755874  6.18976
-0.0050141  0.000739275  6.10611
-0.00483949  0.000723902  5.99458
-0.00466082  0.000709953  5.86069
-0.00446402  0.000696493  5.6914
-0.00424798  0.000683249  5.48553
-0.00399323  0.000671189  5.20454
-0.00375207  0.000663064  4.90461
-0.00347087  0.000653313  4.54739
-0.0031601  0.000646714  4.11325
-0.00279426  0.000643676  3.5643
