-0.003971  0.00164852  2.10552
-0.00395386  0.00153187  2.25467
-0.00393503  0.00141628  2.42539
-0.00391639  0.00130981  2.6083
-0.00389342  0.00120822  2.80862
-0.00386593  0.00111441  3.02037
-0.00382614  0.00102861  3.23364
-0.00378336  0.000949949  3.45635
-0.00373779  0.000877504  3.68977
-0.00368986  0.000806454  3.95542
-0.00363534  0.000744967  4.2087
-0.00357903  0.000694788  4.43161
-0.00350878  0.000651146  4.62075
-0.00343577  0.00062272  4.71444
-0.00334626  0.000597332  4.76496
-0.00326  0.000581234  4.74852
-0.00317711  0.000562259  4.76135
-0.00310256  0.000545744  4.76883
-0.00303245  0.000534371  4.73912
-0.00297952  0.000526073  4.71327
-0.00291889  0.000516516  4.6831
-0.00284807  0.000507066  4.63071
-0.0027839  0.000496961  4.59573
-0.0027309  0.000487561  4.57562
-0.00266111  0.000476671  4.53375
-0.00260077  0.000468078  4.48809
-0.00252583  0.000457979  4.42341
-0.00245402  0.000450314  4.33924
-0.00239064  0.000441666  4.2807
-0.00230959  0.000432151  4.18742
-0.00222169  0.000422208  4.07782
-0.00214046  0.000413115  3.97095
-0.00207842  0.000407721  3.87131
-0.00198959  0.000398102  3.74173
-0.00191684  0.000391916  3.61517
-0.00181752  0.000382818  3.44163
-0.00170075  0.000375233  3.20002
-0.00160239  0.000367652  2.99845
-0.00148281  0.000359342  2.73504
-0.00142561  0.000356103  2.59928
-0.00130823  0.00035014  2.3083
-0.00121667  0.00034361  2.08569
-0.00109021  0.000337807  1.74718
-0.000932854  0.000330679  1.30899
-0.000842487  0.000326791  1.04803
-0.000688628  0.000321379  0.586932
-0.000582876  0.00031795  0.260658
-0.000408817  0.000315521  -0.288991
-0.000369815  0.00031399  -0.414617
-0.000196969  0.000311819  -0.971817
