-0.003971  0.00164852  2.10552
-0.00395336  0.00152493  2.26461
-0.00393224  0.00138657  2.47535
-0.00391183  0.00127814  2.66937
-0.00388277  0.00115949  2.91747
-0.00384838  0.00107721  3.10839
-0.00381311  0.00103016  3.21611
-0.00374919  0.00097509  3.33219
-0.00369914  0.000870739  3.67405
-0.00367028  0.00081757  3.87768
-0.00361557  0.000778218  4.00347
-0.00355896  0.000729935  4.19074
-0.00351121  0.000668036  4.50756
-0.00340504  0.000612219  4.7451
-0.0033807  0.000604396  4.76624
-0.00325464  0.000566583  4.86184
-0.00318611  0.000557126  4.82137
-0.00308674  0.000547401  4.72549
-0.00307612  0.000536746  4.79952
-0.00299382  0.00052456  4.75412
-0.00297217  0.000516645  4.78504
-0.0028595  0.000508734  4.63797
-0.00283642  0.000497772  4.69376
-0.00274193  0.000487327  4.60047
-0.0026783  0.000476719  4.56936
-0.0025984  0.00046845  4.47946
-0.00252592  0.000460997  4.39466
-0.00248368  0.000449757  4.41057
-0.00238112  0.000441259  4.26308
-0.00232265  0.000435251  4.18758
-0.00225332  0.000426193  4.11392
-0.00215262  0.000414453  3.98747
-0.00205653  0.000404611  3.84697
-0.00199973  0.000398845  3.76019
-0.00188694  0.000393871  3.52131
-0.00183091  0.000385603  3.45151
-0.00172327  0.000376005  3.25335
-0.00159609  0.000369894  2.96325
-0.00153627  0.000362756  2.85665
-0.0013875  0.000357818  2.48031
-0.00129242  0.000349857  2.26499
-0.00119371  0.000344371  2.01443
-0.00106313  0.000336708  1.67247
-0.000945499  0.000332584  1.33951
-0.000802747  0.000328495  0.921618
-0.00068368  0.000325579  0.564164
-0.000527404  0.00032124  0.0853065
-0.00039855  0.000318016  -0.31901
-0.000230066  0.000316365  -0.853236
-1.75377e-05  0.000316084  -1.52637
