-0.003971  0.00164852  2.10552
-0.00395268  0.0015206  2.2706
-0.00393651  0.00142827  2.40607
-0.00391461  0.00132032  2.58621
-0.00389138  0.00121957  2.7808
-0.00386437  0.00112283  2.99633
-0.00382729  0.00103977  3.20002
-0.0037846  0.000954731  3.44034
-0.00374432  0.000886081  3.66143
-0.00369814  0.000828414  3.86056
-0.0036441  0.000765985  4.10466
-0.00358518  0.000709215  4.35013
-0.00353192  0.000676637  4.48086
-0.00344941  0.000631588  4.66983
-0.00338568  0.00059958  4.81284
-0.00329902  0.000579325  4.83152
-0.00321914  0.000562321  4.83557
-0.00316344  0.000549667  4.84555
-0.00310709  0.000539265  4.83452
-0.00303771  0.000528577  4.80103
-0.00296767  0.000517736  4.76626
-0.00289055  0.000505696  4.72725
-0.00282974  0.000497558  4.68235
-0.00275921  0.000488354  4.62616
-0.00268242  0.000473344  4.61065
-0.0026286  0.000468757  4.54095
-0.00255586  0.000460366  4.4657
-0.00247564  0.000449321  4.39695
-0.00240314  0.000440116  4.32417
-0.00229856  0.000432711  4.15648
-0.0022674  0.000424975  4.15884
-0.00216315  0.000414408  4.01331
-0.00207025  0.000405354  3.87377
-0.00201209  0.000399598  3.78403
-0.00190729  0.000390644  3.60249
-0.00178908  0.000382025  3.37434
-0.00168594  0.000373195  3.17781
-0.00158678  0.000368235  2.95133
-0.0014782  0.000359588  2.72033
-0.00133664  0.00035543  2.35388
-0.00126868  0.000347232  2.21373
-0.00110961  0.000338368  1.80161
-0.00102813  0.000334344  1.57959
-0.000932901  0.000329791  1.31265
-0.000782245  0.00032541  0.867352
-0.000626382  0.00032003  0.394906
-0.00050206  0.000315493  0.00653074
-0.00030957  0.000312886  -0.608625
-0.000277189  0.000312232  -0.713608
6.54709e-05  0.00031018  -1.82304
