-0.010865  0.0047755  2.17045
-0.0107792  0.00461492  2.22739
-0.0106916  0.00445826  2.286
-0.0106015  0.00430077  2.34876
-0.0105105  0.00414615  2.41442
-0.0104165  0.00399393  2.4829
-0.0103186  0.00384394  2.55432
-0.0102186  0.00369574  2.62967
-0.0101123  0.00355197  2.70618
-0.0100051  0.00340804  2.78902
-0.00989547  0.00326677  2.87608
-0.00978277  0.00312682  2.96876
-0.00966903  0.00299183  3.06469
-0.00954963  0.00285614  3.16849
-0.00943047  0.00272382  3.27866
-0.0093072  0.00259518  3.39368
-0.00918106  0.0024665  3.51959
-0.00904992  0.00233864  3.65594
-0.00891642  0.00221541  3.79903
-0.00877922  0.00209721  3.94773
-0.0086372  0.00198278  4.10394
-0.00849006  0.00187042  4.27181
-0.0083403  0.00176507  4.44192
-0.00817786  0.00166069  4.6233
-0.00801959  0.00156149  4.81564
-0.00784704  0.00146621  5.01091
-0.00767645  0.00137759  5.20942
-0.00749017  0.00129028  5.41754
-0.00729789  0.00121324  5.60307
-0.00710148  0.00114214  5.77991
-0.00689085  0.00108221  5.90539
-0.00667734  0.00102425  6.03109
-0.00646086  0.000970199  6.14396
-0.00621955  0.000915348  6.24851
-0.00599875  0.000871534  6.30929
-0.00575132  0.000827855  6.34328
-0.00562509  0.000809656  6.32996
-0.00549762  0.0007909  6.3189
-0.00536288  0.000773844  6.28406
-0.005224  0.000756882  6.2414
-0.00505811  0.000740827  6.15273
-0.00488893  0.000724946  6.05415
-0.00470706  0.000710486  5.92138
-0.00452035  0.000697099  5.76726
-0.0042842  0.000685134  5.5233
-0.00404456  0.000673652  5.26171
-0.00378893  0.000663841  4.95439
-0.00352527  0.000655902  4.61238
-0.00321331  0.000649122  4.17998
-0.00283172  0.000645558  3.61194
