-0.003971  0.00164852  2.10552
-0.0039527  0.00152761  2.26019
-0.00393074  0.0013954  2.45861
-0.00390498  0.00129643  2.62642
-0.00387471  0.00117552  2.87083
-0.00384156  0.00107605  3.1054
-0.00379918  0.00098938  3.33459
-0.00376019  0.000911758  3.57572
-0.00369856  0.000824342  3.88014
-0.00363515  0.00076528  4.09673
-0.00358815  0.000711107  4.34273
-0.0035119  0.000652204  4.61803
-0.00343486  0.000621816  4.71982
-0.00337453  0.000591575  4.85911
-0.00325512  0.000564869  4.87745
-0.00318696  0.000554605  4.84482
-0.00313588  0.000544266  4.843
-0.00308144  0.00053327  4.84077
-0.00302678  0.000525542  4.80794
-0.00295617  0.000513276  4.78529
-0.00290844  0.000505752  4.76211
-0.00283958  0.000494907  4.72732
-0.0027832  0.000486808  4.69015
-0.00271278  0.00047744  4.63467
-0.00265042  0.000468118  4.59375
-0.00258265  0.000458842  4.53894
-0.00252278  0.00045125  4.4826
-0.00243118  0.000441663  4.37253
-0.00234765  0.000432433  4.27269
-0.0022893  0.000423739  4.22266
-0.00221528  0.000416686  4.11649
-0.00214948  0.000408888  4.03405
-0.0020472  0.000400129  3.86675
-0.00196066  0.000392829  3.71832
-0.00188132  0.000385778  3.5806
-0.00178223  0.000376285  3.4076
-0.00167278  0.000371263  3.15888
-0.00161124  0.000364151  3.05159
-0.00148844  0.000356256  2.77452
-0.00140048  0.000351036  2.56521
-0.00130036  0.000345049  2.31956
-0.00119099  0.000340362  2.03016
-0.00106973  0.000335048  1.70045
-0.000951681  0.000328267  1.37596
-0.000814952  0.000324492  0.970598
-0.000700927  0.000320441  0.627034
-0.000553324  0.00031612  0.168683
-0.000449588  0.000313172  -0.160971
-0.00027421  0.000310398  -0.727421
-0.000109249  0.000309127  -1.26405
