-0.003971  0.00164852  2.10552
-0.00395322  0.00152031  2.2714
-0.00393323  0.00140344  2.44631
-0.00391401  0.00130539  2.61531
-0.00388631  0.00119316  2.8381
-0.0038517  0.00110455  3.03444
-0.00381073  0.00103269  3.20594
-0.00376844  0.000955994  3.41889
-0.0037198  0.000865142  3.7217
-0.00367063  0.00080739  3.92701
-0.00361834  0.000748438  4.16646
-0.00355923  0.000705564  4.33586
-0.00348801  0.000651338  4.58749
-0.00342084  0.000628013  4.65092
-0.0033455  0.000592311  4.80407
-0.00326695  0.000571211  4.84401
-0.003206  0.000560777  4.82545
-0.00315357  0.000549629  4.82792
-0.00307733  0.000534863  4.81867
-0.00304207  0.000528727  4.80791
-0.00296616  0.000517244  4.76788
-0.0028983  0.000506595  4.73416
-0.0028416  0.000497044  4.71105
-0.00277298  0.000486956  4.66773
-0.00270311  0.000477306  4.61572
-0.00263049  0.000467648  4.55575
-0.00256199  0.00045829  4.4993
-0.00248472  0.00044821  4.4281
-0.00242462  0.000439638  4.37774
-0.00233562  0.000429849  4.27038
-0.00225654  0.000421909  4.16332
-0.00216608  0.00041224  4.04152
-0.00208705  0.000404803  3.92055
-0.00198997  0.000395615  3.76622
-0.0019051  0.000387957  3.6218
-0.00180054  0.00038043  3.41862
-0.00169901  0.000371019  3.23167
-0.0016042  0.000365352  3.02229
-0.00149422  0.000358239  2.77529
-0.00141291  0.000352061  2.59304
-0.00128396  0.000344323  2.27682
-0.00116693  0.000338024  1.97304
-0.00105193  0.000332068  1.6621
-0.000925973  0.000327474  1.30078
-0.000801124  0.000322651  0.933281
-0.000666543  0.000318839  0.522343
-0.000516229  0.000314638  0.051581
-0.000365951  0.000310892  -0.431178
-0.000200867  0.000308989  -0.9681
-1.57348e-05  0.000308368  -1.57041
