-0.003971  0.00164852  2.10552
-0.00395465  0.00153104  2.2564
-0.00393497  0.00140572  2.44357
-0.00391695  0.00130735  2.61364
-0.00388879  0.00121168  2.79676
-0.00385571  0.00110354  3.04085
-0.00382015  0.00103312  3.21372
-0.00377765  0.00095348  3.43756
-0.00373339  0.000883255  3.66077
-0.00368297  0.000810599  3.92668
-0.00361969  0.000760677  4.10121
-0.0035869  0.00072439  4.26138
-0.0035075  0.000663382  4.53359
-0.00343675  0.000621524  4.72508
-0.00336234  0.000591016  4.84308
-0.0032712  0.000578334  4.7917
-0.00319726  0.000553426  4.87374
-0.00312288  0.00054091  4.84901
-0.00306348  0.000529803  4.83855
-0.00302903  0.000523924  4.8271
-0.00292787  0.000510535  4.75554
-0.00287255  0.000498395  4.76038
-0.00281818  0.000492297  4.7089
-0.00274029  0.000481923  4.64864
-0.00268772  0.000474103  4.61443
-0.00260877  0.000463053  4.55406
-0.00254193  0.000452814  4.50942
-0.00246308  0.000443967  4.42169
-0.0023791  0.000433331  4.3364
-0.00231235  0.000427532  4.23909
-0.0022465  0.000418547  4.17278
-0.00216602  0.000410247  4.06103
-0.00207211  0.000403028  3.90075
-0.00197599  0.000392979  3.75589
-0.00190266  0.000387142  3.62311
-0.00179364  0.000377837  3.42382
-0.00169625  0.00037103  3.22415
-0.00159175  0.000361678  3.01857
-0.00150173  0.000357226  2.80419
-0.00140979  0.000349889  2.60023
-0.00128708  0.000343647  2.29037
-0.0011723  0.000338536  1.98592
-0.00105237  0.000331922  1.66415
-0.000945967  0.000327129  1.36328
-0.000811367  0.000322392  0.965802
-0.000675758  0.000317561  0.553463
-0.000545081  0.000313999  0.143572
-0.000407325  0.000310674  -0.298303
-0.000218715  0.00030899  -0.910337
-2.41539e-05  0.000307762  -1.54615
