-0.003971  0.00164852  2.10552
-0.00395488  0.00153369  2.25265
-0.00393733  0.0014179  2.42424
-0.00391856  0.00131225  2.60511
-0.00389557  0.00120757  2.81189
-0.00386577  0.00111157  3.02793
-0.0038266  0.00103422  3.21654
-0.00378665  0.000951367  3.45466
-0.00373796  0.000880444  3.67765
-0.00368899  0.000810384  3.93516
-0.00364085  0.000755025  4.15993
-0.00357154  0.000700224  4.38652
-0.00352985  0.000669768  4.52373
-0.00344838  0.00062315  4.73141
-0.00336521  0.00059541  4.81217
-0.00329469  0.000580506  4.81423
-0.00320191  0.000555026  4.86808
-0.00313671  0.000545332  4.83505
-0.00306796  0.000532094  4.82613
-0.00302349  0.000524064  4.81524
-0.00295354  0.00051394  4.77399
-0.0028935  0.00050491  4.74045
-0.00283563  0.000494677  4.72152
-0.0027489  0.000482374  4.66214
-0.00268736  0.000473519  4.61938
-0.00262288  0.000464667  4.56859
-0.00256047  0.000455736  4.52119
-0.00247133  0.000447358  4.40661
-0.00240136  0.000438359  4.33744
-0.00233248  0.000428837  4.27314
-0.00226522  0.000420386  4.19905
-0.00217154  0.000410767  4.06931
-0.00208125  0.000403334  3.92045
-0.00200356  0.000395206  3.8045
-0.0019044  0.00038585  3.63976
-0.00181857  0.000379608  3.47351
-0.00172354  0.000371534  3.29322
-0.00162109  0.000364925  3.07211
-0.00151515  0.000357425  2.84019
-0.00141389  0.000351304  2.60142
-0.00130302  0.000344459  2.33124
-0.00118798  0.000338693  2.03128
-0.0010832  0.000333085  1.75092
-0.000965796  0.000327816  1.42091
-0.000824994  0.000322232  1.00857
-0.000703236  0.000318484  0.638136
-0.00056699  0.000314707  0.212865
-0.000408849  0.00031158  -0.292545
-0.000265206  0.000309374  -0.758932
-7.93124e-05  0.000307482  -1.36817
