-0.003971  0.00164852  2.10552
-0.00395131  0.00152686  2.2604
-0.00393047  0.00142027  2.41537
-0.00390751  0.00130974  2.60168
-0.00388166  0.00120001  2.81803
-0.00385065  0.00110131  3.04241
-0.00381067  0.00101025  3.27707
-0.00377054  0.000935645  3.4955
-0.00372302  0.000859736  3.74885
-0.00366965  0.000791301  4.00562
-0.00361089  0.000734248  4.23684
-0.00354589  0.000683342  4.45735
-0.00348116  0.00063957  4.66119
-0.00340384  0.000603966  4.80795
-0.00332328  0.000581761  4.85299
-0.00323654  0.000561582  4.87291
-0.0031788  0.000551432  4.8579
-0.00311913  0.000540973  4.84151
-0.00305993  0.000530288  4.82743
-0.00299651  0.00052102  4.79158
-0.00293252  0.000510586  4.76417
-0.00287554  0.000500351  4.74776
-0.00280585  0.000490206  4.70385
-0.0027359  0.000480573  4.65258
-0.00267457  0.000472253  4.60468
-0.00259512  0.000461277  4.542
-0.00253558  0.000452833  4.49521
-0.00245111  0.000443189  4.40244
-0.00238129  0.000434557  4.3292
-0.0023085  0.000426581  4.23952
-0.00221768  0.000417767  4.11158
-0.00213938  0.000408289  4.01525
-0.00206745  0.000401272  3.90621
-0.00196315  0.000391464  3.73763
-0.00188624  0.00038455  3.60484
-0.00178669  0.000377038  3.41262
-0.00169733  0.000369901  3.23689
-0.00158842  0.000362245  3.00466
-0.00149918  0.000356138  2.8056
-0.00138109  0.000350003  2.51739
-0.00126796  0.000342147  2.24452
-0.00117285  0.000337567  1.99323
-0.00106354  0.000332178  1.6965
-0.000914733  0.000326326  1.27092
-0.000781397  0.000321633  0.874899
-0.000642333  0.000318033  0.447543
-0.000506413  0.0003145  0.0203907
-0.00033577  0.00031121  -0.527716
-0.000173678  0.000309498  -1.05436
1.39717e-05  0.00030891  -1.66382
