-0.010865  0.0047755  2.17045
-0.0107789  0.00461659  2.2265
-0.0106924  0.0044572  2.28672
-0.0106035  0.00430029  2.34949
-0.0105122  0.00414629  2.41475
-0.0104174  0.0039922  2.48419
-0.0103202  0.00384215  2.55591
-0.0102197  0.0036942  2.63108
-0.0101167  0.0035498  2.70907
-0.0100098  0.00341024  2.78861
-0.00989781  0.00326685  2.87672
-0.00978578  0.00312844  2.96818
-0.0096712  0.00299145  3.0658
-0.00955373  0.00285714  3.16881
-0.00943429  0.00272498  3.27866
-0.00931116  0.00259424  3.39643
-0.00918577  0.00246717  3.52053
-0.00905586  0.00234161  3.65384
-0.00892076  0.00221782  3.79686
-0.00878281  0.00209951  3.94512
-0.00864153  0.00198409  4.1034
-0.00849879  0.00187503  4.26594
-0.00833968  0.00176247  4.44812
-0.00818839  0.00166176  4.62666
-0.0080235  0.00156146  4.81826
-0.00785446  0.00146531  5.01905
-0.00768667  0.00137788  5.21575
-0.00750354  0.00129335  5.41502
-0.00730318  0.00121047  5.62028
-0.00710271  0.00114188  5.78233
-0.00689371  0.00107964  5.92208
-0.006675  0.00102048  6.05106
-0.00645681  0.00096755  6.15659
-0.00623972  0.000917956  6.25272
-0.00601038  0.000872273  6.31726
-0.00576123  0.000828366  6.35133
-0.00562823  0.000809916  6.3318
-0.00549914  0.000790611  6.32314
-0.00536055  0.000772606  6.29111
-0.00521917  0.000756632  6.23707
-0.00505061  0.00073939  6.15454
-0.00488257  0.000724589  6.04836
-0.00468615  0.000709297  5.90184
-0.0044901  0.000696694  5.7272
-0.00427798  0.000684157  5.5221
-0.00404143  0.000672441  5.26653
-0.00379893  0.00066288  4.97666
-0.00350508  0.000654294  4.59285
-0.00328733  0.000648613  4.29737
-0.00284841  0.000643401  3.65
