-0.003971  0.00164852  2.10552
-0.00395394  0.00152517  2.26463
-0.00393599  0.00140891  2.43876
-0.00391406  0.00128906  2.64849
-0.00388873  0.00118026  2.87117
-0.0038539  0.00109079  3.07474
-0.00381159  0.0010049  3.29544
-0.00376765  0.000925986  3.52884
-0.0037205  0.00085365  3.77262
-0.00366739  0.000787327  4.02297
-0.00360883  0.000722838  4.30087
-0.00354293  0.000673671  4.51695
-0.00346834  0.000630879  4.70509
-0.00339712  0.000601679  4.81505
-0.00331216  0.000579594  4.85195
-0.00321711  0.000557184  4.8765
-0.00316576  0.000547273  4.87098
-0.00311059  0.000537483  4.85706
-0.00304034  0.000525528  4.83388
-0.00297898  0.000516383  4.80066
-0.00292484  0.00050725  4.78036
-0.00285534  0.000496068  4.74801
-0.0027939  0.000487223  4.7081
-0.00272803  0.00047852  4.65609
-0.0026646  0.000468902  4.61632
-0.00259955  0.00046  4.56423
-0.00252898  0.000450584  4.503
-0.00245212  0.000441601  4.42055
-0.002378  0.000432633  4.34087
-0.00229997  0.000424499  4.24023
-0.00222307  0.000416199  4.14002
-0.00213949  0.000407825  4.0201
-0.00204989  0.000398977  3.88464
-0.0019658  0.000391973  3.73953
-0.00187721  0.000384468  3.58212
-0.00179467  0.000376801  3.43596
-0.00168816  0.000369245  3.21782
-0.00159767  0.000362442  3.02855
-0.00150278  0.000356569  2.81231
-0.0013982  0.000350201  2.56481
-0.00128054  0.000343383  2.27309
-0.00116174  0.000337079  1.96316
-0.00105601  0.000331637  1.67656
-0.000958452  0.000327659  1.39917
-0.000831105  0.000322108  1.02793
-0.000688314  0.000317871  0.592422
-0.000541402  0.000313983  0.13186
-0.000417203  0.000311626  -0.265692
-0.0002404  0.000309182  -0.839633
-5.48916e-05  0.000307795  -1.44612
