-0.010865  0.0047755  2.17045
-0.0107781  0.00461621  2.22652
-0.0106918  0.00445699  2.28669
-0.0106014  0.0042991  2.34965
-0.0105107  0.00414561  2.41477
-0.0104144  0.00399068  2.48438
-0.0103171  0.00383941  2.55692
-0.0102171  0.00369319  2.63109
-0.0101114  0.00354656  2.71006
-0.0100023  0.00340464  2.79098
-0.00989384  0.00326295  2.87894
-0.00977772  0.00312138  2.97232
-0.00966523  0.00298688  3.06849
-0.00954617  0.00285134  3.17261
-0.00942642  0.00271937  3.28254
-0.00930187  0.00258687  3.40252
-0.00917291  0.00245878  3.52733
-0.00904405  0.00233361  3.66129
-0.00890837  0.00221018  3.80438
-0.00877176  0.00209276  3.95256
-0.00862908  0.00197477  4.11646
-0.00847827  0.00186065  4.28788
-0.00832664  0.00175602  4.45703
-0.00816841  0.00164976  4.64818
-0.00800494  0.00155094  4.83895
-0.00783272  0.00145642  5.03475
-0.00765615  0.00136701  5.2349
-0.00747059  0.00128321  5.43213
-0.00728657  0.00120465  5.63364
-0.00707715  0.00113347  5.80265
-0.00686483  0.00107234  5.93545
-0.0066435  0.00101417  6.05766
-0.00642504  0.000960829  6.16659
-0.00620389  0.000912288  6.25229
-0.00596067  0.000863616  6.32302
-0.00571734  0.00082192  6.34775
-0.00559143  0.000803631  6.33553
-0.00546543  0.000786146  6.31617
-0.00532896  0.000769532  6.27519
-0.00517895  0.000752262  6.21984
-0.00501933  0.00073694  6.13255
-0.00485154  0.000722254  6.02495
-0.00465725  0.000706623  5.88326
-0.00447352  0.00069443  5.72199
-0.00425925  0.000681376  5.51714
-0.0040242  0.00067051  5.256
-0.00375038  0.000661384  4.91451
-0.00349545  0.000652855  4.58823
-0.00318238  0.000646744  4.14751
-0.00276633  0.000643667  3.52097
