-0.00349196  0.000652189  4.58757
-0.00340789  0.000606175  4.79711
-0.00335371  0.000588685  4.84759
-0.00329982  0.000580099  4.82645
-0.00324034  0.000569964  4.80791
-0.00322824  0.000565608  4.82355
-0.00316246  0.00055375  4.80806
-0.00311949  0.000545312  4.80365
-0.00309469  0.000540608  4.79957
-0.00302667  0.000533932  4.73219
-0.00299611  0.000525096  4.75363
-0.00294225  0.000517155  4.72247
-0.00291183  0.00050946  4.7341
-0.0028514  0.000503554  4.6696
-0.0028099  0.000494833  4.66804
-0.00277733  0.000490204  4.64567
-0.0027276  0.000483445  4.60776
-0.00265113  0.000472944  4.54838
-0.00259636  0.000468243  4.47708
-0.00257562  0.000462381  4.48898
-0.00249217  0.000454134  4.38675
-0.00243267  0.000447088  4.3228
-0.00235629  0.000440388  4.21512
-0.00234735  0.000434126  4.25532
-0.00229423  0.000429455  4.17792
-0.00219559  0.000423774  4.00116
-0.00216516  0.000417691  3.98659
-0.00206846  0.000408947  3.83537
-0.00202836  0.000400699  3.81424
-0.00196724  0.000394035  3.72364
-0.0018996  0.000387906  3.60809
-0.00183721  0.000386368  3.46098
-0.00179289  0.000382784  3.37759
-0.00170606  0.000375285  3.21373
-0.00163605  0.000370055  3.06994
-0.00156908  0.000365131  2.92794
-0.00149601  0.000359532  2.77029
-0.00137917  0.000353479  2.48719
-0.0012947  0.000350892  2.26479
-0.00119797  0.000345888  2.01792
-0.00115426  0.000342228  1.91176
-0.0011005  0.000337796  1.7777
-0.00100588  0.000335775  1.50659
-0.000915844  0.000330319  1.25892
-0.000814854  0.00032806  0.959746
-0.000760692  0.000324747  0.802752
-0.000540559  0.000319654  0.126885
-0.000540559  0.000319654  0.126885
-0.000279276  0.000316663  -0.697031
-0.000113139  0.000316276  -1.22318
