-0.003971  0.00164852  2.10552
-0.00395452  0.00153046  2.25718
-0.00393786  0.00141999  2.42105
-0.00391765  0.00130695  2.61498
-0.00389362  0.00120919  2.80653
-0.00386247  0.00112129  2.99875
-0.00382299  0.00101971  3.25877
-0.00378481  0.000949311  3.4602
-0.00374004  0.000899394  3.60247
-0.00368385  0.000820949  3.87826
-0.0036262  0.000766231  4.07997
-0.00357457  0.000722774  4.25385
-0.00352131  0.000676715  4.46467
-0.00344742  0.000634365  4.64625
-0.00336435  0.000607616  4.71407
-0.0032842  0.000580125  4.79932
-0.00320463  0.000557602  4.85047
-0.0031397  0.000545211  4.84162
-0.00308614  0.000537045  4.81549
-0.00302876  0.000525802  4.80933
-0.00295509  0.000514909  4.76801
-0.00289762  0.000506464  4.73405
-0.00282795  0.000496763  4.68624
-0.00276439  0.000484959  4.66924
-0.0026991  0.000478862  4.59235
-0.00264249  0.000468745  4.57069
-0.00255156  0.000457747  4.48186
-0.00249064  0.000449281  4.43073
-0.00242186  0.000441037  4.35759
-0.00233326  0.000431168  4.25185
-0.00225965  0.000422929  4.16062
-0.00219212  0.00041615  4.06612
-0.00208095  0.000405159  3.90205
-0.00199613  0.000398591  3.75355
-0.00188343  0.000390334  3.54422
-0.00180318  0.000385149  3.38359
-0.00174075  0.000375984  3.30001
-0.00162201  0.000369586  3.03585
-0.00153332  0.000363222  2.84488
-0.00141414  0.000357388  2.55783
-0.00132856  0.00034987  2.36818
-0.00122008  0.000343683  2.09518
-0.00114973  0.000339846  1.91185
-0.000968827  0.000334846  1.40013
-0.000897428  0.000328315  1.21051
-0.000744724  0.000322895  0.757904
-0.000565031  0.000318323  0.204294
-0.000565031  0.000318323  0.204294
-0.000297557  0.000312654  -0.647498
-0.000136176  0.000310175  -1.17296
