-0.010865  0.0047755  2.17045
-0.0107775  0.00461496  2.227
-0.0106912  0.0044562  2.28697
-0.0105999  0.00429618  2.35089
-0.0105085  0.0041424  2.41612
-0.0104119  0.00398772  2.48561
-0.0103147  0.00383798  2.55725
-0.01021  0.0036859  2.63436
-0.010105  0.00353945  2.7137
-0.00999809  0.00340153  2.7923
-0.00988635  0.00325695  2.88195
-0.00977496  0.00312014  2.97261
-0.00965695  0.00298189  3.07086
-0.00953803  0.00284628  3.17539
-0.00941807  0.00271176  3.28866
-0.0092941  0.002583  3.40461
-0.00916102  0.0024505  3.53438
-0.00902823  0.00232789  3.6635
-0.00889808  0.00220474  3.8091
-0.00876251  0.00208491  3.96301
-0.00861372  0.00196933  4.12005
-0.00846534  0.00185305  4.2985
-0.00831453  0.00174837  4.46962
-0.00814962  0.00163995  4.66454
-0.00798787  0.00154632  4.84237
-0.0078111  0.00145028  5.04115
-0.00763454  0.00135817  5.25305
-0.00744664  0.0012738  5.45348
-0.00725753  0.00119682  5.64623
-0.00704808  0.00112592  5.81574
-0.0068332  0.00107026  5.91742
-0.00661336  0.00100849  6.06191
-0.00639275  0.000954996  6.17044
-0.00615181  0.000902051  6.26551
-0.00591631  0.000858507  6.30899
-0.00567508  0.000816577  6.33754
-0.00555429  0.000798543  6.32939
-0.00543367  0.000782311  6.30654
-0.00528416  0.000766445  6.24201
-0.00516055  0.000751033  6.20552
-0.00499381  0.000735045  6.11366
-0.00483104  0.000721046  6.00661
-0.00465059  0.000707263  5.86853
-0.00445466  0.000694154  5.6971
-0.00423494  0.000682728  5.4706
-0.00399709  0.000672373  5.20112
-0.00378323  0.0006629  4.95283
-0.00338721  0.000653673  4.4169
-0.00314533  0.000649465  4.07309
-0.00267154  0.00064626  3.36016
