-0.003971  0.00164852  2.10552
-0.00395924  0.00156126  2.21567
-0.00395203  0.00151113  2.2844
-0.00394005  0.00143342  2.39989
-0.003931  0.00137936  2.48737
-0.00391861  0.00131191  2.60583
-0.00390609  0.00125132  2.722
-0.00389213  0.00119277  2.84391
-0.00387612  0.00113739  2.9683
-0.00386085  0.0010972  3.06312
-0.00383615  0.00104414  3.19512
-0.00381398  0.000998753  3.31812
-0.00378987  0.000960418  3.42546
-0.00376191  0.00091599  3.56108
-0.00374225  0.000873716  3.71088
-0.00372055  0.000839852  3.83467
-0.0036969  0.000808572  3.95376
-0.00366045  0.000771186  4.09817
-0.00363087  0.000743147  4.213
-0.00360814  0.000715987  4.34105
-0.00357158  0.000699992  4.38803
-0.00352123  0.000681371  4.43404
-0.00351689  0.000653145  4.61903
-0.00346737  0.00065264  4.54672
-0.0034215  0.000617212  4.73338
-0.00332017  0.000602911  4.67759
-0.0032547  0.00058709  4.69212
-0.00317486  0.000571201  4.68287
-0.00309914  0.000556232  4.67276
-0.00298674  0.000540173  4.60361
-0.0029284  0.000524797  4.62732
-0.00281467  0.000509051  4.54702
-0.00274806  0.000496316  4.52949
-0.0026303  0.000481867  4.42094
-0.00255125  0.000471432  4.35109
-0.00241131  0.000457474  4.17796
-0.0023001  0.000443463  4.05919
-0.00220416  0.000434052  3.92618
-0.00206595  0.000425472  3.6805
-0.00189372  0.000403911  3.45056
-0.00173999  0.000392178  3.16181
-0.00166147  0.000387622  2.99639
-0.00146999  0.000376172  2.57859
-0.00136522  0.000369062  2.34438
-0.00117531  0.000360148  1.87508
-0.000996353  0.000352607  1.40767
-0.000814878  0.000344518  0.913966
-0.00068931  0.00034046  0.556042
-0.00068931  0.00034046  0.556042
-0.00018515  0.000332446  -0.947071
