-0.010865  0.0047755  2.17045
-0.0107796  0.00461486  2.2275
-0.0106923  0.00445543  2.28761
-0.0106027  0.00429828  2.3504
-0.0105106  0.00414289  2.41634
-0.0104157  0.00398933  2.48555
-0.0103177  0.00383816  2.55793
-0.0102163  0.0036901  2.63307
-0.0101122  0.00354376  2.71242
-0.0100003  0.00339666  2.79697
-0.00989277  0.00325986  2.88134
-0.00977872  0.0031193  2.97461
-0.00966308  0.00298198  3.07282
-0.00954505  0.00284862  3.17524
-0.0094245  0.00271577  3.28617
-0.00929979  0.00258186  3.40831
-0.00917386  0.00245513  3.53295
-0.00904199  0.00232874  3.66808
-0.00890725  0.0022084  3.80694
-0.00876811  0.00208799  3.95984
-0.00862444  0.00196943  4.12526
-0.00847478  0.00185961  4.2884
-0.00832302  0.00175097  4.46781
-0.00816415  0.00164823  4.64992
-0.00799882  0.00154746  4.84587
-0.00782856  0.00145289  5.04414
-0.00764962  0.00136107  5.25294
-0.0074642  0.00127845  5.44739
-0.00727183  0.00120028  5.64189
-0.00706955  0.00113137  5.80672
-0.00685293  0.00107023  5.93607
-0.00663464  0.001012  6.06187
-0.0064105  0.000958364  6.16728
-0.00617983  0.000906715  6.26418
-0.00594301  0.000860289  6.32695
-0.00570352  0.000819504  6.3496
-0.00558395  0.000801618  6.34211
-0.00545143  0.000783594  6.31888
-0.00531659  0.000767272  6.27756
-0.00517363  0.000750639  6.2262
-0.00500787  0.000734687  6.13577
-0.00484041  0.000719746  6.03048
-0.00465586  0.00070579  5.88823
-0.00445634  0.000692489  5.71322
-0.0042466  0.000680595  5.50489
-0.00398703  0.000670182  5.20311
-0.00375336  0.000660612  4.92477
-0.00345798  0.000652093  4.53613
-0.00315668  0.000646095  4.1119
-0.00276498  0.000642813  3.52354
