-0.010865  0.0047755  2.17045
-0.0107812  0.00461899  2.22585
-0.0106975  0.00446471  2.28403
-0.0106052  0.00430321  2.3483
-0.0105209  0.00416278  2.40726
-0.0104303  0.00401297  2.47456
-0.0103349  0.00386617  2.54384
-0.0102383  0.00372207  2.61637
-0.0101379  0.00358236  2.69038
-0.0100302  0.00343668  2.77308
-0.00992748  0.003305  2.85249
-0.00981698  0.00316956  2.93952
-0.00970613  0.00303534  3.03299
-0.00958778  0.00289506  3.13906
-0.00947195  0.00276678  3.24274
-0.0093555  0.00264118  3.35286
-0.00923542  0.00251679  3.47086
-0.0091146  0.00239752  3.59312
-0.0089787  0.00227677  3.724
-0.00885379  0.00215997  3.86755
-0.00870298  0.0020323  4.0363
-0.00855846  0.00193093  4.17336
-0.00840983  0.00181214  4.3649
-0.00827549  0.00171959  4.52171
-0.00811145  0.00161867  4.7023
-0.00795781  0.00152312  4.8964
-0.00777424  0.00142247  5.1138
-0.00761636  0.00134721  5.28232
-0.00744315  0.00126947  5.46934
-0.00725594  0.00119489  5.65401
-0.00704041  0.00112441  5.81676
-0.00686306  0.00107174  5.93714
-0.00663455  0.0010129  6.05642
-0.00641526  0.000960252  6.16011
-0.00616953  0.000904043  6.27131
-0.00594849  0.000862923  6.31399
-0.00571387  0.000821242  6.34876
-0.00554749  0.000805096  6.26942
-0.00543547  0.000781243  6.31746
-0.00530852  0.000766908  6.27001
-0.00510703  0.000749053  6.15048
-0.00494221  0.000730996  6.07692
-0.00474801  0.000716132  5.93188
-0.00458121  0.000702863  5.80656
-0.00433944  0.000689357  5.56959
-0.00410976  0.000675842  5.34114
-0.00385853  0.000664827  5.05174
-0.00354257  0.000654962  4.64542
-0.003189  0.000648404  4.14711
-0.00284721  0.000644026  3.64459
