-0.003971  0.00164852  2.10552
-0.00395296  0.00151876  2.27354
-0.00393502  0.00140528  2.44437
-0.00390838  0.00129716  2.62757
-0.00387985  0.00119734  2.82279
-0.00384391  0.00109417  3.05612
-0.00380695  0.00101016  3.27369
-0.00376447  0.000934981  3.49149
-0.00371628  0.000855989  3.75739
-0.00365607  0.000783831  4.02647
-0.00359298  0.000737714  4.19265
-0.00352829  0.000677013  4.47301
-0.00345427  0.00063553  4.64851
-0.00338505  0.000599156  4.81518
-0.00329248  0.000573822  4.86647
-0.00320324  0.00055421  4.87764
-0.00314483  0.000543588  4.86551
-0.00308752  0.000533883  4.8466
-0.00302933  0.000523563  4.83098
-0.00297234  0.000514477  4.80554
-0.00290702  0.00050403  4.77555
-0.00284723  0.000494262  4.74895
-0.0027798  0.000485695  4.69388
-0.00271258  0.000475602  4.65217
-0.00264293  0.000466641  4.59224
-0.00259073  0.000458059  4.56434
-0.00250825  0.000448004  4.48267
-0.00244828  0.000440681  4.42108
-0.00236643  0.000431044  4.33003
-0.00229568  0.000422621  4.24892
-0.00221157  0.000413757  4.13665
-0.00213519  0.000406061  4.02695
-0.00204818  0.000397881  3.89108
-0.00197  0.000390334  3.76599
-0.00188145  0.000383894  3.59852
-0.001783  0.00037652  3.40751
-0.00167986  0.000369071  3.19684
-0.00161135  0.000363389  3.05829
-0.00149998  0.000355544  2.81252
-0.00138461  0.000348206  2.54048
-0.0012863  0.000343093  2.29179
-0.00116846  0.00033745  1.98093
-0.00106375  0.000332706  1.69443
-0.000942704  0.000325779  1.35891
-0.000801451  0.000323302  0.932412
-0.000695339  0.000318415  0.613471
-0.000590545  0.000314351  0.28804
-0.000422262  0.000311541  -0.249527
-0.000282382  0.000308957  -0.704363
-9.7339e-05  0.000307352  -1.3101
