-0.010865  0.0047755  2.17045
-0.0107793  0.00461493  2.22739
-0.0106916  0.00445826  2.286
-0.0106026  0.00430047  2.34919
-0.0105105  0.00414615  2.41442
-0.0104165  0.00399393  2.4829
-0.0103186  0.00384394  2.55432
-0.0102186  0.00369574  2.62967
-0.0101127  0.00354797  2.70934
-0.0100052  0.00340765  2.78938
-0.00989548  0.00326677  2.87608
-0.00978277  0.00312682  2.96876
-0.00966903  0.00299183  3.06469
-0.00954963  0.00285614  3.16849
-0.00943128  0.00272374  3.27904
-0.0093072  0.00259518  3.39368
-0.00918273  0.00246565  3.52148
-0.00905012  0.00233876  3.65584
-0.00891643  0.00221542  3.79902
-0.00878024  0.00209894  3.94497
-0.0086372  0.00198278  4.10394
-0.00849006  0.00187042  4.27181
-0.00833716  0.0017641  4.44258
-0.00817786  0.00166069  4.6233
-0.00801959  0.00156149  4.81564
-0.00784704  0.00146621  5.01091
-0.00767645  0.00137759  5.20942
-0.00749017  0.00129028  5.41754
-0.00729789  0.00121324  5.60307
-0.00710148  0.00114214  5.77991
-0.0068882  0.00108205  5.90379
-0.00667124  0.00102228  6.03673
-0.00644605  0.000967201  6.14769
-0.00622331  0.00091682  6.24256
-0.00599875  0.000871534  6.30929
-0.00575132  0.000827855  6.34328
-0.00562748  0.000808482  6.34211
-0.00549762  0.0007909  6.3189
-0.0053638  0.00077322  6.29032
-0.005224  0.000756882  6.2414
-0.00505811  0.000740827  6.15273
-0.00488906  0.000724896  6.05474
-0.00470706  0.000710486  5.92138
-0.00452035  0.000697099  5.76726
-0.0042842  0.000685134  5.5233
-0.00404456  0.000673652  5.26171
-0.00380103  0.00066422  4.96979
-0.00351916  0.000655726  4.60431
-0.00322954  0.000649103  4.20509
-0.00284594  0.000645534  3.63411
