-0.00340186  0.000638094  4.5477
-0.00338618  0.00062213  4.63919
-0.00338444  0.00062083  4.6461
-0.00338444  0.00062083  4.6461
-0.00338435  0.000620763  4.64645
-0.00338435  0.000620763  4.64645
-0.00338435  0.000620763  4.64645
-0.00338298  0.000619935  4.65045
-0.00338298  0.000619935  4.65045
-0.003376  0.000608045  4.72992
-0.003376  0.000608045  4.72992
-0.00337582  0.000607991  4.73004
-0.00337582  0.000607991  4.73004
-0.00337565  0.000607933  4.73021
-0.00337565  0.000607933  4.73021
-0.00336493  0.000605746  4.72958
-0.00336493  0.000605746  4.72958
-0.00336184  0.000604294  4.73583
-0.00336184  0.000604294  4.73583
-0.00336184  0.000604294  4.73583
-0.0033491  0.000600832  4.74193
-0.00334887  0.000600007  4.74806
-0.00334689  0.000599486  4.74888
-0.00334045  0.000598344  4.74718
-0.00333803  0.000597561  4.74936
-0.00323193  0.00058431  4.67547
-0.00314071  0.000564238  4.68014
-0.00309205  0.000554171  4.67735
-0.00298559  0.00053435  4.65162
-0.00293874  0.000526714  4.63011
-0.00281207  0.000510243  4.53131
-0.00272789  0.000495943  4.49222
-0.00264579  0.000482921  4.44336
-0.00254445  0.00047058  4.34453
-0.0024307  0.000458966  4.20662
-0.00230938  0.000447501  4.04331
-0.00219918  0.000433282  3.92165
-0.00209728  0.000422914  3.77685
-0.00198107  0.000414229  3.57549
-0.00182622  0.000401729  3.30127
-0.00168698  0.000391469  3.03212
-0.00156074  0.000380664  2.78654
-0.00142373  0.000372476  2.47996
-0.00125027  0.000363092  2.06634
-0.0010914  0.000356604  1.65841
-0.000922411  0.000348855  1.21085
-0.000747345  0.000342389  0.722409
-0.000551568  0.000337371  0.152852
-0.000380728  0.000333936  -0.357169
-6.0097e-05  0.00033242  -1.32334
