-0.010865  0.0047755  2.17045
-0.0107808  0.004617  2.22673
-0.0106971  0.00446426  2.28416
-0.0106106  0.00431149  2.34504
-0.0105183  0.00416189  2.40714
-0.0104283  0.00401123  2.47513
-0.010334  0.00386382  2.54516
-0.0102377  0.00372055  2.61726
-0.0101337  0.00357844  2.69214
-0.0100272  0.0034356  2.77309
-0.00991871  0.00329917  2.85487
-0.00981318  0.00316624  2.9414
-0.009702  0.00303072  3.03625
-0.00958637  0.00290244  3.1306
-0.00947242  0.00276938  3.23987
-0.00935282  0.00264257  3.35008
-0.00923088  0.00251913  3.46583
-0.00910523  0.00239318  3.59573
-0.00897959  0.00227429  3.72846
-0.0088413  0.0021526  3.87499
-0.00871202  0.00204336  4.01888
-0.00856694  0.00193042  4.17886
-0.0084199  0.00182423  4.34151
-0.00826896  0.00172199  4.51161
-0.00810963  0.00161492  4.71209
-0.00794774  0.00151945  4.90159
-0.00778597  0.0014314  5.0901
-0.00761136  0.00134507  5.28697
-0.00743131  0.00126458  5.48113
-0.00723294  0.00119655  5.62694
-0.00704706  0.00112839  5.80212
-0.00683078  0.00106774  5.92912
-0.00661598  0.00100933  6.05945
-0.00640735  0.000957993  6.16638
-0.00618137  0.000910513  6.23975
-0.00594571  0.000865874  6.28927
-0.00571531  0.000822907  6.33767
-0.00556988  0.000802586  6.31693
-0.0054388  0.000785229  6.28964
-0.00528867  0.000766606  6.24659
-0.00512512  0.0007499  6.16765
-0.00494506  0.000733393  6.06095
-0.00475994  0.000717372  5.93825
-0.00457009  0.000702579  5.79307
-0.00435168  0.000690074  5.58154
-0.00409962  0.00067775  5.31113
-0.00384021  0.00066621  5.01376
-0.00352915  0.000654927  4.62518
-0.00323762  0.000648637  4.22057
-0.00282685  0.000644401  3.61087
