-0.0039708  0.00164844  2.10551
-0.0039523  0.00152984  2.25663
-0.00392542  0.0014198  2.4126
-0.00390425  0.00131449  2.58979
-0.00387359  0.0012136  2.77982
-0.00383883  0.00111959  2.9822
-0.00379901  0.00102387  3.22208
-0.00375676  0.000956026  3.40656
-0.00370541  0.000864907  3.70608
-0.00365471  0.000809688  3.8962
-0.0036006  0.000758675  4.08686
-0.00353346  0.000705617  4.29901
-0.0034625  0.000661557  4.47807
-0.00339888  0.000621773  4.66227
-0.00331687  0.000593594  4.74545
-0.00323708  0.000571344  4.7906
-0.00316723  0.000556093  4.79637
-0.00311085  0.000544393  4.79588
-0.00305491  0.000534646  4.77868
-0.00299116  0.000524845  4.74647
-0.00293457  0.000515419  4.72347
-0.00287383  0.000504758  4.7029
-0.00280973  0.000495476  4.66163
-0.00274894  0.000485846  4.62891
-0.00267379  0.000473789  4.5881
-0.00260652  0.000465932  4.52109
-0.00254132  0.000457153  4.46528
-0.00247431  0.00044791  4.40784
-0.00239799  0.000438667  4.32672
-0.00232207  0.000430309  4.23432
-0.00223972  0.00042097  4.13265
-0.0021643  0.00041374  4.02256
-0.00207101  0.000404223  3.8865
-0.0019986  0.000399089  3.75505
-0.00189985  0.000388885  3.59965
-0.00181241  0.000382459  3.4315
-0.0017086  0.000374059  3.23104
-0.00161672  0.000366326  3.04845
-0.00151951  0.000359122  2.83889
-0.0014299  0.000354733  2.6214
-0.00131867  0.000347329  2.35706
-0.00118692  0.000340462  2.01762
-0.00106915  0.000335996  1.69391
-0.00101025  0.000331954  1.53712
-0.000843852  0.000326589  1.05286
-0.000746036  0.000322436  0.763054
-0.000597614  0.000318232  0.306739
-0.000492488  0.000314964  -0.0238519
-0.00029483  0.000312538  -0.656464
-0.000114557  0.000310768  -1.24029
