-0.003971  0.00164852  2.10552
-0.00395461  0.00152914  2.25919
-0.00393684  0.00142431  2.41299
-0.0039165  0.00130982  2.60837
-0.00389327  0.0012025  2.82185
-0.00386705  0.0011276  2.98603
-0.00382715  0.00104469  3.1848
-0.00378129  0.000966877  3.39371
-0.00374444  0.000891917  3.6376
-0.00369329  0.000820947  3.88977
-0.00364627  0.000763618  4.12021
-0.00358791  0.000708175  4.36037
-0.00352899  0.000669666  4.52313
-0.00345842  0.000633669  4.66873
-0.00338584  0.000599378  4.81473
-0.00331225  0.000583767  4.81742
-0.00322824  0.000560759  4.86527
-0.00316111  0.000550746  4.83182
-0.00310805  0.000540681  4.82364
-0.0030473  0.000529022  4.81511
-0.00298586  0.000520334  4.77743
-0.00292632  0.00050981  4.75926
-0.00285794  0.000499985  4.71602
-0.00279864  0.000491122  4.68038
-0.00272197  0.000480232  4.62687
-0.00265644  0.000470957  4.57884
-0.00258229  0.000461348  4.51349
-0.00251929  0.000452223  4.46524
-0.00243013  0.000443758  4.3495
-0.00236502  0.000434839  4.28898
-0.00227937  0.000426609  4.17098
-0.00220162  0.000417443  4.0763
-0.00211793  0.000409751  3.94857
-0.00203408  0.000400643  3.82905
-0.00193773  0.000393181  3.65667
-0.00185247  0.000385115  3.51187
-0.0017749  0.000378341  3.36971
-0.00165782  0.000370442  3.12551
-0.00156694  0.000363371  2.93624
-0.00146465  0.00035719  2.70066
-0.00135821  0.000350416  2.44911
-0.00124077  0.000343394  2.15721
-0.00112955  0.000338392  1.86041
-0.00101471  0.000332775  1.54674
-0.000886628  0.00032718  1.1817
-0.000754461  0.000324063  0.78522
-0.000625189  0.00031953  0.391789
-0.000487677  0.000315966  -0.0390001
-0.000322584  0.000313071  -0.566697
-0.000154411  0.000311847  -1.1082
