-0.00334733  0.000609675  4.67025
-0.00333613  0.000602931  4.7039
-0.00333613  0.000602931  4.7039
-0.00333613  0.000602931  4.7039
-0.00333613  0.000602931  4.7039
-0.00333613  0.000602931  4.7039
-0.00333475  0.00059777  4.74221
-0.00334733  0.000609675  4.67025
-0.00334733  0.000609675  4.67025
-0.00333475  0.00059777  4.74221
-0.00333475  0.00059777  4.74221
-0.00333475  0.00059777  4.74221
-0.00333475  0.00059777  4.74221
-0.00333475  0.00059777  4.74221
-0.00333475  0.00059777  4.74221
-0.00333475  0.00059777  4.74221
-0.00333255  0.000596816  4.7461
-0.00333255  0.000596816  4.7461
-0.00333255  0.000596816  4.7461
-0.00333255  0.000596816  4.7461
-0.00333255  0.000596816  4.7461
-0.00333255  0.000596816  4.7461
-0.00332896  0.000596  4.74658
-0.00332896  0.000596  4.74658
-0.00332848  0.000595766  4.74764
-0.0032179  0.000580191  4.6845
-0.00311768  0.000558767  4.68473
-0.00305956  0.000548857  4.66344
-0.00296186  0.000536735  4.58674
-0.00286073  0.000513901  4.59374
-0.00284784  0.000512513  4.58103
-0.00272878  0.000494775  4.50463
-0.00261077  0.000480173  4.39585
-0.00248915  0.000464204  4.28507
-0.00242866  0.000459036  4.20156
-0.00231282  0.000454384  3.98962
-0.00211561  0.000435883  3.70652
-0.00205279  0.000422338  3.67665
-0.0018591  0.0004014  3.38591
-0.0018591  0.0004014  3.38591
-0.00166854  0.000390651  2.99127
-0.00148683  0.000376008  2.6245
-0.00143369  0.000374355  2.49414
-0.00125979  0.00036358  2.08975
-0.00110711  0.000357948  1.69607
-0.000958698  0.00035006  1.31034
-0.000750991  0.000344457  0.728655
-0.000536299  0.000336609  0.107836
-0.000445496  0.000335087  -0.162656
-6.42681e-05  0.000332695  -1.30971
