-0.003971  0.00164852  2.10552
-0.00395477  0.00152993  2.25813
-0.00393654  0.00141223  2.43341
-0.00391534  0.00129602  2.63524
-0.00389184  0.00119206  2.84536
-0.00386068  0.00109682  3.06401
-0.00382188  0.0010147  3.27377
-0.00377668  0.000940051  3.48564
-0.00373271  0.000867472  3.72658
-0.00367902  0.000797916  3.98416
-0.00362362  0.000741331  4.21353
-0.00356249  0.000688735  4.44654
-0.00349666  0.000646319  4.63649
-0.00342749  0.000611369  4.78841
-0.00335354  0.000585853  4.87075
-0.003269  0.000566211  4.8904
-0.0032085  0.000555735  4.87373
-0.00315477  0.000544965  4.87146
-0.00309418  0.000534326  4.85506
-0.00303457  0.000523965  4.83729
-0.00297345  0.000513662  4.81534
-0.00290733  0.000503628  4.77998
-0.00284515  0.000494241  4.74495
-0.00277275  0.000484203  4.69379
-0.00270758  0.000474543  4.65202
-0.00264111  0.000464813  4.6064
-0.00256946  0.000455795  4.54034
-0.00247933  0.00044531  4.44484
-0.00241368  0.00043649  4.38425
-0.00234055  0.000427561  4.30477
-0.00225797  0.000418587  4.19978
-0.00216597  0.000410174  4.06163
-0.00210295  0.000402648  3.98102
-0.00201219  0.000394931  3.82899
-0.0019181  0.000386718  3.667
-0.00182125  0.000378896  3.4871
-0.00173491  0.000371512  3.324
-0.00163121  0.00036407  3.10712
-0.00150405  0.000357589  2.80784
-0.00140718  0.000350662  2.58706
-0.00129606  0.000343793  2.3155
-0.00116133  0.000336546  1.96505
-0.00104747  0.000331752  1.65023
-0.000924799  0.000326805  1.29985
-0.000801319  0.000321559  0.937055
-0.000662165  0.000317664  0.510493
-0.000516033  0.000314293  0.0510119
-0.00039577  0.000311693  -0.334399
-0.000223804  0.000308482  -0.89534
-1.43877e-05  0.0003082  -1.57564
