-0.003971  0.00164852  2.10552
-0.00395351  0.00152331  2.2671
-0.00393605  0.00141253  2.43255
-0.00391266  0.00129679  2.63163
-0.00388656  0.00118504  2.85775
-0.00385273  0.00109022  3.07528
-0.00380973  0.000996359  3.32183
-0.00376383  0.000920029  3.54753
-0.00371185  0.000846099  3.79607
-0.00365837  0.000777335  4.06307
-0.00359235  0.000719043  4.30065
-0.00352723  0.000675503  4.48145
-0.00345437  0.000630815  4.68342
-0.00337602  0.00060118  4.78396
-0.00329302  0.000583585  4.78597
-0.00321274  0.000557476  4.86611
-0.00314469  0.000546298  4.84112
-0.00308385  0.00053662  4.81504
-0.00303324  0.000525483  4.82078
-0.00297945  0.00051688  4.79695
-0.0029183  0.000508264  4.75796
-0.00285522  0.000497416  4.73491
-0.00279539  0.000489021  4.69384
-0.00272959  0.000479211  4.65262
-0.00264674  0.000467594  4.59102
-0.00257236  0.000457379  4.53094
-0.0025223  0.000451358  4.48048
-0.00243161  0.000440442  4.38561
-0.00236074  0.000431869  4.30858
-0.00230405  0.000425968  4.23517
-0.00222231  0.000416134  4.13883
-0.00214794  0.00040854  4.03373
-0.00205944  0.000398857  3.90977
-0.00198118  0.000392367  3.775
-0.00188034  0.000383857  3.59597
-0.00178593  0.00037655  3.41502
-0.00168291  0.000368441  3.21057
-0.00159307  0.000361631  3.0226
-0.00149965  0.000356139  2.80691
-0.00140068  0.000350452  2.57004
-0.0012882  0.000344524  2.2878
-0.00118027  0.000337616  2.01492
-0.00108052  0.000332396  1.74646
-0.000948402  0.000327457  1.36935
-0.000838216  0.000322633  1.0483
-0.000688036  0.000319133  0.589209
-0.000557461  0.000314354  0.18279
-0.000418134  0.000312457  -0.262008
-0.000258103  0.000309825  -0.780754
-6.45022e-05  0.000308649  -1.41098
