-0.003971  0.00164852  2.10552
-0.00395373  0.00152273  2.26812
-0.00393549  0.00140572  2.44394
-0.00391017  0.00127771  2.66898
-0.00388335  0.00116087  2.9145
-0.00384826  0.00107305  3.12032
-0.00379863  0.000975522  3.3814
-0.00375913  0.000904016  3.60516
-0.00371746  0.000854496  3.76533
-0.00365206  0.000779041  4.04608
-0.00359611  0.000740592  4.18059
-0.00353587  0.00068069  4.45998
-0.00345102  0.000671354  4.39563
-0.00343283  0.000629673  4.65771
-0.00329913  0.000578142  4.8416
-0.00325017  0.00057243  4.80437
-0.00317868  0.000558075  4.79987
-0.00311543  0.000553451  4.72568
-0.00309668  0.000546888  4.7481
-0.00300809  0.000535032  4.68773
-0.00294935  0.000527185  4.64609
-0.0029202  0.000513233  4.71559
-0.00279062  0.000503752  4.54713
-0.00271853  0.000494849  4.48325
-0.00266096  0.000485239  4.45339
-0.00258892  0.000473495  4.41171
-0.00255045  0.000468305  4.37846
-0.00250046  0.000458806  4.36014
-0.00242387  0.000446011  4.31351
-0.00230823  0.000443729  4.07508
-0.00224506  0.000432255  4.03711
-0.00219909  0.000423549  4.01156
-0.00210401  0.000416137  3.85453
-0.00205667  0.000407312  3.82181
-0.00194112  0.000402674  3.57887
-0.00186616  0.000392131  3.48393
-0.00172554  0.000382374  3.20508
-0.00165076  0.000374757  3.07068
-0.00156146  0.000370746  2.86303
-0.00144317  0.000362638  2.60086
-0.0013894  0.000356841  2.49243
-0.00125809  0.000351034  2.1596
-0.0011601  0.000346166  1.90688
-0.00107638  0.000348119  1.65571
-0.00100605  0.000341119  1.48351
-0.00100605  0.000341119  1.48351
-0.000757103  0.000329243  0.780891
-0.000556931  0.000333052  0.170937
-0.000556931  0.000333052  0.170937
-0.000363873  0.000321848  -0.422955
