-0.003971  0.00164852  2.10552
-0.00395312  0.00151852  2.274
-0.00393396  0.00139811  2.45615
-0.00391523  0.00129723  2.63271
-0.00388954  0.00118534  2.85954
-0.00385613  0.00109751  3.05795
-0.00381373  0.00100341  3.30248
-0.00377397  0.000937699  3.49149
-0.0037182  0.000844308  3.81165
-0.00367663  0.000790904  4.01645
-0.00363594  0.000756576  4.1449
-0.00355281  0.000708677  4.30776
-0.00351217  0.000652437  4.61679
-0.00341838  0.000632005  4.61765
-0.00334622  0.00059929  4.74932
-0.00327172  0.000570779  4.85603
-0.00320905  0.000561513  4.82454
-0.00313445  0.000546897  4.81709
-0.00309289  0.000536369  4.83415
-0.00300928  0.000528606  4.74698
-0.00297371  0.000516443  4.7899
-0.00291043  0.000509712  4.729
-0.00282546  0.000500035  4.6506
-0.00274831  0.000485459  4.63132
-0.00267654  0.000475448  4.57787
-0.00263693  0.000471877  4.52857
-0.0025526  0.000460459  4.45774
-0.00247771  0.000451182  4.38341
-0.00238302  0.000443522  4.2456
-0.00229768  0.000427917  4.20099
-0.00223364  0.000421081  4.11712
-0.00212077  0.000411525  3.93843
-0.00209072  0.000406425  3.91393
-0.00196361  0.00039464  3.70873
-0.00191273  0.000391338  3.61001
-0.00180228  0.000381914  3.40988
-0.00170948  0.000373791  3.23572
-0.0016056  0.000367205  3.01085
-0.00153105  0.000360987  2.85621
-0.00139662  0.000353422  2.53697
-0.00129481  0.000345982  2.29726
-0.00119634  0.000341325  2.0401
-0.00106179  0.000335474  1.67461
-0.000934105  0.000329202  1.31866
-0.000849742  0.000325153  1.07562
-0.000705114  0.000321809  0.637377
-0.000543704  0.000316272  0.138186
-0.000398207  0.000313506  -0.324693
-0.000271732  0.000312056  -0.731499
-3.69791e-05  0.00031098  -1.48891
