-0.010865  0.0047755  2.17045
-0.0107796  0.00461477  2.22754
-0.0106913  0.00445346  2.28841
-0.0106036  0.00429929  2.35006
-0.01051  0.00414104  2.41726
-0.0104139  0.00398579  2.48731
-0.0103166  0.0038358  2.55921
-0.0102166  0.00368864  2.6342
-0.0101107  0.00354221  2.71319
-0.0100012  0.00339997  2.79448
-0.00989082  0.00325953  2.88103
-0.00977522  0.00311819  2.97455
-0.00966227  0.00298169  3.07285
-0.009544  0.00284779  3.17579
-0.00942175  0.00271194  3.28981
-0.00929634  0.00258004  3.40938
-0.00917119  0.00245462  3.53261
-0.00904147  0.00233106  3.6642
-0.00890482  0.00220693  3.80837
-0.00876332  0.00208651  3.96035
-0.00862012  0.00196963  4.12267
-0.00846998  0.00185377  4.29934
-0.00831808  0.00174806  4.47244
-0.00816299  0.00164686  4.65309
-0.00799056  0.00154559  4.8464
-0.00782028  0.00145116  5.04444
-0.00764581  0.00136065  5.25175
-0.00746843  0.00127889  5.44881
-0.00726672  0.00119892  5.64401
-0.00706027  0.00112875  5.81197
-0.00684675  0.00106903  5.93694
-0.00662827  0.00101003  6.06744
-0.00640342  0.000955987  6.17521
-0.00617477  0.000905259  6.26867
-0.00594027  0.000859728  6.32789
-0.00569495  0.000818101  6.35001
-0.00557289  0.000800286  6.33885
-0.00545421  0.000783554  6.32274
-0.00529296  0.000764129  6.27245
-0.00516879  0.000750221  6.22322
-0.00501036  0.000735433  6.13293
-0.00483133  0.000719596  6.01911
-0.00465075  0.000705756  5.88128
-0.00445295  0.000692246  5.71033
-0.00422621  0.000680491  5.47577
-0.00398881  0.000669406  5.2118
-0.00374335  0.000660863  4.90775
-0.00345431  0.000652345  4.52876
-0.00313913  0.000646314  4.08336
-0.00275363  0.000643813  3.50044
