-0.00349196  0.000652189  4.58757
-0.00342944  0.000619773  4.72663
-0.00333361  0.000596962  4.74671
-0.00327164  0.000590816  4.6912
-0.00323406  0.000582464  4.69395
-0.00319521  0.000574092  4.69473
-0.00315886  0.000566559  4.69299
-0.00311826  0.000558587  4.68729
-0.00307594  0.000550809  4.67665
-0.00303446  0.000543027  4.66729
-0.00299186  0.000535489  4.65344
-0.0029472  0.000527824  4.63639
-0.00290016  0.000520418  4.61198
-0.00285714  0.000512813  4.59648
-0.00280984  0.000505477  4.56961
-0.00276223  0.00049829  4.53999
-0.00271014  0.00049135  4.4981
-0.0026574  0.000484397  4.45378
-0.00260162  0.000477884  4.39775
-0.00254469  0.000470634  4.34453
-0.00249103  0.000464649  4.28501
-0.00243315  0.000458185  4.21915
-0.00237679  0.000451585  4.156
-0.00231753  0.000445356  4.08107
-0.00225941  0.000438861  4.00904
-0.00220239  0.000432491  3.93626
-0.00213988  0.000426145  3.84817
-0.0020771  0.000420331  3.75204
-0.00201599  0.000414322  3.65897
-0.00194967  0.000408647  3.54748
-0.00188331  0.000403062  3.43201
-0.00181305  0.000397515  3.30313
-0.00174133  0.000392288  3.16433
-0.00166324  0.000387499  3.00191
-0.00158691  0.000382502  2.84157
-0.00151205  0.000377508  2.68087
-0.00143205  0.000372955  2.49909
-0.00135232  0.000368283  2.3143
-0.00126338  0.000364395  2.09493
-0.00118211  0.000360075  1.89435
-0.00109609  0.000355931  1.67474
-0.00100873  0.000351997  1.44528
-0.000918046  0.000348323  1.20017
-0.00082705  0.000344679  0.948852
-0.00072851  0.000341541  0.669056
-0.000631849  0.000338762  0.389209
-0.000522307  0.000336268  0.0663364
-0.000415774  0.000334417  -0.251858
-0.000313156  0.000333197  -0.560762
-0.000163383  0.000332454  -1.01252
