-0.010865  0.0047755  2.17045
-0.0107816  0.0046183  2.22627
-0.0106967  0.00446474  2.28383
-0.0106081  0.00430972  2.34542
-0.0105159  0.00415383  2.41123
-0.0104251  0.00400637  2.47732
-0.01033  0.00385895  2.54732
-0.010232  0.00371432  2.62014
-0.0101316  0.00357263  2.69593
-0.0100242  0.00343131  2.77569
-0.00991736  0.00329402  2.85893
-0.00980694  0.00315658  2.94843
-0.00969506  0.00302307  3.04163
-0.00958486  0.00289469  3.13845
-0.00946183  0.00275872  3.24854
-0.00933852  0.00263372  3.35591
-0.00922141  0.00250704  3.47877
-0.00909418  0.00238145  3.6088
-0.0089593  0.00225808  3.74624
-0.00882067  0.00214299  3.88273
-0.00869382  0.00202989  4.03658
-0.00854472  0.00191641  4.1978
-0.0083956  0.00181239  4.35645
-0.00825015  0.00170736  4.53927
-0.00808633  0.00160641  4.72255
-0.00792882  0.00150999  4.91977
-0.00775992  0.00141983  5.11322
-0.00758541  0.00133334  5.31403
-0.00740035  0.00125202  5.51138
-0.0071999  0.00117785  5.68823
-0.00700696  0.00111674  5.82674
-0.00678853  0.00105682  5.95042
-0.00657936  0.00099843  6.08892
-0.00636225  0.000946319  6.19479
-0.00613246  0.000897364  6.27668
-0.00590592  0.000855981  6.31546
-0.00566271  0.000812942  6.35065
-0.00552556  0.00079471  6.32376
-0.00538725  0.000778227  6.27997
-0.00524466  0.000760802  6.23639
-0.00508344  0.000744249  6.15847
-0.00490578  0.000728221  6.05006
-0.00472792  0.000713812  5.92301
-0.00451828  0.000699113  5.74768
-0.00430469  0.000686787  5.53985
-0.00411414  0.000675807  5.34789
-0.00384929  0.000664078  5.04352
-0.00355775  0.000655582  4.66418
-0.00325343  0.000647774  4.2506
-0.00288244  0.000643568  3.70192
