-0.010865  0.0047755  2.17045
-0.0107787  0.00461596  2.22678
-0.0106909  0.00445752  2.28624
-0.010601  0.00429997  2.34909
-0.0105106  0.00414579  2.41464
-0.0104156  0.00399389  2.48268
-0.0103175  0.00384171  2.5555
-0.0102146  0.00369208  2.6312
-0.0101102  0.00354745  2.70905
-0.0100012  0.00340622  2.78938
-0.00989193  0.00326505  2.8765
-0.00978239  0.00312746  2.96803
-0.00966365  0.00299183  3.06289
-0.00954807  0.00285684  3.16716
-0.00942594  0.00272506  3.2755
-0.00930471  0.00259362  3.39476
-0.00917947  0.00246636  3.51915
-0.00904469  0.00233548  3.65865
-0.00891155  0.00221446  3.79846
-0.0087768  0.00210047  3.94045
-0.0086391  0.00198751  4.09511
-0.00848431  0.00187057  4.26839
-0.00832678  0.00176563  4.43285
-0.00817119  0.0016613  4.61757
-0.00801281  0.00155793  4.8223
-0.0078473  0.00146311  5.0217
-0.00766936  0.0013711  5.22889
-0.00748223  0.00128518  5.43289
-0.00729641  0.00120985  5.61756
-0.00708704  0.00113565  5.80022
-0.00687815  0.00107931  5.9095
-0.00666032  0.00102794  5.99288
-0.00644323  0.0009643  6.16325
-0.00621412  0.000917496  6.22795
-0.00597705  0.000866942  6.31767
-0.00574062  0.000825532  6.34817
-0.00561692  0.000806869  6.3417
-0.00548126  0.000788736  6.31549
-0.00534775  0.000771314  6.28506
-0.00519728  0.00075556  6.21695
-0.00501961  0.000739149  6.11461
-0.00487294  0.000724551  6.03538
-0.00467276  0.000709163  5.88406
-0.00444184  0.000695386  5.66857
-0.00423649  0.00068254  5.47438
-0.00404038  0.000673582  5.25605
-0.00374005  0.000662404  4.89135
-0.0035123  0.000653938  4.6064
-0.00314108  0.000646985  4.08213
-0.00278844  0.000643721  3.55502
