-0.010865  0.0047755  2.17045
-0.0107795  0.00461498  2.22742
-0.0106907  0.00445504  2.28745
-0.0106014  0.00429963  2.34936
-0.010509  0.00414267  2.41609
-0.010415  0.00399131  2.48414
-0.0103165  0.00383962  2.55664
-0.0102148  0.00368944  2.63314
-0.0101138  0.00354779  2.70979
-0.00999737  0.00340043  2.79299
-0.00989194  0.00326545  2.87616
-0.00977537  0.00312076  2.97215
-0.00965408  0.00297824  3.07365
-0.00954441  0.00285251  3.17069
-0.00941994  0.0027191  3.28048
-0.00928417  0.00257592  3.41011
-0.00916192  0.00245632  3.52638
-0.00904037  0.00233226  3.66184
-0.00889089  0.00219893  3.81589
-0.00875779  0.00209084  3.94952
-0.00861689  0.00197372  4.11249
-0.00846779  0.00186288  4.27713
-0.00831301  0.00175262  4.4579
-0.00814692  0.00164787  4.6405
-0.00798502  0.00155408  4.81636
-0.00783692  0.0014604  5.0239
-0.0076419  0.00137081  5.20997
-0.00744888  0.00128639  5.40185
-0.0072551  0.00120304  5.61503
-0.00703989  0.0011436  5.7187
-0.00685035  0.00107456  5.9097
-0.0066309  0.00101652  6.03129
-0.00640148  0.00095891  6.15436
-0.00617907  0.000916493  6.19652
-0.00595325  0.000862764  6.32067
-0.00569859  0.000819001  6.34748
-0.00555788  0.000798507  6.33417
-0.00541623  0.000780888  6.29569
-0.00529991  0.000766936  6.25856
-0.0051652  0.000752407  6.20036
-0.00498513  0.000739048  6.06879
-0.0048204  0.000719693  6.00311
-0.00461879  0.000707957  5.81785
-0.00442469  0.000691663  5.67428
-0.00421129  0.000681115  5.44884
-0.0040069  0.000672073  5.21804
-0.00372018  0.000661738  4.86625
-0.00350628  0.0006537  4.59886
-0.00317371  0.000647343  4.13029
-0.00277153  0.00064318  3.53172
