-0.003971  0.00164852  2.10552
-0.00395399  0.00152676  2.26231
-0.00393669  0.00141358  2.4312
-0.00391203  0.00130098  2.62267
-0.00388683  0.00118453  2.85921
-0.00385773  0.00109683  3.06131
-0.00381605  0.00101213  3.27629
-0.00376935  0.000932739  3.50511
-0.00370889  0.000836299  3.83702
-0.00366937  0.000798551  3.9689
-0.0036285  0.000754103  4.14863
-0.00355326  0.000685851  4.45178
-0.00351008  0.000662969  4.5403
-0.00343432  0.000625478  4.69132
-0.00334656  0.000595065  4.78362
-0.00327445  0.000569612  4.87078
-0.00321922  0.000559217  4.86254
-0.00313177  0.000545307  4.82621
-0.00307889  0.000533985  4.82951
-0.00303368  0.000526784  4.80971
-0.0029745  0.000518029  4.77676
-0.00290403  0.000506517  4.74619
-0.00284842  0.000498824  4.70792
-0.00277461  0.000488064  4.66048
-0.00269212  0.000473827  4.6264
-0.00264466  0.000468674  4.57602
-0.00255859  0.000458961  4.48534
-0.00250746  0.000449546  4.46552
-0.00241065  0.000439008  4.3522
-0.00234637  0.000430155  4.29235
-0.00226301  0.000422913  4.16874
-0.00217045  0.000411873  4.05575
-0.00210144  0.000406223  3.94226
-0.00199161  0.000397292  3.75443
-0.00192681  0.000390879  3.65027
-0.00180344  0.000381831  3.41366
-0.00173625  0.000373564  3.30934
-0.00162135  0.000366119  3.06279
-0.00150128  0.000358002  2.79684
-0.00144002  0.00035287  2.66393
-0.00130584  0.000345089  2.33517
-0.00119386  0.000339596  2.04319
-0.00109712  0.000334538  1.7849
-0.000952346  0.000328389  1.37747
-0.000839383  0.000324422  1.04612
-0.000704575  0.000320042  0.639213
-0.000567958  0.00031656  0.214677
-0.000399407  0.000313092  -0.32129
-0.000199151  0.000310624  -0.968532
-0.000101265  0.000309586  -1.28796
