-0.003971  0.00164852  2.10552
-0.00395489  0.00153107  2.25652
-0.00393486  0.00142977  2.40238
-0.00390994  0.00131309  2.59688
-0.0038838  0.00122011  2.77335
-0.0038561  0.00112182  2.99167
-0.00382048  0.00103757  3.20024
-0.00378014  0.000959036  3.42025
-0.0037383  0.000885511  3.65698
-0.00368777  0.000822705  3.87474
-0.00362738  0.00076283  4.09971
-0.00356881  0.000709223  4.327
-0.00350717  0.000665487  4.51875
-0.00343559  0.000626084  4.68881
-0.00336137  0.000594115  4.81619
-0.0032793  0.000574056  4.84152
-0.0031897  0.000552083  4.87191
-0.0031301  0.000541251  4.8593
-0.00307  0.000531912  4.83163
-0.00300846  0.000522049  4.80503
-0.00294578  0.000510735  4.78875
-0.00288583  0.000501202  4.76023
-0.0028202  0.000491616  4.71953
-0.00275991  0.000483114  4.6778
-0.00269512  0.000473246  4.63843
-0.00262974  0.000464173  4.58826
-0.00255592  0.000454286  4.52562
-0.00248651  0.00044609  4.45316
-0.00240706  0.000436805  4.36592
-0.00233141  0.000428307  4.27594
-0.00224996  0.000419197  4.17454
-0.00217206  0.000411087  4.06742
-0.00208488  0.000402212  3.94042
-0.00199082  0.000393927  3.7845
-0.00191429  0.00038683  3.65609
-0.00181203  0.000379699  3.45544
-0.00172718  0.000372102  3.29795
-0.00163469  0.000365224  3.10682
-0.00151628  0.00035796  2.83909
-0.00143362  0.000352538  2.64828
-0.00130588  0.000345481  2.33262
-0.00119578  0.000339577  2.04897
-0.00110032  0.000334399  1.7952
-0.000967648  0.000328523  1.42349
-0.000843294  0.000324624  1.05751
-0.000699503  0.000319249  0.624914
-0.000559321  0.000316346  0.187518
-0.000415957  0.000312967  -0.268537
-0.000263213  0.000310653  -0.762222
-7.6692e-05  0.000308948  -1.37016
