-0.003971  0.00164852  2.10552
-0.00395407  0.00152506  2.26488
-0.00393385  0.00139597  2.45984
-0.00391096  0.00127449  2.67635
-0.0038864  0.00118018  2.86938
-0.00385783  0.00108946  3.08211
-0.0038081  0.00099628  3.32045
-0.00377565  0.000936739  3.49686
-0.00371399  0.000855221  3.75808
-0.00366402  0.000804191  3.93441
-0.00360092  0.000739088  4.1956
-0.00354095  0.000682734  4.45407
-0.00347674  0.000643403  4.62656
-0.00339972  0.000616749  4.70162
-0.00331981  0.000587936  4.79612
-0.00324961  0.000576644  4.7683
-0.00321167  0.000566794  4.78423
-0.00313957  0.000556751  4.74103
-0.00308052  0.00054435  4.74054
-0.00303527  0.000536079  4.72929
-0.00300017  0.000524462  4.76712
-0.00291458  0.000514492  4.69314
-0.0028444  0.000504357  4.6483
-0.00278926  0.000492685  4.6465
-0.0027529  0.00048431  4.65177
-0.00265899  0.000471099  4.58287
-0.00256294  0.000465756  4.42922
-0.00253313  0.000456186  4.4568
-0.00243668  0.000449614  4.30744
-0.00235877  0.000436578  4.25758
-0.00228219  0.000425829  4.18521
-0.00221046  0.000421239  4.06054
-0.00213573  0.000414402  3.94719
-0.00207093  0.000406001  3.86926
-0.00196709  0.000397423  3.69149
-0.00186237  0.000388814  3.50391
-0.00176046  0.000383329  3.2882
-0.0016484  0.000373887  3.07152
-0.00154478  0.000366353  2.85185
-0.0014852  0.000362441  2.71822
-0.00140324  0.000354871  2.54525
-0.00124666  0.000349705  2.13512
-0.00111069  0.00034216  1.78481
-0.00102073  0.000336746  1.54637
-0.000881476  0.000331161  1.15194
-0.000808984  0.000328234  0.941351
-0.000655186  0.000325923  0.476144
-0.000576916  0.00032258  0.238438
-0.000280545  0.000318994  -0.687961
-0.000130933  0.000316275  -1.16692
