-0.010865  0.0047755  2.17045
-0.0107833  0.00462136  2.22517
-0.0106945  0.0044641  2.28367
-0.010609  0.00431229  2.34423
-0.0105194  0.00415934  2.40889
-0.0104269  0.00401252  2.47398
-0.0103332  0.00386604  2.54347
-0.0102341  0.00372274  2.61478
-0.0101341  0.00358135  2.69007
-0.0100291  0.00343841  2.77136
-0.0099221  0.00330113  2.8542
-0.00981466  0.00316815  2.9401
-0.00970047  0.00303535  3.03111
-0.00958876  0.00290122  3.13274
-0.00947332  0.00277315  3.23579
-0.00935498  0.00264571  3.34692
-0.00923405  0.00251975  3.46624
-0.00910534  0.00239235  3.59702
-0.00898285  0.00227668  3.72598
-0.00884376  0.00215611  3.86982
-0.0087106  0.00204262  4.01964
-0.00856834  0.00193424  4.17133
-0.00842024  0.0018261  4.33723
-0.00826677  0.00171876  4.51881
-0.00810963  0.00161816  4.70265
-0.00795139  0.00152377  4.8901
-0.00777948  0.00143594  5.06947
-0.00760815  0.00134928  5.26812
-0.00742787  0.00126973  5.45617
-0.00723839  0.00119651  5.63172
-0.00703792  0.00113501  5.76022
-0.00682547  0.00106698  5.9284
-0.00662093  0.00101492  6.03096
-0.00641723  0.000959543  6.16672
-0.00618798  0.000912912  6.2306
-0.005959  0.00086461  6.31383
-0.00572525  0.000822882  6.34994
-0.00559189  0.000804332  6.33058
-0.0054413  0.000786649  6.28145
-0.0052885  0.000764707  6.26188
-0.00515095  0.000748754  6.21159
-0.00497921  0.000733898  6.10331
-0.0048106  0.000717825  6.00508
-0.00453034  0.00070083  5.75081
-0.00440895  0.000690932  5.6575
-0.00409319  0.000676336  5.31273
-0.00378066  0.000665382  4.9305
-0.0036279  0.000656527  4.76431
-0.00333478  0.000649585  4.36398
-0.00275873  0.000645454  3.49944
