-0.003971  0.00164852  2.10552
-0.00395163  0.00152864  2.25797
-0.00393446  0.00139956  2.45396
-0.00390703  0.00125711  2.71022
-0.00388741  0.00117822  2.87504
-0.00385572  0.00109923  3.05278
-0.0037913  0.0010168  3.23692
-0.00375663  0.000902651  3.60785
-0.00372613  0.000850836  3.79172
-0.00364814  0.000787746  3.9964
-0.00359876  0.000729593  4.24724
-0.00353361  0.000666364  4.55249
-0.00344734  0.000640138  4.60422
-0.00337471  0.000602853  4.76852
-0.00329132  0.000578583  4.8244
-0.00320714  0.000570077  4.74874
-0.0031456  0.000562409  4.70405
-0.00306211  0.000553306  4.63055
-0.00304553  0.000543953  4.67968
-0.00295918  0.000530263  4.63767
-0.00288867  0.000521972  4.57624
-0.00284335  0.000514548  4.55419
-0.00279185  0.00050165  4.56862
-0.00267631  0.000495364  4.39336
-0.00262322  0.000484901  4.37867
-0.00257568  0.000474818  4.37153
-0.00252082  0.000460687  4.38654
-0.00242889  0.000456165  4.22848
-0.00238504  0.000443095  4.25425
-0.00235008  0.000439166  4.21271
-0.00224906  0.000425558  4.11004
-0.00216602  0.000420621  3.96087
-0.00204773  0.000405075  3.82086
-0.00199496  0.000403097  3.7087
-0.00188883  0.000397574  3.49326
-0.00184532  0.000385587  3.48902
-0.00177767  0.000380349  3.35921
-0.00169013  0.000375487  3.16957
-0.00153894  0.000364422  2.85091
-0.00143929  0.000360825  2.60318
-0.00133809  0.00035588  2.35498
-0.00123348  0.000350507  2.09263
-0.00115537  0.000343717  1.90672
-0.00101691  0.000341386  1.51415
-0.000877612  0.000336032  1.12374
-0.000718375  0.000332754  0.656264
-0.000656415  0.000326877  0.478514
-0.000466759  0.000324135  -0.102553
-0.000466759  0.000324135  -0.102553
-5.73823e-05  0.000322156  -1.37392
