-0.003971  0.00164852  2.10552
-0.00395477  0.00152993  2.25813
-0.00393459  0.0014024  2.44909
-0.00391349  0.00128642  2.65349
-0.00388964  0.00118379  2.86338
-0.00385449  0.00108812  3.08283
-0.00381072  0.000995491  3.32572
-0.00377626  0.000936505  3.49839
-0.00372091  0.000848842  3.79447
-0.00367965  0.000803453  3.95748
-0.00360834  0.000728855  4.26468
-0.00354863  0.000677613  4.49907
-0.00347452  0.000631722  4.7086
-0.00341043  0.000616574  4.72032
-0.00336836  0.000599685  4.78312
-0.00324925  0.000561966  4.8922
-0.00318231  0.000551576  4.863
-0.00310541  0.000537556  4.84678
-0.00306974  0.000531112  4.8384
-0.00301152  0.00052122  4.81854
-0.00294342  0.000511747  4.77466
-0.00289143  0.000503631  4.74839
-0.00279718  0.00048807  4.70666
-0.00275892  0.000484532  4.66207
-0.00268896  0.000472257  4.63511
-0.00262283  0.000464033  4.57473
-0.00253441  0.000451645  4.50444
-0.00246768  0.000442632  4.44541
-0.00238765  0.000433723  4.35219
-0.00231192  0.00042526  4.26073
-0.0022517  0.000417823  4.19244
-0.00216796  0.000409532  4.07285
-0.00209141  0.000402074  3.95801
-0.00198713  0.000392047  3.79326
-0.00190696  0.00038634  3.64176
-0.00181822  0.000378383  3.48383
-0.00172144  0.000370604  3.29582
-0.00162636  0.000363832  3.09581
-0.00154983  0.000358068  2.93193
-0.00142321  0.000350739  2.63219
-0.00132156  0.000345277  2.37942
-0.00122885  0.000338916  2.15053
-0.00110419  0.000332768  1.81565
-0.000985628  0.000327754  1.48168
-0.000854612  0.000323359  1.09665
-0.000717396  0.000319089  0.681303
-0.000602075  0.000315347  0.323692
-0.000449039  0.00031171  -0.163487
-0.000321323  0.000309439  -0.577423
-0.000121869  0.000307874  -1.2282
