-0.003971  0.00164852  2.10552
-0.00395324  0.00152832  2.25951
-0.00393472  0.00141348  2.42997
-0.00391273  0.00132499  2.57566
-0.00388793  0.00122164  2.77326
-0.00385817  0.00112861  2.9755
-0.00381535  0.00104801  3.16347
-0.00377813  0.000968176  3.38588
-0.00373861  0.000905448  3.5768
-0.00368856  0.000829371  3.84456
-0.00364012  0.000769547  4.08047
-0.00358476  0.000716265  4.30673
-0.00352361  0.000665484  4.54348
-0.00345524  0.000627236  4.71153
-0.00337985  0.000599319  4.8052
-0.0033064  0.000580564  4.83391
-0.00322205  0.000557573  4.88197
-0.00314911  0.000545756  4.85402
-0.00310005  0.000536155  4.84943
-0.00303851  0.000526679  4.81985
-0.00297774  0.000517448  4.78839
-0.00291058  0.00050682  4.75629
-0.00284578  0.000496053  4.72888
-0.00278341  0.00048672  4.69142
-0.00271441  0.000476691  4.64537
-0.00263518  0.000467562  4.56663
-0.0025691  0.000457395  4.52365
-0.00250756  0.000449338  4.46781
-0.00242745  0.000439829  4.38226
-0.00233898  0.000429828  4.27842
-0.00227018  0.000422392  4.19085
-0.00217384  0.000412891  4.05395
-0.00209808  0.000404541  3.95035
-0.00200613  0.000397104  3.79279
-0.00190957  0.000387595  3.6367
-0.00182494  0.000379399  3.4922
-0.00172217  0.00037457  3.26287
-0.0016567  0.000367001  3.15176
-0.001532  0.000359597  2.86989
-0.00144151  0.000352154  2.67358
-0.00132057  0.000345298  2.37643
-0.00119533  0.000340016  2.045
-0.00108813  0.000334524  1.75812
-0.000964687  0.0003288  1.41328
-0.00085298  0.000323406  1.09144
-0.000717055  0.000318484  0.681526
-0.00056641  0.000315403  0.210556
-0.000425471  0.000311684  -0.239118
-0.000260475  0.000308992  -0.775182
-8.28045e-05  0.000307969  -1.35467
