-0.00381589  0.00110461  3.00186
-0.00374609  0.000959055  3.38468
-0.00371299  0.000911273  3.52582
-0.00365381  0.000827327  3.81204
-0.00362023  0.000778196  4.00957
-0.00354999  0.000708658  4.30389
-0.00347351  0.000660924  4.49902
-0.00339016  0.000620998  4.65406
-0.00329547  0.000580224  4.81792
-0.00324321  0.000566577  4.84173
-0.00319326  0.00055693  4.83591
-0.00314879  0.000546976  4.84261
-0.00309965  0.000537394  4.83751
-0.0030525  0.000528877  4.82627
-0.00300684  0.000520752  4.81388
-0.00294924  0.000512393  4.78001
-0.00289215  0.000503763  4.74855
-0.0028393  0.00049514  4.72451
-0.00277443  0.000485729  4.68252
-0.00272081  0.000477832  4.64768
-0.00266845  0.000470237  4.6114
-0.0026037  0.000461853  4.55491
-0.00254593  0.000453864  4.5078
-0.002477  0.000445656  4.43615
-0.00242585  0.000438852  4.38837
-0.00235932  0.000431087  4.3131
-0.00228683  0.000423224  4.22195
-0.00221852  0.000415975  4.13131
-0.00214259  0.000408443  4.02158
-0.00207496  0.000402226  3.91561
-0.00199477  0.000393655  3.79715
-0.00192351  0.000388325  3.66578
-0.00185102  0.000381455  3.54175
-0.00176858  0.000375141  3.38161
-0.00168608  0.000368842  3.21569
-0.00159569  0.000362294  3.0243
-0.00151989  0.000357124  2.85583
-0.00142492  0.00035187  2.62858
-0.001343  0.000346924  2.42994
-0.00122984  0.000340737  2.14196
-0.0011383  0.000335302  1.90366
-0.00103685  0.000330792  1.62291
-0.000940227  0.000326686  1.34756
-0.000819774  0.000322312  0.992125
-0.000704292  0.000318305  0.641812
-0.000603299  0.000315912  0.326988
-0.000476205  0.00031259  -0.0761212
-0.00034883  0.000310855  -0.486303
-0.000229151  0.000309506  -0.8751
-3.57679e-05  0.000308558  -1.50452
