-0.003971  0.00164852  2.10552
-0.00395402  0.00152473  2.26533
-0.00393588  0.001408  2.44025
-0.00391451  0.00129119  2.64446
-0.0038897  0.00118356  2.86399
-0.003857  0.00108768  3.08639
-0.00381697  0.00100377  3.3045
-0.0037745  0.000924673  3.54125
-0.00372634  0.000854385  3.77621
-0.00367345  0.000794095  3.99631
-0.00361894  0.000733512  4.25207
-0.00354807  0.000701199  4.34694
-0.00349267  0.000649509  4.6076
-0.00341643  0.000627179  4.65007
-0.00335872  0.000602429  4.74533
-0.00326337  0.000588536  4.69533
-0.0032159  0.000577808  4.70036
-0.00316142  0.000567223  4.69202
-0.00310789  0.000556603  4.68537
-0.00305021  0.000545865  4.67187
-0.00299197  0.000535891  4.65015
-0.00293376  0.000525543  4.63094
-0.00287534  0.000515741  4.60569
-0.00281016  0.000505572  4.5694
-0.00274496  0.000495899  4.52706
-0.00267505  0.000486708  4.46889
-0.00260245  0.000477528  4.40278
-0.00252635  0.000468858  4.32187
-0.00245128  0.000459844  4.24337
-0.00237272  0.000451385  4.14883
-0.00229454  0.00044297  4.05115
-0.00221557  0.000433867  3.95414
-0.00212789  0.000426009  3.82126
-0.00205195  0.000417529  3.71699
-0.00196095  0.000409532  3.56737
-0.00186491  0.000402576  3.39045
-0.00178172  0.000395379  3.24174
-0.00167595  0.000388306  3.02841
-0.00157466  0.000381647  2.81585
-0.00147382  0.000375206  2.59542
-0.00137453  0.000369531  2.3666
-0.00124361  0.000363848  2.04374
-0.00113257  0.000357771  1.76809
-0.0010093  0.000353094  1.44238
-0.000897142  0.00034755  1.14269
-0.00077877  0.000343117  0.812464
-0.000651464  0.000339282  0.446424
-0.000522422  0.000336401  0.0666517
-0.000334747  0.000333751  -0.49514
-0.000169416  0.000332402  -0.994531
