-0.003971  0.00164852  2.10552
-0.00344264  0.000627556  4.68905
-0.0033398  0.000598283  4.74659
-0.0032849  0.000591294  4.70984
-0.0032443  0.000584021  4.69897
-0.00319782  0.000574261  4.69791
-0.0031577  0.000566221  4.69375
-0.00312072  0.000559073  4.68761
-0.00307942  0.000551518  4.67695
-0.0030355  0.000544105  4.65995
-0.00299273  0.000535959  4.65098
-0.00294714  0.000527843  4.63611
-0.00289973  0.000520727  4.60842
-0.00285904  0.000513301  4.59583
-0.00280595  0.000504888  4.56724
-0.00275782  0.000498577  4.52852
-0.0027107  0.000491327  4.49944
-0.00264883  0.000484877  4.43171
-0.00259568  0.000477009  4.39337
-0.00254444  0.000470519  4.34508
-0.00248661  0.000463687  4.28438
-0.00242464  0.000457293  4.20877
-0.00236516  0.000450803  4.13742
-0.00230411  0.000444421  4.05947
-0.00224466  0.000438048  3.98279
-0.00218879  0.000430942  3.91884
-0.00213939  0.000425756  3.85054
-0.00208453  0.000420499  3.76821
-0.00198712  0.000412201  3.60775
-0.00194476  0.000408211  3.53925
-0.00185133  0.00040173  3.36378
-0.00178946  0.000395885  3.25717
-0.00170312  0.000390161  3.08366
-0.0016473  0.000386246  2.97039
-0.00156429  0.000381321  2.79107
-0.00147997  0.000375559  2.60937
-0.00138964  0.000370772  2.39943
-0.00132539  0.000367021  2.24889
-0.00122449  0.000362442  1.99892
-0.00114485  0.000358451  1.79898
-0.00104635  0.000353859  1.54396
-0.00094484  0.000349789  1.27174
-0.000842356  0.000345742  0.990207
-0.000767254  0.000343217  0.778673
-0.000689967  0.000340352  0.558148
-0.000560857  0.000337072  0.180546
-0.000461499  0.000335277  -0.114834
-0.000339548  0.000333522  -0.481083
-0.000244968  0.000332732  -0.766478
-6.00345e-05  0.000332402  -1.32359
