-0.010865  0.0047755  2.17045
-0.0107796  0.00461424  2.22779
-0.0106916  0.00445598  2.28718
-0.0106021  0.00429993  2.34936
-0.0105095  0.00414345  2.41574
-0.0104118  0.00398609  2.48659
-0.0103155  0.00383939  2.55653
-0.0102151  0.00369205  2.63135
-0.0101112  0.00354739  2.70938
-0.0100024  0.00340299  2.79236
-0.0098903  0.00326065  2.87989
-0.00977625  0.00312197  2.97128
-0.00966015  0.0029832  3.07058
-0.00954287  0.00284888  3.17419
-0.00941977  0.00271544  3.28483
-0.00930314  0.00258879  3.40049
-0.00916826  0.00245862  3.52567
-0.00904377  0.00233377  3.66093
-0.00890374  0.00221149  3.80004
-0.00876586  0.00208623  3.9621
-0.00862632  0.00197293  4.11891
-0.00847115  0.00185967  4.28631
-0.00832318  0.00175316  4.46232
-0.00815878  0.00164618  4.65247
-0.00799644  0.00154837  4.84152
-0.00782419  0.00144988  5.05159
-0.00766267  0.00136939  5.23056
-0.00745628  0.00128469  5.41476
-0.00726727  0.00120448  5.61843
-0.00706363  0.00114113  5.75187
-0.00686474  0.00107735  5.90777
-0.00663444  0.00101363  6.05193
-0.00641297  0.000960718  6.15474
-0.00618707  0.000911262  6.24088
-0.00595355  0.00086346  6.31593
-0.00570208  0.000819483  6.34801
-0.00557274  0.000800973  6.33322
-0.00543457  0.000781436  6.31474
-0.00531938  0.000767613  6.2784
-0.00516324  0.000751099  6.20855
-0.00499165  0.000733716  6.12178
-0.00483416  0.000720118  6.01867
-0.00462986  0.000706176  5.8482
-0.00444874  0.000692591  5.70141
-0.00423883  0.000681408  5.48692
-0.00397782  0.000669442  5.19511
-0.00373047  0.000661628  4.88261
-0.00342154  0.000652172  4.47971
-0.00312033  0.000646928  4.05042
-0.00271956  0.000644564  3.4435
