-0.003971  0.00164852  2.10552
-0.00395437  0.00152716  2.26195
-0.00393626  0.00141046  2.43627
-0.00391579  0.00129759  2.6324
-0.0038903  0.00118935  2.85056
-0.00385784  0.00109077  3.07842
-0.00381607  0.00100393  3.3031
-0.00377161  0.000927943  3.52566
-0.00372654  0.000855362  3.77213
-0.00367234  0.000789535  4.01798
-0.00361186  0.000731279  4.25537
-0.00355127  0.000677742  4.50211
-0.003484  0.000636215  4.69024
-0.00341038  0.000604067  4.81798
-0.00333217  0.000581369  4.87156
-0.00324664  0.000562089  4.88649
-0.00318381  0.000550225  4.87765
-0.00313137  0.000540084  4.87214
-0.0030708  0.000529768  4.85269
-0.00300956  0.000519976  4.82629
-0.00294043  0.00051042  4.78121
-0.00287465  0.000499327  4.75571
-0.00281372  0.000489634  4.72542
-0.00275143  0.000479975  4.69073
-0.00269063  0.000471386  4.64721
-0.00261845  0.000461434  4.59102
-0.00253334  0.000451043  4.50809
-0.00247063  0.000442574  4.45265
-0.00238964  0.000433664  4.35739
-0.00232284  0.000426015  4.27881
-0.00223061  0.000415904  4.16108
-0.00214721  0.00040824  4.0349
-0.00207605  0.00040081  3.93216
-0.00198104  0.000392237  3.77589
-0.00189114  0.000384556  3.61753
-0.00179314  0.000376324  3.43624
-0.00168901  0.000370156  3.21219
-0.00159386  0.000362386  3.01849
-0.00150188  0.000356068  2.81374
-0.00137849  0.000349359  2.51459
-0.00127175  0.000342198  2.25528
-0.00116115  0.000336831  1.96286
-0.00104001  0.000330901  1.63194
-0.000917939  0.000325911  1.28237
-0.000781186  0.000320121  0.878376
-0.000676707  0.000317722  0.556167
-0.000519905  0.000313721  0.0634477
-0.000351989  0.000309829  -0.477719
-0.000195692  0.000308248  -0.987218
-1.27058e-05  0.000307461  -1.5849
