-0.003971  0.00164852  2.10552
-0.00395543  0.00153447  2.25188
-0.00393676  0.00141331  2.43171
-0.0039152  0.00129813  2.63087
-0.00389603  0.00121168  2.80274
-0.00386343  0.0011186  3.00682
-0.00382674  0.00103803  3.20486
-0.00378213  0.000965322  3.40004
-0.00374253  0.000898096  3.61045
-0.0036942  0.000822521  3.88343
-0.0036447  0.000756844  4.15502
-0.00359899  0.00071725  4.32066
-0.00353629  0.000676679  4.48706
-0.00346843  0.000631822  4.69821
-0.00340014  0.000606945  4.77826
-0.00332766  0.000590133  4.79156
-0.00326385  0.000574938  4.80722
-0.00321394  0.000564989  4.80353
-0.00314919  0.000554717  4.77575
-0.00308659  0.000543306  4.76082
-0.0030314  0.000532866  4.75055
-0.00296788  0.000523554  4.7137
-0.00290791  0.0005127  4.69653
-0.0028371  0.000502115  4.6545
-0.00277349  0.000492074  4.62022
-0.00270394  0.000482924  4.56375
-0.00263722  0.000472975  4.51867
-0.0025623  0.000463528  4.44914
-0.00250479  0.000456156  4.39498
-0.00241343  0.000444547  4.30423
-0.00233978  0.000436754  4.2124
-0.00226293  0.000429319  4.10633
-0.00217712  0.000418523  4.00723
-0.00211418  0.000411235  3.9252
-0.0020394  0.000404091  3.80955
-0.00193143  0.000393591  3.63685
-0.00184079  0.000386765  3.46668
-0.00177138  0.000379424  3.35083
-0.00167025  0.000370876  3.15537
-0.00157299  0.00036494  2.94017
-0.00147778  0.00035926  2.72163
-0.00135066  0.000351972  2.41685
-0.00124417  0.000345341  2.15489
-0.00110814  0.000338456  1.79682
-0.00100606  0.000333686  1.51659
-0.000933206  0.000330486  1.31082
-0.000902199  0.000330253  1.21785
-0.000749187  0.00032442  0.768101
-0.000536575  0.000320269  0.114199
-0.000395956  0.000317482  -0.327717
