-0.010865  0.0047755  2.17045
-0.0107798  0.0046146  2.22768
-0.0106948  0.00446274  2.28443
-0.0106101  0.0043132  2.34399
-0.0105169  0.00416205  2.40671
-0.0104213  0.00401101  2.47351
-0.0103272  0.00386232  2.54439
-0.0102372  0.00372701  2.61259
-0.0101283  0.00357134  2.69599
-0.0100191  0.00343107  2.77438
-0.00991806  0.00329721  2.85637
-0.00981978  0.0031745  2.93583
-0.00969954  0.00303269  3.03346
-0.00957854  0.00290615  3.12391
-0.00946429  0.00277134  3.23464
-0.00934731  0.00264208  3.34861
-0.00923408  0.00252225  3.46282
-0.00909813  0.00238849  3.59981
-0.00898313  0.00227952  3.72146
-0.00884207  0.00215693  3.86756
-0.00870935  0.00204621  4.01198
-0.00855786  0.00193019  4.17465
-0.008411  0.00181588  4.35656
-0.00825139  0.00172438  4.49517
-0.00811999  0.0016277  4.68143
-0.00794595  0.00153209  4.85999
-0.00780289  0.00144504  5.05376
-0.00762136  0.00135177  5.26817
-0.0074239  0.00126746  5.46282
-0.00724145  0.00119758  5.62922
-0.00704678  0.00114107  5.73742
-0.00681787  0.00106454  5.93484
-0.00661232  0.00101569  6.01792
-0.00640996  0.000965111  6.12361
-0.00622342  0.000922313  6.20551
-0.00598963  0.000875775  6.26832
-0.00571621  0.000822831  6.33935
-0.00555933  0.000804553  6.28837
-0.00539901  0.000778885  6.28978
-0.00530204  0.00076879  6.24623
-0.00512854  0.000752498  6.1509
-0.00494817  0.000736301  6.04125
-0.00475742  0.000716602  5.94112
-0.00461949  0.000706425  5.83147
-0.00435535  0.00068864  5.5985
-0.00414501  0.000676807  5.3856
-0.00389582  0.000665611  5.10181
-0.00365326  0.000658215  4.79063
-0.00328875  0.000649121  4.29619
-0.00293104  0.00064572  3.76486
