-0.003971  0.00164852  2.10552
-0.00395422  0.00152612  2.2634
-0.00393572  0.00140709  2.44172
-0.00391475  0.00129239  2.6422
-0.00388934  0.00118225  2.86686
-0.00385705  0.00108785  3.08594
-0.00381727  0.00100432  3.30301
-0.00377478  0.000925132  3.5398
-0.00372655  0.000853374  3.78093
-0.00367649  0.000789034  4.0258
-0.00362176  0.000730855  4.27137
-0.00355133  0.000696572  4.3805
-0.00349994  0.000644588  4.65405
-0.00347506  0.00063443  4.68934
-0.0033406  0.000598194  4.74862
-0.00326293  0.000588437  4.69538
-0.00321603  0.000577775  4.70084
-0.00316196  0.000567239  4.69283
-0.00310699  0.000556448  4.68505
-0.00304873  0.000545612  4.67133
-0.0029902  0.000535479  4.65042
-0.00293065  0.000524937  4.63036
-0.00286811  0.000515105  4.59734
-0.00280643  0.000505085  4.56642
-0.00273752  0.000495633  4.51447
-0.00266938  0.000486047  4.46332
-0.00259471  0.000476686  4.39432
-0.00251709  0.000468135  4.30877
-0.00244317  0.000459093  4.23263
-0.00235803  0.000450889  4.12081
-0.00228267  0.00044171  4.03584
-0.00220263  0.000432521  3.93652
-0.00212206  0.000424779  3.81861
-0.00203844  0.000416354  3.69503
-0.00194629  0.000408678  3.53895
-0.00185786  0.000401016  3.38606
-0.00175804  0.000394161  3.19169
-0.0016595  0.000386863  2.99717
-0.00155544  0.00038035  2.77491
-0.00144781  0.000373969  2.53447
-0.00133167  0.000368265  2.25836
-0.00122227  0.000362228  1.99397
-0.00110954  0.000356069  1.71186
-0.000992712  0.000350654  1.40512
-0.000869552  0.000345612  1.06927
-0.000744924  0.000341159  0.717917
-0.000602513  0.000337082  0.30412
-0.000457452  0.000334055  -0.127367
-0.000321302  0.000331958  -0.538316
-0.000123183  0.000331295  -1.1374
