-0.003971  0.00164852  2.10552
-0.0039552  0.00153288  2.25406
-0.0039387  0.00142729  2.40925
-0.0039176  0.00131649  2.596
-0.00389409  0.00121421  2.79531
-0.00386499  0.00111871  3.00791
-0.00383043  0.00103868  3.20643
-0.00379073  0.000966092  3.40623
-0.00374347  0.000896077  3.61963
-0.00370107  0.000834682  3.83508
-0.00364531  0.000765256  4.11014
-0.00359454  0.000714141  4.33323
-0.00353126  0.000667097  4.54395
-0.00346412  0.000639589  4.63442
-0.00339911  0.000605309  4.78946
-0.00331513  0.000578979  4.86223
-0.00323572  0.00056171  4.87035
-0.00317297  0.000550402  4.8564
-0.00311797  0.000539974  4.84833
-0.00305491  0.000529503  4.82511
-0.00298667  0.000520159  4.78059
-0.0029183  0.000509456  4.74683
-0.00285661  0.000499778  4.71532
-0.00278936  0.000489083  4.68093
-0.00272161  0.000480352  4.62496
-0.00265707  0.000470685  4.58283
-0.00257094  0.000461033  4.49196
-0.00250343  0.000450605  4.44608
-0.00243471  0.000441928  4.37789
-0.00234945  0.000433193  4.26934
-0.00226809  0.000423271  4.17721
-0.00218466  0.000413949  4.06972
-0.00210123  0.000406323  3.94077
-0.00201919  0.00039701  3.82658
-0.00193422  0.000389008  3.68686
-0.00183481  0.0003816  3.49793
-0.00174712  0.000373454  3.33941
-0.00163897  0.000366234  3.10996
-0.00153637  0.000358076  2.89429
-0.00143502  0.000351989  2.6564
-0.00133322  0.000345781  2.40967
-0.0012084  0.000339138  2.08884
-0.00110255  0.000333747  1.8054
-0.00097875  0.0003281  1.45916
-0.000838037  0.000323221  1.04584
-0.000711051  0.000318666  0.662295
-0.000568903  0.000314411  0.219149
-0.000418713  0.000311173  -0.261228
-0.00025887  0.000308603  -0.781358
-8.685e-05  0.000306953  -1.34597
