-0.003971  0.00164852  2.10552
-0.00395397  0.00152861  2.25954
-0.00393399  0.00141159  2.43271
-0.00391222  0.00129499  2.63493
-0.00388542  0.00119341  2.83676
-0.00385071  0.00109633  3.05631
-0.00381275  0.00101431  3.26601
-0.00376898  0.000945756  3.45647
-0.0037225  0.000863895  3.7302
-0.00367091  0.000797016  3.97848
-0.00361404  0.000730837  4.26093
-0.00355364  0.000687561  4.44126
-0.00348185  0.000637829  4.675
-0.00341527  0.000606728  4.80491
-0.00333083  0.000585389  4.83581
-0.00324937  0.000562854  4.8847
-0.0031827  0.000551025  4.86857
-0.00312735  0.000539753  4.86769
-0.00307765  0.00053129  4.85168
-0.00301278  0.000521429  4.81903
-0.00295658  0.000511181  4.8057
-0.00289291  0.000500828  4.77791
-0.00282836  0.000491455  4.7377
-0.00276854  0.000482892  4.69782
-0.00269575  0.000472713  4.645
-0.00262365  0.000462728  4.58942
-0.00254432  0.000452088  4.52194
-0.00247867  0.000444589  4.45056
-0.00241598  0.000435644  4.39804
-0.00232447  0.000425771  4.2851
-0.00224234  0.000417515  4.17312
-0.00216592  0.000409465  4.06854
-0.00207961  0.000400775  3.94139
-0.00199307  0.000392513  3.80387
-0.00191081  0.000385667  3.65809
-0.00181057  0.000378217  3.46513
-0.00171666  0.000370234  3.28619
-0.00161571  0.000363652  3.06807
-0.00151817  0.000356388  2.8569
-0.00141725  0.000350393  2.61777
-0.00130544  0.000343481  2.34493
-0.00118793  0.000337264  2.03972
-0.0010915  0.000332725  1.77774
-0.000963291  0.00032722  1.41584
-0.000838935  0.000322601  1.05063
-0.000700914  0.00031734  0.633119
-0.000562287  0.000313486  0.198691
-0.000420501  0.000310429  -0.256095
-0.000259107  0.000308385  -0.781144
-9.28e-05  0.000306658  -1.32787
