-0.003971  0.00164852  2.10552
-0.00395485  0.00153073  2.257
-0.00393694  0.00142184  2.41725
-0.00391662  0.00131476  2.59867
-0.00389433  0.00121306  2.79816
-0.0038639  0.00111791  3.00909
-0.00382183  0.00103237  3.21768
-0.00378468  0.000964448  3.40576
-0.0037394  0.000888425  3.64623
-0.00369439  0.00082089  3.89137
-0.00364392  0.000763013  4.1204
-0.00359026  0.000715398  4.31964
-0.00352674  0.000669095  4.52363
-0.00346442  0.000629204  4.71139
-0.00338734  0.000606005  4.76454
-0.00330886  0.000577706  4.86208
-0.00322525  0.000558225  4.88199
-0.003159  0.000547127  4.85993
-0.00310359  0.000536236  4.85531
-0.0030424  0.000525612  4.83704
-0.00297511  0.000514929  4.8067
-0.00291534  0.000505625  4.77695
-0.00284876  0.000494549  4.74929
-0.00278234  0.000485159  4.70431
-0.00271954  0.000476252  4.66044
-0.00264834  0.000466034  4.60984
-0.00257958  0.00045713  4.54922
-0.00250044  0.000446948  4.47577
-0.00242342  0.000437575  4.39564
-0.00234588  0.000428944  4.3033
-0.00226194  0.000419594  4.19915
-0.00218905  0.000411642  4.10321
-0.0020917  0.000402462  3.95491
-0.00200828  0.000394747  3.82089
-0.00192951  0.000386836  3.69538
-0.00182923  0.000378978  3.5074
-0.00173207  0.000371445  3.31696
-0.00163108  0.000364324  3.1046
-0.00153469  0.000357559  2.89376
-0.0014258  0.000350496  2.64141
-0.00130189  0.000343067  2.33743
-0.00119288  0.000337817  2.05105
-0.00106948  0.000332661  1.7119
-0.000958982  0.000326804  1.40446
-0.000814417  0.00032202  0.976389
-0.000684322  0.00031719  0.58111
-0.000544651  0.000313613  0.142375
-0.000399151  0.000310201  -0.325108
-0.000258682  0.000308606  -0.781962
-4.10253e-05  0.000307082  -1.49463
