-0.000920512  0.000424778  0.989958
-0.000920512  0.000424778  0.989958
-0.000920512  0.000424778  0.989958
-0.000920512  0.000424778  0.989958
-0.000921209  0.000420998  1.0005
-0.000921209  0.000420998  1.0005
-0.000921209  0.000420998  1.0005
-0.000921209  0.000420998  1.0005
-0.000921209  0.000420998  1.0005
-0.000921209  0.000420998  1.0005
-0.000921287  0.000421297  0.999977
-0.000972457  0.000461583  1.02356
-0.000972457  0.000461583  1.02356
-0.00101542  0.000460306  1.11974
-0.00101542  0.000460306  1.11974
-0.00101542  0.000460306  1.11974
-0.00101542  0.000460306  1.11974
-0.00101542  0.000460306  1.11974
-0.00101542  0.000460306  1.11974
-0.00101542  0.000460306  1.11974
-0.00101542  0.000460306  1.11974
-0.00101542  0.000460306  1.11974
-0.00101542  0.000460306  1.11974
-0.00101542  0.000460306  1.11974
-0.00101542  0.000460306  1.11974
-0.00101542  0.000460306  1.11974
-0.000926292  0.000413432  1.0311
-0.000926292  0.000413432  1.0311
-0.000926292  0.000413432  1.0311
-0.000926292  0.000413432  1.0311
-0.000926292  0.000413432  1.0311
-0.000832409  0.000388322  0.856015
-0.000832409  0.000388322  0.856015
-0.000832409  0.000388322  0.856015
-0.000815997  0.000370081  0.853861
-0.000815997  0.000370081  0.853861
-0.000815997  0.000370081  0.853861
-0.000722178  0.000353622  0.628294
-0.000722178  0.000353622  0.628294
-0.000670258  0.000348521  0.488517
-0.000670258  0.000348521  0.488517
-0.000582343  0.000345566  0.238284
-0.000582343  0.000345566  0.238284
-0.000582343  0.000345566  0.238284
-0.000374487  0.000335656  -0.373935
-0.000374487  0.000335656  -0.373935
-0.000285924  0.000334223  -0.64052
-0.000285924  0.000334223  -0.64052
-0.000147038  0.000332389  -1.06189
-8.08059e-05  0.000332371  -1.26122
