-0.003971  0.00164852  2.10552
-0.00395373  0.00152271  2.26814
-0.00393531  0.00140462  2.44573
-0.0039142  0.00128966  2.64736
-0.00388937  0.00118233  2.86668
-0.00385693  0.00108752  3.08677
-0.00381632  0.00100233  3.30863
-0.0037724  0.000921699  3.5504
-0.00372944  0.00085303  3.78584
-0.00367682  0.000785753  4.04303
-0.00362272  0.00072752  4.29228
-0.00356124  0.00067854  4.5115
-0.00349896  0.000644506  4.65312
-0.00341698  0.000616895  4.72849
-0.0033378  0.000597515  4.74934
-0.00326217  0.000588199  4.69598
-0.00321398  0.000577362  4.70065
-0.00315934  0.000566811  4.69176
-0.00310538  0.000556266  4.6837
-0.00304903  0.000545709  4.67104
-0.002988  0.000534773  4.65244
-0.00292972  0.000524981  4.62821
-0.00287061  0.000514991  4.6032
-0.00280749  0.000505075  4.56861
-0.00274201  0.000495539  4.5244
-0.0026615  0.00048522  4.45468
-0.00259282  0.000476345  4.3935
-0.0025192  0.00046835  4.31131
-0.00243736  0.000459954  4.21207
-0.00236516  0.000450587  4.1394
-0.00228786  0.000442252  4.04262
-0.00221189  0.00043347  3.94927
-0.00212751  0.000424685  3.83227
-0.00203752  0.00041624  3.69382
-0.00194754  0.000408879  3.54027
-0.001863  0.000401424  3.3954
-0.00176307  0.00039375  3.20781
-0.00166011  0.000387457  2.99415
-0.00156529  0.000380963  2.79632
-0.00145914  0.000374311  2.56241
-0.00134916  0.000368123  2.30672
-0.00123087  0.00036284  2.01431
-0.00111579  0.000356906  1.72536
-0.000998618  0.000351425  1.41885
-0.000875614  0.000346559  1.08384
-0.000748786  0.000342124  0.727183
-0.000615458  0.000338348  0.341241
-0.000466535  0.000335236  -0.0998258
-0.000308341  0.000333151  -0.575294
-0.000134528  0.000332371  -1.09959
