-0.003971  0.00164852  2.10552
-0.0039553  0.00153355  2.25314
-0.00393778  0.00141993  2.42109
-0.00391821  0.00130981  2.6097
-0.00389519  0.00120527  2.81695
-0.00386559  0.00110867  3.03571
-0.00382505  0.00102559  3.24207
-0.00378704  0.000949656  3.4613
-0.00374013  0.00087068  3.72137
-0.00369064  0.000805162  3.96273
-0.00363148  0.000747932  4.18685
-0.00357218  0.000690922  4.44649
-0.00350298  0.000652972  4.59894
-0.00342583  0.000619945  4.7195
-0.00335363  0.0005941  4.80328
-0.00326604  0.000572247  4.83364
-0.00317963  0.000553583  4.84051
-0.00311928  0.000541944  4.83311
-0.00306503  0.000530801  4.83238
-0.00300494  0.00052095  4.80841
-0.00295184  0.000511161  4.79662
-0.00288745  0.000501015  4.76523
-0.00282581  0.000491548  4.73161
-0.00275805  0.000482108  4.68371
-0.00268818  0.000472786  4.62826
-0.00262447  0.000463023  4.58826
-0.00255299  0.000453512  4.52686
-0.00248661  0.00044473  4.46701
-0.00239878  0.000435493  4.36007
-0.00231657  0.000425356  4.27069
-0.00225535  0.000418507  4.19431
-0.00217354  0.000409885  4.08294
-0.00208397  0.000400838  3.95163
-0.00198399  0.000393675  3.76959
-0.00190787  0.000385669  3.65047
-0.0018053  0.000377554  3.45725
-0.00171642  0.000371323  3.27591
-0.00161411  0.000362851  3.07045
-0.00149487  0.000355056  2.80201
-0.00139344  0.000349382  2.55719
-0.00128345  0.000342701  2.28611
-0.00117943  0.000337194  2.01497
-0.0010695  0.000332397  1.71331
-0.000945204  0.000326958  1.36166
-0.000811841  0.000321647  0.969513
-0.000678258  0.000318548  0.559595
-0.00056549  0.00031432  0.208354
-0.000458057  0.000311479  -0.134659
-0.000297662  0.00030894  -0.654942
-4.73659e-05  0.000307462  -1.47216
