-0.003971  0.00164852  2.10552
-0.00395449  0.00152796  2.26085
-0.00393615  0.00140966  2.43757
-0.00391586  0.00129793  2.63177
-0.00389177  0.00119142  2.84684
-0.003861  0.00109659  3.06494
-0.00382239  0.00101469  3.27429
-0.00378138  0.000938984  3.49461
-0.00373816  0.000866089  3.73883
-0.00369085  0.000801127  3.98295
-0.00363763  0.000745646  4.20793
-0.00357996  0.00069391  4.43857
-0.00351942  0.000662848  4.55522
-0.00345021  0.000629349  4.68771
-0.00338097  0.000602996  4.77776
-0.00332168  0.000592348  4.76356
-0.00325256  0.000582979  4.72155
-0.00318681  0.000572522  4.69294
-0.00313472  0.000561866  4.68924
-0.00307678  0.000551135  4.6754
-0.00302013  0.000540444  4.66308
-0.00296228  0.000530417  4.64216
-0.00290101  0.000519962  4.61767
-0.00283804  0.00050992  4.58512
-0.00277186  0.000500045  4.54332
-0.00270219  0.000490674  4.48809
-0.0026306  0.000481102  4.4286
-0.00255679  0.000471917  4.35838
-0.00247955  0.000462925  4.27618
-0.00240014  0.000454389  4.18174
-0.00231908  0.000445677  4.0816
-0.00224183  0.000436775  3.98793
-0.00216143  0.000428096  3.88098
-0.00207654  0.000419862  3.75491
-0.00198765  0.000411837  3.61223
-0.00189163  0.000404636  3.43921
-0.00180242  0.00039677  3.28255
-0.00170397  0.00038969  3.08957
-0.00159903  0.000383102  2.86878
-0.00149754  0.00037666  2.64838
-0.00137807  0.000370975  2.36692
-0.00127174  0.00036414  2.11936
-0.00115605  0.000358968  1.82762
-0.00103394  0.000353835  1.50902
-0.000919191  0.000348099  1.20423
-0.000789992  0.00034349  0.844253
-0.000660662  0.000339543  0.47317
-0.000530658  0.00033668  0.0910607
-0.000368378  0.000334029  -0.394042
-0.000195784  0.000332224  -0.915697
