-0.003971  0.00164852  2.10552
-0.0039538  0.00152384  2.26651
-0.00393446  0.00139956  2.45396
-0.00391521  0.00129644  2.63429
-0.00389265  0.00119897  2.82964
-0.00386278  0.00110173  3.05226
-0.00382178  0.0010208  3.2541
-0.0037813  0.000945847  3.46917
-0.00373207  0.000864662  3.73796
-0.00369576  0.000817184  3.9107
-0.00363708  0.000749395  4.18616
-0.00358369  0.000702323  4.39071
-0.00351314  0.000650013  4.63551
-0.00344414  0.000619279  4.75414
-0.00336948  0.000595526  4.8184
-0.00329137  0.000576967  4.83801
-0.00323456  0.000567228  4.82092
-0.00317043  0.000555583  4.80653
-0.00311055  0.000545096  4.78915
-0.00305092  0.000534157  4.7756
-0.00298684  0.000524809  4.73857
-0.00292496  0.000514198  4.71601
-0.00286641  0.00050514  4.68466
-0.00279982  0.000493613  4.65915
-0.0027366  0.000486209  4.60008
-0.00266047  0.000476746  4.5317
-0.00258684  0.000467459  4.46422
-0.00253198  0.000457141  4.44497
-0.00243255  0.000447144  4.32199
-0.00236699  0.000439601  4.247
-0.00229056  0.000431278  4.15176
-0.00219919  0.000421392  4.03233
-0.00212855  0.00041407  3.93303
-0.00202918  0.000404184  3.78337
-0.00193415  0.000398433  3.59948
-0.00185746  0.000389222  3.48763
-0.00177986  0.000382185  3.3488
-0.0016947  0.000374656  3.18879
-0.00159881  0.000367162  2.99272
-0.00148098  0.000360544  2.72082
-0.00137062  0.000354329  2.45708
-0.00127453  0.000347733  2.22738
-0.00115693  0.00034156  1.92333
-0.00103623  0.000335732  1.59719
-0.000954621  0.000332998  1.36524
-0.000792123  0.000326543  0.894595
-0.000642865  0.000323195  0.44204
-0.000504275  0.000318626  0.0134171
-0.000414294  0.000316572  -0.270731
-0.000183313  0.000315478  -1.00383
