-0.00383284  0.0010504  3.17291
-0.00378079  0.00101552  3.23066
-0.00375783  0.000986299  3.30308
-0.00375783  0.000986299  3.30308
-0.00374253  0.000947275  3.42301
-0.00373737  0.000879925  3.67914
-0.00373737  0.000879925  3.67914
-0.00373168  0.000864941  3.73629
-0.00371901  0.000842814  3.81936
-0.00371122  0.000827739  3.87951
-0.0036882  0.000797845  3.99601
-0.00368198  0.000790314  4.02622
-0.00365638  0.000761469  4.14513
-0.0036305  0.000739826  4.2314
-0.0036213  0.00073671  4.23681
-0.00358199  0.000708417  4.35053
-0.00356402  0.000681698  4.49469
-0.00354036  0.0006784  4.48166
-0.00352092  0.000670718  4.50401
-0.00350356  0.000646479  4.64602
-0.00348153  0.00063693  4.6811
-0.00348153  0.00063693  4.6811
-0.00338693  0.000625268  4.61711
-0.0033808  0.00060921  4.72876
-0.0033394  0.000597842  4.74942
-0.00324448  0.000584636  4.69435
-0.0031632  0.000569144  4.6793
-0.00308268  0.000555081  4.6528
-0.00301407  0.000540231  4.6537
-0.00293444  0.000525527  4.63238
-0.00284551  0.000510972  4.59029
-0.00274931  0.000498053  4.5162
-0.0026569  0.000485083  4.44646
-0.00255715  0.000472226  4.35629
-0.00245052  0.000460003  4.24023
-0.00233926  0.000447647  4.10873
-0.00222744  0.0004361  3.96111
-0.00209349  0.000424226  3.75622
-0.00199545  0.000413143  3.61969
-0.00188754  0.000403553  3.43831
-0.00174  0.000392133  3.1622
-0.00159493  0.000382887  2.85968
-0.00144426  0.000374851  2.51904
-0.00129751  0.000365424  2.18241
-0.00113268  0.000357847  1.76801
-0.000970024  0.000350354  1.34157
-0.000820106  0.0003446  0.928921
-0.000607902  0.000338386  0.318872
-0.00040259  0.00033426  -0.291419
-0.000169416  0.000332402  -0.994531
