-0.00397052  0.00164833  2.10548
-0.00395038  0.00151544  2.27682
-0.00393074  0.00139738  2.45513
-0.00390773  0.00130392  2.61344
-0.00387442  0.00119379  2.82665
-0.00384436  0.00110687  3.02146
-0.0038008  0.00101676  3.2464
-0.00375365  0.00093167  3.49228
-0.00370744  0.000853404  3.75841
-0.00364504  0.000789668  3.98273
-0.00360176  0.000732749  4.23304
-0.00353404  0.000686299  4.42086
-0.00345433  0.00063972  4.61815
-0.0033673  0.000601741  4.76501
-0.00327039  0.000574032  4.82619
-0.00317565  0.000553836  4.83112
-0.00310824  0.00054119  4.81945
-0.00308166  0.000537271  4.80513
-0.00296516  0.000519005  4.74978
-0.00294727  0.000517193  4.73183
-0.00289941  0.000507628  4.72671
-0.00283188  0.000498714  4.67579
-0.00275316  0.000487159  4.62511
-0.00263538  0.000476461  4.48174
-0.00265043  0.00047092  4.56646
-0.00256546  0.000460531  4.48495
-0.00246024  0.000445777  4.39736
-0.00241078  0.000440448  4.33827
-0.00235384  0.000434614  4.26549
-0.00229325  0.000426393  4.20562
-0.00217738  0.000416559  4.02674
-0.00212392  0.00040913  3.96921
-0.0020474  0.000401  3.85885
-0.00196067  0.000392363  3.72276
-0.00185084  0.000383773  3.5199
-0.00178925  0.000379089  3.40091
-0.00168106  0.000370283  3.18961
-0.0015633  0.000362298  2.93487
-0.00148832  0.000357425  2.7651
-0.0013763  0.000350594  2.49947
-0.00126375  0.000342774  2.22815
-0.00118577  0.000339253  2.02142
-0.00106739  0.000333692  1.70034
-0.000951048  0.00032867  1.37234
-0.000870738  0.000324454  1.14265
-0.000684495  0.000319275  0.577855
-0.000549027  0.000315165  0.155558
-0.000418441  0.000311896  -0.261494
-0.00027419  0.000309394  -0.729846
-0.000103665  0.000307709  -1.28802
