-0.003971  0.00164852  2.10552
-0.00395125  0.00152934  2.25668
-0.00393375  0.00141672  2.42373
-0.00390924  0.00130695  2.60855
-0.00388161  0.00120536  2.80547
-0.00385201  0.00110462  3.03454
-0.00380405  0.00102975  3.20858
-0.00376736  0.000955103  3.42095
-0.00371824  0.000887666  3.62551
-0.00366509  0.00080566  3.92857
-0.00361096  0.000755903  4.11555
-0.00356109  0.000705596  4.3383
-0.00347968  0.000646166  4.61132
-0.0034121  0.000609782  4.77564
-0.0033271  0.000590757  4.78556
-0.00324709  0.000567621  4.83966
-0.00318687  0.000557193  4.82215
-0.00312631  0.000547201  4.79954
-0.00306642  0.000536574  4.78298
-0.00300746  0.000523905  4.78609
-0.00294302  0.000513531  4.75729
-0.00288421  0.000504963  4.72154
-0.00282191  0.000495886  4.68235
-0.00274766  0.000485638  4.62827
-0.00267708  0.000477124  4.56293
-0.00260848  0.000465165  4.53276
-0.00253614  0.00045742  4.45136
-0.00246633  0.000448676  4.3825
-0.00239726  0.000439376  4.31808
-0.00231876  0.000429075  4.23881
-0.00223564  0.000422214  4.11082
-0.00215414  0.000413476  4.00058
-0.00207799  0.00040458  3.90031
-0.00199233  0.000397221  3.75692
-0.00189855  0.000388168  3.60294
-0.00181445  0.000381287  3.4474
-0.00172676  0.000373965  3.28041
-0.00162552  0.000365848  3.07647
-0.00152849  0.000359007  2.86482
-0.00141523  0.000351498  2.6038
-0.0013059  0.000344953  2.33625
-0.00119835  0.00033911  2.05935
-0.0010937  0.000334276  1.77606
-0.000975253  0.000328317  1.44754
-0.000860145  0.000323189  1.11435
-0.000731626  0.000318585  0.727048
-0.000592592  0.000314655  0.294264
-0.000460969  0.000311635  -0.125246
-0.000287522  0.000308664  -0.688379
-0.000114011  0.000307658  -1.2546
