-0.010865  0.0047755  2.17045
-0.0107783  0.00461375  2.22776
-0.01069  0.00445738  2.2861
-0.0106019  0.00430075  2.34886
-0.0105081  0.00414247  2.41597
-0.010415  0.00398975  2.48512
-0.0103175  0.00384016  2.55653
-0.0102167  0.00369583  2.6291
-0.0101089  0.00354287  2.71217
-0.00999996  0.00340284  2.79178
-0.00988978  0.00326044  2.87991
-0.00977346  0.00311729  2.97485
-0.00965759  0.00298192  3.07104
-0.00953579  0.00284387  3.17729
-0.00942106  0.00271305  3.28821
-0.00929587  0.00258393  3.40407
-0.00916715  0.00245341  3.53269
-0.00902992  0.00232207  3.67341
-0.00890128  0.00220609  3.80823
-0.00876064  0.00208938  3.95362
-0.00861816  0.00197231  4.11606
-0.00846871  0.00185965  4.28506
-0.00831718  0.00175223  4.46128
-0.00815862  0.00165001  4.64156
-0.0079901  0.00154442  4.84979
-0.00781542  0.00145192  5.03844
-0.00763017  0.00135434  5.26468
-0.00745126  0.00127619  5.44689
-0.00725626  0.00119731  5.64288
-0.00705708  0.00112971  5.80423
-0.00683646  0.00106738  5.93645
-0.00662481  0.0010107  6.06
-0.00639998  0.000958393  6.15612
-0.00616213  0.00090893  6.22944
-0.00592764  0.000861379  6.30111
-0.00568539  0.000818308  6.33672
-0.00556263  0.000800627  6.32334
-0.0054366  0.000783978  6.29686
-0.00530125  0.00076721  6.25807
-0.00515326  0.000751116  6.19513
-0.00498921  0.000737384  6.08802
-0.00482857  0.000722619  5.99012
-0.00465118  0.000709009  5.8549
-0.00443513  0.00069518  5.66059
-0.00425438  0.000684695  5.48329
-0.00401913  0.000673588  5.22446
-0.00376099  0.000663747  4.913
-0.00351575  0.000656254  4.5954
-0.00326359  0.000649724  4.25348
-0.0028734  0.000645067  3.6793
