-0.003971  0.00164852  2.10552
-0.00393664  0.00144531  2.37779
-0.00389554  0.0012062  2.81507
-0.003838  0.0010668  3.12898
-0.00374728  0.000936975  3.4657
-0.00366106  0.000786222  4.02057
-0.00355299  0.000689747  4.42624
-0.0034365  0.000625165  4.69716
-0.00328776  0.000581658  4.79278
-0.00324098  0.000572852  4.7848
-0.0031843  0.000565039  4.75064
-0.00311994  0.000554319  4.72641
-0.00307663  0.000546319  4.71634
-0.0030437  0.000539864  4.71174
-0.00298566  0.000531044  4.6807
-0.00292758  0.000521288  4.65689
-0.00288486  0.000516372  4.61849
-0.00282325  0.000506548  4.58644
-0.00279777  0.00050058  4.59021
-0.00269999  0.000487285  4.51479
-0.00265932  0.000480836  4.49076
-0.00260377  0.000476379  4.41616
-0.00253512  0.000467429  4.35385
-0.00251348  0.000460735  4.37016
-0.00244527  0.000452165  4.30212
-0.00238217  0.000443806  4.24097
-0.00231882  0.000437975  4.1528
-0.00224724  0.00042909  4.07197
-0.00216072  0.000421193  3.94289
-0.00212332  0.000415378  3.90805
-0.00206885  0.000408994  3.83589
-0.00194953  0.000402427  3.60196
-0.00187788  0.000396834  3.47217
-0.00183258  0.000387846  3.43586
-0.00175731  0.000381666  3.29426
-0.00175731  0.000381666  3.29426
-0.00161261  0.000375184  2.96551
-0.00152973  0.000372286  2.76597
-0.0014161  0.000365777  2.50453
-0.00131509  0.00035796  2.27703
-0.00124748  0.000357304  2.09199
-0.00121939  0.000349706  2.05713
-0.00102795  0.00034579  1.52679
-0.000973195  0.00034382  1.37629
-0.000913919  0.000337911  1.22493
-0.000828515  0.000335844  0.978178
-0.000646686  0.00033198  0.441853
-0.000565967  0.000329986  0.199908
-0.000466776  0.000327518  -0.101442
-0.000288539  0.000325324  -0.650002
