-0.003971  0.00164852  2.10552
-0.00395389  0.00152386  2.26655
-0.003935  0.00140479  2.44521
-0.00391395  0.00128843  2.6497
-0.00388219  0.00116738  2.89725
-0.00385042  0.00108439  3.08967
-0.00380669  0.00099276  3.3308
-0.00376128  0.000920731  3.54205
-0.00369778  0.000833373  3.83716
-0.00364692  0.000771273  4.08016
-0.00358602  0.00072536  4.25446
-0.00351694  0.000667882  4.51717
-0.00344902  0.000627693  4.69819
-0.0033657  0.00060385  4.74572
-0.00327071  0.000573825  4.8285
-0.00316857  0.000547565  4.87352
-0.00310783  0.000538316  4.84442
-0.00303894  0.000527485  4.8133
-0.00299271  0.000518802  4.80474
-0.00291984  0.000509429  4.75009
-0.00286821  0.000501007  4.72689
-0.00280257  0.000490232  4.6969
-0.00274027  0.000481856  4.64925
-0.00267362  0.000472069  4.60446
-0.00259226  0.000460692  4.54155
-0.00254033  0.000454707  4.48714
-0.00247819  0.00044596  4.4358
-0.00240193  0.000436668  4.35555
-0.00232467  0.000427947  4.26377
-0.00225412  0.000419576  4.18069
-0.0021781  0.00041207  4.07236
-0.00209001  0.0004038  3.93763
-0.00200646  0.000395692  3.80716
-0.00193029  0.000388362  3.68287
-0.00184101  0.000380987  3.51982
-0.00174786  0.000374137  3.3353
-0.00164743  0.000365355  3.14059
-0.00155882  0.000359024  2.94916
-0.0014738  0.000353835  2.75212
-0.00134295  0.000346317  2.43405
-0.00125903  0.000340615  2.22841
-0.00114352  0.000334995  1.92098
-0.00103349  0.000330117  1.61608
-0.000904759  0.000324621  1.24687
-0.000792107  0.00032016  0.912376
-0.000657539  0.000316152  0.498301
-0.000532736  0.000312835  0.104643
-0.000385502  0.000310154  -0.369165
-0.000240401  0.000308112  -0.842549
-4.43703e-05  0.000306819  -1.48501
