-0.010865  0.0047755  2.17045
-0.0107779  0.00461211  2.22845
-0.0106924  0.00445649  2.28708
-0.0106007  0.00429566  2.35136
-0.010509  0.00414113  2.41696
-0.0104157  0.00399055  2.48479
-0.0103196  0.00384216  2.55575
-0.0102138  0.00369059  2.63204
-0.0101104  0.00354449  2.71138
-0.0100039  0.00340436  2.79169
-0.00988984  0.00326158  2.87893
-0.00977875  0.00312276  2.97133
-0.00966556  0.00298913  3.0663
-0.0095441  0.00285279  3.17027
-0.00941992  0.00271272  3.28819
-0.0092978  0.00259283  3.39312
-0.0091693  0.00245821  3.52667
-0.00904082  0.00233119  3.66372
-0.00890348  0.00221051  3.8016
-0.00876493  0.00209052  3.95352
-0.00862136  0.00197408  4.11401
-0.00847523  0.00186583  4.27437
-0.00832316  0.00175843  4.44894
-0.00816106  0.00165252  4.63599
-0.00800148  0.00155393  4.82744
-0.00783055  0.00145834  5.02662
-0.00764758  0.00137227  5.20858
-0.00746698  0.00128442  5.42422
-0.0072934  0.00121074  5.61094
-0.0070734  0.0011409  5.76157
-0.00685674  0.00107842  5.89447
-0.00664705  0.00102196  6.01498
-0.00642595  0.000963441  6.15081
-0.00618703  0.000912933  6.22941
-0.00596261  0.00086563  6.31056
-0.0057151  0.000822942  6.33714
-0.00558337  0.000804622  6.31771
-0.00546111  0.000787518  6.29969
-0.00532149  0.000769144  6.26865
-0.00517539  0.000754739  6.19471
-0.00500984  0.000739616  6.09754
-0.00485108  0.000723673  6.01249
-0.00464972  0.000709436  5.84932
-0.00448554  0.000697806  5.71154
-0.00424506  0.000683244  5.4813
-0.00403034  0.000674237  5.23605
-0.00375521  0.000663187  4.90844
-0.00352565  0.00065516  4.61818
-0.00321488  0.000649767  4.17824
-0.00281895  0.000645618  3.59183
