-0.010865  0.0047755  2.17045
-0.0107796  0.00461478  2.22753
-0.0106924  0.00445555  2.28757
-0.0106023  0.00429764  2.35066
-0.0105105  0.00414187  2.41691
-0.0104155  0.00398884  2.48582
-0.010318  0.00383762  2.55834
-0.0102167  0.0036887  2.63417
-0.0101109  0.00354277  2.71282
-0.010003  0.00340121  2.79401
-0.00989  0.00326004  2.88033
-0.00978023  0.00312064  2.97382
-0.00966305  0.00298186  3.07293
-0.00954411  0.00284558  3.1783
-0.00942383  0.00271548  3.28628
-0.00930023  0.00258306  3.4069
-0.0091724  0.00245534  3.53206
-0.0090412  0.002329  3.66732
-0.00890517  0.0022067  3.80893
-0.00876645  0.00208597  3.96287
-0.00862343  0.00197088  4.12172
-0.00847398  0.001858  4.2917
-0.00831978  0.00174914  4.47063
-0.00815896  0.00164837  4.64639
-0.00799492  0.00154596  4.84806
-0.00782618  0.001451  5.04906
-0.00764801  0.00136177  5.24905
-0.0074642  0.00127856  5.44691
-0.00726684  0.00119752  5.65072
-0.00706598  0.00113059  5.80757
-0.00684903  0.00106694  5.95071
-0.00662992  0.00101027  6.06763
-0.00640712  0.000956951  6.17285
-0.00617486  0.000905249  6.26884
-0.00595123  0.000862012  6.32385
-0.00570017  0.000818777  6.35115
-0.00557622  0.000800261  6.3432
-0.00545272  0.000783781  6.319
-0.00530833  0.000766682  6.2716
-0.00516514  0.000750354  6.21726
-0.00500229  0.000735388  6.12234
-0.0048301  0.000721144  6.00449
-0.00465162  0.000706581  5.87564
-0.00445171  0.000693334  5.69958
-0.00423909  0.000681375  5.48757
-0.00401689  0.000670685  5.24373
-0.00376704  0.000661495  4.93886
-0.00347048  0.000652173  4.55474
-0.00315319  0.000647183  4.09959
-0.00276558  0.000643159  3.52259
