-0.003971  0.00164852  2.10552
-0.00395418  0.00152581  2.26383
-0.00393375  0.00140537  2.44331
-0.00391112  0.0012953  2.63346
-0.00388488  0.00119379  2.8354
-0.00384647  0.00110446  3.02996
-0.00381028  0.00101639  3.25691
-0.00376981  0.000936951  3.48984
-0.00371898  0.000857735  3.75288
-0.00366639  0.000787783  4.01936
-0.00361229  0.000730734  4.25912
-0.00355234  0.000678941  4.49573
-0.00347481  0.00063711  4.66923
-0.00340195  0.000606192  4.78718
-0.00334095  0.00058482  4.85782
-0.0032345  0.00056021  4.88121
-0.00317426  0.000549409  4.86751
-0.00311315  0.000539504  4.84361
-0.00305366  0.000529476  4.82299
-0.00298299  0.000518751  4.78647
-0.00293075  0.000508921  4.77627
-0.00286709  0.000499715  4.73687
-0.00280897  0.000489691  4.71517
-0.0027339  0.000479483  4.65897
-0.00266071  0.000469945  4.5978
-0.0025983  0.000461426  4.54743
-0.00253066  0.000451697  4.49562
-0.00245591  0.000442469  4.42045
-0.00238348  0.000434125  4.33857
-0.00231052  0.000425503  4.255
-0.00222902  0.000416596  4.15036
-0.00214376  0.000408114  4.02771
-0.00205966  0.000399823  3.90087
-0.00197305  0.000391802  3.75967
-0.00188442  0.000384504  3.60053
-0.00178786  0.000376801  3.41788
-0.00168854  0.000369538  3.21628
-0.00158941  0.000363163  2.99979
-0.00148685  0.000355367  2.777
-0.00138916  0.000349098  2.54703
-0.00127206  0.000342401  2.25484
-0.0011626  0.00033721  1.96496
-0.00105382  0.000331942  1.66843
-0.000935771  0.00032639  1.33513
-0.00080562  0.000321609  0.950284
-0.000662265  0.000316838  0.512138
-0.000518842  0.000313581  0.0600859
-0.000379162  0.000310353  -0.389356
-0.000227535  0.000308058  -0.884458
-3.99529e-05  0.000307198  -1.49756
