-0.003971  0.00164852  2.10552
-0.00395414  0.00152557  2.26416
-0.00393551  0.00140581  2.44379
-0.00391471  0.00129221  2.64254
-0.00388966  0.00118342  2.86428
-0.00385635  0.00108826  3.08415
-0.003817  0.00100462  3.30175
-0.0037728  0.000928615  3.52439
-0.00372927  0.000853158  3.78508
-0.00368513  0.000795773  4.00257
-0.00362072  0.000729324  4.27891
-0.00355108  0.000702411  4.34372
-0.0034956  0.00064281  4.66016
-0.0034226  0.000617493  4.73301
-0.00334097  0.000598214  4.74909
-0.00326512  0.000588988  4.6947
-0.00321245  0.000577479  4.69704
-0.00316067  0.000567125  4.69151
-0.00310534  0.000556116  4.68488
-0.00304882  0.00054576  4.67022
-0.00299168  0.000535407  4.65381
-0.0029309  0.000525102  4.62939
-0.00286953  0.000514893  4.60199
-0.00280059  0.000505676  4.54953
-0.00274005  0.000495283  4.52277
-0.0026709  0.000486583  4.46153
-0.00259221  0.000476947  4.38667
-0.00251544  0.000467671  4.30952
-0.00244015  0.000458694  4.22972
-0.00236157  0.000450063  4.13624
-0.00228072  0.000441514  4.03322
-0.00220412  0.00043268  3.93852
-0.00212266  0.000424323  3.82411
-0.00203512  0.000416102  3.68928
-0.00194446  0.000408206  3.53856
-0.00185201  0.000400563  3.37528
-0.00175082  0.000393253  3.1807
-0.00165427  0.000386436  2.98695
-0.00156054  0.00038069  2.78584
-0.00144558  0.00037384  2.52938
-0.00133352  0.000367562  2.26769
-0.00120368  0.000360924  1.94965
-0.00109483  0.000355984  1.67096
-0.000979081  0.000350636  1.36632
-0.000879126  0.00034656  1.09397
-0.000745808  0.000342236  0.718241
-0.000587672  0.000337701  0.259615
-0.00042983  0.000334739  -0.209626
-0.000281809  0.000333234  -0.654769
-7.88992e-05  0.000332378  -1.26694
