-0.00349143  0.000746568  4.00691
-0.00308528  0.000536428  4.81943
-0.00304848  0.000529773  4.8105
-0.00301021  0.000522716  4.80224
-0.00296747  0.000516204  4.78002
-0.00292997  0.000509516  4.76918
-0.00289018  0.000503369  4.74837
-0.00284809  0.000496657  4.72779
-0.0027995  0.000489768  4.69509
-0.00276106  0.000483726  4.67427
-0.00271406  0.000476908  4.64253
-0.00266758  0.000470676  4.60525
-0.00262996  0.000464541  4.58509
-0.00257658  0.000457777  4.53622
-0.00253344  0.00045208  4.49796
-0.00248374  0.000445564  4.4522
-0.00243788  0.000439892  4.40537
-0.00238881  0.000434334  4.34876
-0.00233017  0.000427072  4.28538
-0.00228168  0.000422345  4.21854
-0.0022298  0.00041582  4.15997
-0.0021749  0.000410105  4.08407
-0.00212616  0.000405388  4.01136
-0.00206731  0.000400185  3.91646
-0.00200908  0.000393978  3.83037
-0.00195194  0.000389222  3.73035
-0.00189153  0.000384565  3.61845
-0.00183348  0.000378936  3.519
-0.00177054  0.000374825  3.38969
-0.00170482  0.000369097  3.26424
-0.00164284  0.000364833  3.1325
-0.00157845  0.000359946  2.99614
-0.00151163  0.000355464  2.84595
-0.00144293  0.000351117  2.68551
-0.00136871  0.000346798  2.50496
-0.00131045  0.000343791  2.35739
-0.00121389  0.000339045  2.10558
-0.00113635  0.000335182  1.89853
-0.00106033  0.000331384  1.69086
-0.000984328  0.000327908  1.47703
-0.000897661  0.000324612  1.22503
-0.000813206  0.00032157  0.973989
-0.00071191  0.000318582  0.665167
-0.000629589  0.00031563  0.410574
-0.000556529  0.000313933  0.180066
-0.000439814  0.000311617  -0.19314
-0.000342902  0.0003098  -0.507095
-0.000246085  0.000308718  -0.822484
-0.000114549  0.000307476  -1.2536
-0.000114549  0.000307476  -1.2536
