-0.003971  0.00164852  2.10552
-0.00395324  0.00152832  2.25951
-0.00393472  0.00141348  2.42997
-0.00390238  0.00129049  2.63651
-0.00387835  0.00120835  2.79585
-0.00383844  0.00110849  3.0117
-0.00380428  0.00102051  3.23788
-0.00374563  0.000949385  3.41867
-0.00371403  0.000866398  3.70964
-0.00364479  0.000808002  3.89206
-0.00360427  0.000737332  4.21014
-0.00353961  0.000677611  4.48578
-0.00347408  0.000638573  4.65738
-0.00339049  0.000606138  4.7687
-0.00331347  0.000580296  4.84834
-0.0032214  0.000558676  4.87116
-0.00315536  0.000547661  4.84855
-0.0031092  0.000538147  4.8485
-0.00303831  0.000527618  4.81088
-0.00296871  0.000518359  4.76254
-0.00292273  0.000507792  4.7711
-0.00286141  0.00049816  4.74026
-0.00279229  0.000489387  4.68401
-0.0027185  0.000479832  4.6235
-0.00265095  0.00047009  4.57561
-0.00258315  0.000459675  4.5318
-0.00251156  0.00045203  4.45006
-0.0024464  0.000442253  4.4011
-0.00235942  0.000434221  4.2822
-0.00229549  0.000425921  4.21556
-0.00221623  0.000416286  4.12271
-0.00212242  0.000408947  3.96732
-0.00206312  0.000400858  3.89943
-0.00196655  0.000392961  3.73204
-0.00187208  0.000384382  3.56958
-0.00178846  0.00037767  3.4116
-0.00169501  0.000370411  3.22616
-0.00158806  0.000362451  3.00195
-0.0015005  0.000355841  2.81164
-0.00140144  0.000350086  2.57491
-0.001295  0.000343364  2.31534
-0.00116884  0.000336977  1.98483
-0.00106632  0.000332216  1.70468
-0.000944277  0.000326936  1.35891
-0.000839225  0.000321976  1.05357
-0.000720707  0.000318494  0.692969
-0.000551349  0.000314267  0.163394
-0.000403739  0.000311254  -0.30927
-0.00025589  0.000308368  -0.791619
-8.17184e-05  0.000307215  -1.36153
