-0.003971  0.00164852  2.10552
-0.00395142  0.001507  2.29026
-0.00393437  0.00139904  2.45481
-0.00391569  0.00129705  2.63343
-0.00388958  0.00118313  2.86493
-0.00385698  0.00108762  3.08652
-0.00382264  0.00101473  3.2744
-0.00377045  0.000925809  3.53253
-0.0037304  0.000855894  3.7743
-0.00367854  0.000790344  4.02172
-0.00362294  0.000728438  4.28717
-0.00355885  0.000694389  4.4051
-0.00351988  0.000655271  4.60859
-0.00343798  0.000622106  4.72264
-0.00337352  0.000607229  4.73218
-0.00326658  0.000589327  4.69447
-0.00321998  0.000578576  4.70116
-0.00316532  0.000567877  4.69349
-0.003108  0.000557552  4.6776
-0.00306173  0.000544881  4.70145
-0.00300515  0.000535794  4.67558
-0.00294676  0.000525255  4.65823
-0.0028396  0.00051808  4.51591
-0.00280182  0.000506782  4.54203
-0.00273481  0.000497484  4.49223
-0.00267154  0.000486215  4.46621
-0.00260098  0.000477311  4.4017
-0.00252188  0.000468949  4.31152
-0.00246086  0.000460765  4.25566
-0.00237587  0.000451498  4.15477
-0.00229149  0.000443061  4.04344
-0.00220942  0.000434905  3.93055
-0.00214183  0.000426151  3.8527
-0.00202371  0.000419643  3.63096
-0.00194869  0.000411071  3.52418
-0.00185559  0.000400876  3.38158
-0.00177518  0.000394976  3.22849
-0.00167854  0.000388126  3.0365
-0.0015674  0.000381983  2.79438
-0.0014636  0.000375352  2.56718
-0.00135898  0.000369053  2.32753
-0.00124264  0.000363473  2.04317
-0.00113282  0.000357909  1.76809
-0.00101159  0.000352603  1.4509
-0.000886175  0.00034799  1.10973
-0.000762378  0.000342779  0.765444
-0.000628921  0.000338795  0.380528
-0.000490213  0.000335648  -0.0291578
-0.00039649  0.00033415  -0.309773
-0.000157893  0.000332436  -1.02909
