-0.003971  0.00164852  2.10552
-0.00395238  0.00151677  2.27614
-0.00392925  0.00139512  2.45803
-0.00390957  0.00129783  2.62713
-0.00388283  0.00120319  2.81156
-0.00384642  0.00109688  3.05085
-0.00380522  0.00102079  3.23791
-0.00375601  0.000941729  3.45748
-0.00370645  0.000853967  3.75477
-0.00365139  0.00078602  4.00929
-0.00359342  0.000745128  4.15153
-0.00352839  0.000685059  4.42063
-0.00346411  0.000640426  4.62833
-0.00338458  0.000607112  4.75131
-0.0033048  0.000580854  4.82875
-0.00321649  0.000559175  4.85803
-0.00315822  0.000548235  4.84868
-0.00309897  0.000538309  4.82802
-0.00304733  0.000528787  4.8173
-0.00297628  0.000519107  4.77026
-0.00291174  0.000509215  4.73618
-0.00285145  0.000497903  4.7227
-0.00279759  0.000488866  4.69985
-0.002726  0.00047916  4.64563
-0.00265769  0.000470222  4.58867
-0.00258569  0.000460271  4.53144
-0.00251188  0.000451743  4.4536
-0.00244213  0.000442327  4.39072
-0.00238219  0.000433815  4.3387
-0.00230186  0.000425622  4.23347
-0.00221534  0.000417143  4.11213
-0.00212752  0.000408994  3.97932
-0.00204466  0.000400112  3.86055
-0.00196201  0.00039197  3.72991
-0.00187368  0.000383644  3.58061
-0.00178454  0.00037733  3.40429
-0.00168721  0.000368821  3.21893
-0.00159568  0.000362763  3.02038
-0.00149287  0.000355643  2.79176
-0.00138673  0.000349098  2.54005
-0.00128948  0.000343524  2.29818
-0.00117338  0.000337424  1.99567
-0.001057  0.000331863  1.6784
-0.000952852  0.000327226  1.38391
-0.0008168  0.000322118  0.983492
-0.000670032  0.000316946  0.536469
-0.000556954  0.000314359  0.181176
-0.000390108  0.000311216  -0.353104
-0.000258036  0.000308703  -0.783807
-5.26423e-05  0.000307939  -1.45275
