-0.003971  0.00164852  2.10552
-0.00395463  0.00152894  2.2595
-0.00393648  0.00141165  2.43437
-0.00391638  0.00130109  2.62578
-0.00389193  0.00119284  2.84357
-0.00385997  0.00109464  3.06948
-0.00382158  0.00101867  3.26071
-0.00377971  0.000940167  3.48843
-0.00372581  0.000870318  3.70647
-0.00367356  0.00080217  3.95621
-0.00361799  0.0007389  4.21978
-0.00355406  0.000699238  4.36769
-0.00348711  0.000657975  4.53985
-0.00341824  0.000620985  4.69937
-0.00334046  0.000595749  4.76788
-0.0032606  0.000574398  4.80607
-0.00319431  0.000558984  4.82
-0.00314397  0.000549661  4.81019
-0.0030839  0.000537794  4.80463
-0.00302887  0.000528103  4.78859
-0.00295903  0.000517418  4.7525
-0.00289629  0.000507532  4.72145
-0.0028312  0.000496549  4.69481
-0.00276884  0.000487374  4.65524
-0.00269778  0.000477406  4.60359
-0.00263968  0.000467951  4.57246
-0.00255738  0.000458729  4.48496
-0.00248664  0.000448934  4.42524
-0.00240641  0.000439989  4.33285
-0.00233302  0.000430703  4.25588
-0.00225559  0.000422059  4.15958
-0.00216911  0.000414212  4.02961
-0.00207928  0.000404627  3.90305
-0.00199624  0.000397019  3.76867
-0.00189906  0.000387983  3.60599
-0.001808  0.000380878  3.43417
-0.00169449  0.000370817  3.22123
-0.00159755  0.000365121  3.006
-0.00151393  0.000359353  2.82153
-0.00140217  0.000351564  2.56616
-0.00129154  0.000346941  2.28147
-0.00117047  0.000338255  1.98214
-0.00106745  0.000333512  1.70143
-0.000910468  0.00032828  1.25036
-0.000787004  0.000322149  0.890904
-0.000704843  0.000319855  0.640424
-0.000520299  0.000315043  0.0644324
-0.000348343  0.000312525  -0.485263
-0.000259262  0.000309873  -0.776891
-7.47231e-06  0.000308873  -1.5946
