-0.003971  0.00164852  2.10552
-0.00395437  0.00152711  2.26203
-0.00393324  0.00139238  2.46573
-0.00390957  0.00126738  2.69026
-0.00387789  0.00116631  2.89622
-0.00383753  0.00105666  3.15857
-0.00379386  0.00095942  3.43318
-0.00373308  0.000898689  3.59755
-0.00368033  0.000834396  3.81154
-0.00362798  0.000756486  4.13488
-0.0035765  0.000703133  4.37542
-0.00352002  0.000649016  4.65323
-0.00341893  0.000623642  4.68047
-0.00335342  0.00059697  4.77984
-0.00328324  0.000573221  4.85544
-0.00318703  0.000567946  4.73114
-0.00313705  0.00055554  4.74682
-0.00308564  0.000546052  4.73515
-0.00305419  0.000532339  4.79805
-0.00296173  0.00052551  4.68445
-0.002893  0.000512126  4.67267
-0.0028098  0.00050232  4.59826
-0.00274556  0.00049411  4.54465
-0.00271189  0.000485592  4.55504
-0.00263672  0.000479494  4.4562
-0.00254643  0.000469291  4.36068
-0.00249038  0.00045609  4.36402
-0.00243845  0.000453587  4.27361
-0.00237282  0.000438837  4.2677
-0.00234406  0.000435666  4.23273
-0.00220247  0.000425559  4.00054
-0.00215085  0.000414861  3.97929
-0.00207867  0.000410026  3.85016
-0.00196755  0.000401945  3.65113
-0.00190105  0.000392509  3.56947
-0.00180114  0.000386122  3.36977
-0.00173616  0.000377919  3.27097
-0.00165953  0.000376515  3.07963
-0.00154281  0.000366405  2.84605
-0.00144188  0.000356568  2.64152
-0.0013855  0.000353572  2.50443
-0.00124888  0.000346625  2.1605
-0.00114322  0.000341105  1.8857
-0.000969494  0.000337435  1.39136
-0.000866527  0.000328433  1.11599
-0.00077131  0.000327194  0.829202
-0.000684772  0.000323742  0.570739
-0.000534224  0.000320037  0.106937
-0.000284387  0.000318722  -0.676493
-9.96976e-05  0.00031779  -1.25965
