-0.00394096  0.00161679  2.12826
-0.00392202  0.00149919  2.28257
-0.00389208  0.00137716  2.46309
-0.00387216  0.00127987  2.63476
-0.00384741  0.00118299  2.82963
-0.00380678  0.00108166  3.05713
-0.00376856  0.00100515  3.25182
-0.00372515  0.000932381  3.45904
-0.00366799  0.000861155  3.67877
-0.0036208  0.000804676  3.87832
-0.00356423  0.000739215  4.14525
-0.00352481  0.000700856  4.31588
-0.00344478  0.000644366  4.57005
-0.00337438  0.000607427  4.73206
-0.00329893  0.000580675  4.82013
-0.00322757  0.000563399  4.84128
-0.00317184  0.000549926  4.85854
-0.00312637  0.000542868  4.83795
-0.00306334  0.000531138  4.82612
-0.00300394  0.000521198  4.80422
-0.00293617  0.000510968  4.76777
-0.00287762  0.000502907  4.72775
-0.00281591  0.000492845  4.69906
-0.00274178  0.000482678  4.64446
-0.00267996  0.000472674  4.61198
-0.00261898  0.000463102  4.57561
-0.0025498  0.000453284  4.52211
-0.00248071  0.00044494  4.45163
-0.00240067  0.000435522  4.36412
-0.00232998  0.000427434  4.28131
-0.00223913  0.000418717  4.15348
-0.00216125  0.000410121  4.05064
-0.00207488  0.000401764  3.91991
-0.00199523  0.000393737  3.79753
-0.00189885  0.000384812  3.63515
-0.00181647  0.000379021  3.47335
-0.00171561  0.000370905  3.27743
-0.00161123  0.000363579  3.05636
-0.00151665  0.000356544  2.85142
-0.00142471  0.000351046  2.63416
-0.00129976  0.000343877  2.32573
-0.00120118  0.000338525  2.07128
-0.00107757  0.000333148  1.73367
-0.00097438  0.000327962  1.44645
-0.000759958  0.000322274  0.806636
-0.00070575  0.000317891  0.647233
-0.000563071  0.000314603  0.200478
-0.000418854  0.000311549  -0.26046
-0.000291538  0.000309381  -0.673803
2.27312e-06  0.000308101  -1.63022
