-0.010865  0.0047755  2.17045
-0.0107363  0.00456789  2.24093
-0.010601  0.0043562  2.31876
-0.0104497  0.00412771  2.41046
-0.0103266  0.00391707  2.50865
-0.0101839  0.00374711  2.58437
-0.0100581  0.00352972  2.7079
-0.00990407  0.00332783  2.82588
-0.00972438  0.00315144  2.92704
-0.00961565  0.00293984  3.10073
-0.00945862  0.00275727  3.24909
-0.00928974  0.00257121  3.41852
-0.00912564  0.00240831  3.58162
-0.0089351  0.00225616  3.7387
-0.00875841  0.00208628  3.95843
-0.00855097  0.00192567  4.18087
-0.00834047  0.00180069  4.35415
-0.0081186  0.00165618  4.6001
-0.00787053  0.00153259  4.80921
-0.00763545  0.00144166  4.94947
-0.00733115  0.00135847  5.02858
-0.00718805  0.0012958  5.16134
-0.00665831  0.00119868  5.13757
-0.00640806  0.00115539  5.11349
-0.00613207  0.00104881  5.36998
-0.00593851  0.00103749  5.242
-0.00586484  0.00102206  5.24904
-0.00570275  0.000997867  5.21387
-0.00553632  0.000986382  5.10585
-0.00548599  0.000973411  5.12219
-0.00539244  0.000961102  5.09045
-0.00519143  0.000941163  4.98472
-0.00506762  0.000930098  4.9109
-0.00490741  0.000913236  4.82615
-0.00480957  0.000888931  4.84803
-0.00473471  0.000872301  4.85464
-0.00468591  0.000862083  4.85557
-0.00454032  0.000835485  4.83589
-0.00445373  0.000821625  4.81208
-0.00435175  0.000805313  4.78293
-0.00422981  0.000788257  4.73172
-0.00407947  0.000772223  4.63528
-0.00399203  0.000762135  4.5819
-0.00380978  0.000746567  4.43333
-0.00376337  0.000742604  4.3945
-0.00351681  0.000731016  4.12688
-0.00331448  0.000727419  3.86913
-0.00302968  0.000715969  3.53322
-0.00285696  0.00070994  3.31995
-0.00253726  0.000707409  2.8799
