-0.003971  0.00164852  2.10552
-0.00395131  0.00152686  2.2604
-0.00392694  0.00141085  2.42899
-0.00390161  0.00131199  2.59271
-0.00388114  0.00120454  2.80699
-0.00385024  0.00110127  3.04216
-0.00381267  0.00102056  3.24592
-0.00376503  0.0009445  3.45689
-0.0037197  0.000860328  3.74241
-0.00366439  0.000796523  3.97276
-0.00361081  0.000734251  4.23671
-0.00355788  0.000692748  4.41414
-0.00347975  0.000642127  4.64044
-0.00341813  0.000614339  4.75003
-0.00332372  0.000581964  4.85206
-0.00323917  0.000562449  4.87008
-0.00318562  0.000552339  4.86227
-0.00312117  0.000540761  4.84719
-0.00305396  0.000531579  4.80448
-0.00299974  0.0005219  4.78969
-0.00293301  0.000512787  4.74467
-0.00286579  0.000503503  4.69866
-0.00280399  0.000493166  4.67184
-0.00273853  0.000483216  4.63257
-0.00267435  0.000474358  4.58376
-0.00260415  0.000465223  4.52287
-0.0025311  0.000456473  4.44954
-0.00246673  0.000446858  4.40125
-0.0023829  0.000437613  4.30266
-0.00231701  0.000430083  4.22479
-0.00223305  0.000420923  4.11726
-0.00214418  0.000412501  3.98587
-0.00206034  0.000404021  3.86202
-0.00199208  0.000396883  3.75949
-0.00188741  0.000387949  3.57627
-0.00181539  0.000381829  3.44498
-0.00170797  0.000374328  3.22704
-0.00161351  0.000366925  3.03472
-0.00150942  0.000359893  2.80479
-0.00140645  0.000353498  2.56423
-0.00129298  0.000347312  2.28318
-0.00118118  0.000341797  1.99293
-0.00107782  0.000335901  1.72021
-0.000958672  0.000330428  1.38811
-0.000832888  0.000325366  1.02312
-0.000695714  0.000321019  0.609666
-0.000564448  0.000318311  0.202469
-0.000457536  0.000314976  -0.134817
-0.00030028  0.000312096  -0.639933
-7.56391e-05  0.000311713  -1.36138
