-0.010865  0.0047755  2.17045
-0.0107798  0.0046146  2.22768
-0.010692  0.00445613  2.28719
-0.010601  0.00429923  2.3495
-0.0105079  0.00414305  2.41558
-0.0104101  0.0039843  2.48727
-0.0103194  0.00384315  2.55505
-0.0102091  0.00368434  2.63523
-0.0101071  0.00354566  2.70954
-0.00999785  0.00339755  2.7955
-0.00988658  0.00326367  2.87608
-0.00976449  0.00312295  2.96659
-0.0096398  0.00296185  3.08584
-0.00952598  0.00283481  3.18398
-0.00941432  0.0027087  3.291
-0.00929073  0.00258522  3.40038
-0.00914426  0.00244212  3.53965
-0.0090108  0.00230512  3.69213
-0.00889629  0.00220208  3.81289
-0.00875177  0.00208491  3.95786
-0.00860453  0.00196498  4.12448
-0.00844974  0.00184871  4.30015
-0.00830324  0.00174605  4.46909
-0.00813163  0.00163518  4.66714
-0.00799548  0.00155354  4.82478
-0.00781981  0.00145095  5.04486
-0.00762155  0.00136009  5.23607
-0.00746329  0.00128866  5.40351
-0.00722101  0.0012066  5.57022
-0.00705376  0.00113353  5.78171
-0.00681166  0.00106139  5.94662
-0.00661963  0.00101088  6.05376
-0.00636385  0.00095147  6.16294
-0.00612808  0.000899766  6.25505
-0.00589239  0.000855995  6.29956
-0.00565167  0.000813856  6.32995
-0.00553376  0.000797215  6.31418
-0.00540577  0.000779738  6.29157
-0.00526724  0.000765686  6.22611
-0.00515988  0.000751815  6.19818
-0.00498187  0.000735063  6.09726
-0.00476789  0.000718252  5.94204
-0.00460737  0.000710284  5.78272
-0.0044477  0.000698288  5.6534
-0.00423499  0.000682674  5.47111
-0.00404117  0.000672729  5.26389
-0.00378844  0.000664306  4.95019
-0.00357509  0.000655504  4.69118
-0.00328875  0.000649121  4.29619
-0.00290888  0.000645826  3.72993
