-0.003391  0.000648761  4.45619
-0.00314147  0.000549184  4.8098
-0.00310611  0.000541013  4.81709
-0.00306475  0.000534059  4.80237
-0.00302853  0.000527058  4.79744
-0.00298413  0.000518838  4.78788
-0.0029404  0.000510994  4.77579
-0.00290023  0.00050435  4.75907
-0.00285403  0.000498121  4.72582
-0.00281774  0.000492392  4.7071
-0.00276841  0.000485006  4.67708
-0.00272198  0.000478078  4.64773
-0.00267998  0.000471975  4.61885
-0.00262177  0.000464804  4.56487
-0.00257156  0.000458096  4.5221
-0.00252714  0.00045238  4.48106
-0.00247182  0.000444721  4.43384
-0.00242323  0.000439063  4.38031
-0.00236623  0.000431176  4.32822
-0.00232325  0.000426463  4.27528
-0.00227607  0.000421026  4.21843
-0.00222224  0.000415252  4.14746
-0.00215373  0.0004091  4.04236
-0.00209164  0.000403647  3.94315
-0.00203366  0.000397532  3.85795
-0.00197009  0.000390774  3.762
-0.00191239  0.000385588  3.66294
-0.00185954  0.000381715  3.56165
-0.00180461  0.000376973  3.46074
-0.00173063  0.000371628  3.31145
-0.00164553  0.000365173  3.13694
-0.00159179  0.000362178  3.01451
-0.0015263  0.000356752  2.87679
-0.00143867  0.000352823  2.66045
-0.00137231  0.000347867  2.50759
-0.00129605  0.000343645  2.3165
-0.0012318  0.000339956  2.15263
-0.00115851  0.000335838  1.96079
-0.00105691  0.000331048  1.68227
-0.000996245  0.000327806  1.51384
-0.00089991  0.000324387  1.23282
-0.000807865  0.000320994  0.959099
-0.000730623  0.000318197  0.724781
-0.000639614  0.00031547  0.442559
-0.000519962  0.000313015  0.0637722
-0.000418397  0.000310811  -0.262549
-0.000320342  0.000309066  -0.581296
-0.000196429  0.00030713  -0.988413
-7.40557e-05  0.000306602  -1.38924
-7.40557e-05  0.000306602  -1.38924
