-0.010865  0.0047755  2.17045
-0.0107795  0.00461559  2.22712
-0.0106911  0.00445459  2.28778
-0.0106027  0.00429935  2.34981
-0.0105106  0.00414306  2.41624
-0.0104137  0.00398745  2.48622
-0.0103164  0.00384141  2.55543
-0.0102182  0.00369327  2.63134
-0.0101114  0.00354765  2.70924
-0.0100022  0.00340258  2.79264
-0.00989016  0.00326461  2.87635
-0.00977997  0.00312113  2.97328
-0.00966406  0.00298701  3.06797
-0.00954437  0.00285024  3.17319
-0.00942733  0.00271891  3.28342
-0.00930644  0.00259003  3.40013
-0.00917609  0.00245835  3.52924
-0.0090471  0.00233523  3.66007
-0.00890752  0.00220791  3.8079
-0.00877296  0.00209308  3.95252
-0.00862484  0.00197375  4.11645
-0.00847867  0.00186064  4.28813
-0.00832613  0.00175623  4.45621
-0.00816875  0.00164928  4.64975
-0.00800683  0.00155088  4.84036
-0.00783432  0.0014557  5.03836
-0.00765811  0.00136375  5.24883
-0.00747624  0.00127984  5.45087
-0.00728195  0.00120293  5.63785
-0.00707388  0.00113343  5.79999
-0.0068628  0.00107025  5.94517
-0.00664627  0.00101324  6.06598
-0.00642471  0.000960765  6.16666
-0.00619479  0.000909865  6.25894
-0.00596133  0.000864059  6.32055
-0.00571841  0.000821478  6.35247
-0.0055931  0.000803283  6.34036
-0.00546417  0.000786159  6.31446
-0.00533615  0.000769187  6.28736
-0.00518648  0.000752258  6.22988
-0.00504227  0.000737555  6.15856
-0.00486196  0.000723039  6.03281
-0.00467413  0.00070893  5.88793
-0.00444376  0.000695311  5.67193
-0.00426473  0.000682662  5.51478
-0.00404046  0.000671265  5.27431
-0.00376745  0.000661208  4.94164
-0.00348307  0.000654359  4.55876
-0.00318891  0.000646962  4.15621
-0.00281526  0.000644015  3.59503
