-0.010865  0.0047755  2.17045
-0.0107781  0.00461621  2.22652
-0.0106914  0.00445604  2.2871
-0.0106014  0.0042991  2.34965
-0.0105107  0.00414561  2.41477
-0.0104144  0.00399068  2.48438
-0.0103171  0.00383941  2.55692
-0.0102141  0.00368893  2.6333
-0.0101114  0.00354656  2.71006
-0.0100023  0.00340464  2.79098
-0.00989384  0.00326295  2.87894
-0.00977769  0.00312136  2.97232
-0.00966523  0.00298688  3.06849
-0.00954994  0.00285352  3.1715
-0.00942642  0.00271937  3.28254
-0.00930174  0.00258682  3.40253
-0.00917591  0.00246125  3.52501
-0.00904269  0.00233401  3.6601
-0.00891096  0.00221225  3.80199
-0.00876848  0.0020926  3.95129
-0.00862908  0.00197477  4.11646
-0.00847827  0.00186065  4.28788
-0.00832664  0.00175602  4.45703
-0.00816841  0.00164976  4.64818
-0.00800494  0.00155094  4.83895
-0.00783472  0.00145731  5.03307
-0.00765595  0.00136703  5.23466
-0.00749602  0.00129016  5.42259
-0.00728131  0.00120499  5.62771
-0.00707715  0.00113347  5.80265
-0.00686076  0.00107319  5.92694
-0.00664718  0.0010152  6.05516
-0.00642504  0.000960829  6.16659
-0.00621266  0.000912837  6.25813
-0.00596067  0.000863616  6.32302
-0.00571734  0.00082192  6.34775
-0.00559143  0.000803631  6.33553
-0.00546543  0.000786146  6.31617
-0.00532318  0.000769526  6.26773
-0.00518688  0.000753613  6.21921
-0.00503087  0.000737999  6.1394
-0.00485052  0.000722326  6.02294
-0.004666  0.000708135  5.88306
-0.00447298  0.000694482  5.72078
-0.00425925  0.000681376  5.51714
-0.00402454  0.000671021  5.2525
-0.00378785  0.000661419  4.9709
-0.00357493  0.000655242  4.69282
-0.00318238  0.000646744  4.14751
-0.00280349  0.000643892  3.57745
