-0.003971  0.00164852  2.10552
-0.00395183  0.00152738  2.25997
-0.00393251  0.00141479  2.42617
-0.0039097  0.00129297  2.63712
-0.00388606  0.00119484  2.83391
-0.0038531  0.00109867  3.05197
-0.00380875  0.00101378  3.26378
-0.00376632  0.000940315  3.47365
-0.00371339  0.000866282  3.70941
-0.00366556  0.000799122  3.96129
-0.00360581  0.000733511  4.23417
-0.00354299  0.000681082  4.46788
-0.00347541  0.000640903  4.64253
-0.00340223  0.00060566  4.79184
-0.00332416  0.000583546  4.83965
-0.00323348  0.000560945  4.87298
-0.00317313  0.000550394  4.85676
-0.00311848  0.000541003  4.84004
-0.00305547  0.000529941  4.82218
-0.00299686  0.0005198  4.8035
-0.00292766  0.000509436  4.76538
-0.00286576  0.000499865  4.73279
-0.00280806  0.000490341  4.70705
-0.00273325  0.000481668  4.63649
-0.00267169  0.00047237  4.59743
-0.002593  0.000461918  4.5311
-0.00253315  0.000453346  4.48475
-0.00245897  0.000444752  4.40464
-0.00237981  0.000435464  4.31679
-0.00230069  0.000426799  4.21907
-0.00222772  0.000418036  4.13295
-0.00213701  0.000410531  3.98755
-0.00205725  0.000401475  3.87882
-0.00198299  0.00039384  3.76547
-0.00189027  0.000385806  3.60356
-0.0018038  0.000378189  3.44748
-0.00170017  0.000370023  3.24351
-0.00161083  0.000363411  3.05667
-0.00150908  0.000356362  2.83163
-0.00140329  0.000350188  2.57944
-0.0012956  0.000343788  2.31422
-0.00118645  0.000337506  2.03391
-0.00108017  0.000332094  1.74699
-0.000955813  0.000327039  1.39376
-0.000832316  0.000321554  1.03347
-0.000700933  0.000317753  0.632356
-0.000562797  0.000313728  0.200164
-0.000409118  0.000310771  -0.292441
-0.000258227  0.000308393  -0.783976
-8.56224e-05  0.000306838  -1.35047
