-0.0033342  0.000597704  4.74181
-0.00318075  0.000556555  4.81668
-0.00314274  0.000548429  4.81875
-0.00309885  0.00054193  4.79555
-0.00306148  0.000534495  4.79233
-0.00301971  0.000526532  4.78547
-0.00298079  0.000520215  4.76877
-0.00293368  0.000512729  4.74652
-0.00288232  0.00050435  4.72356
-0.00284019  0.000500038  4.68003
-0.0027944  0.000491565  4.66754
-0.0027523  0.000484454  4.64915
-0.00270947  0.000478428  4.61819
-0.00265868  0.000472589  4.56777
-0.00261589  0.000465198  4.54837
-0.00255585  0.00045894  4.47956
-0.00251186  0.000452113  4.4499
-0.00246196  0.0004463  4.39606
-0.00241289  0.000439284  4.35456
-0.00235146  0.000434011  4.26593
-0.00229867  0.000428186  4.20067
-0.00223386  0.000421938  4.10929
-0.00218227  0.000415823  4.04565
-0.00212434  0.000409367  3.96793
-0.0020687  0.000403871  3.88415
-0.00201807  0.000399118  3.80355
-0.00194861  0.000393261  3.68358
-0.00187489  0.00038662  3.55618
-0.00182865  0.000382597  3.47273
-0.00175825  0.00037748  3.3333
-0.00170193  0.000373214  3.22049
-0.00162189  0.000367945  3.04907
-0.00153101  0.000360974  2.85619
-0.001474  0.000357996  2.72069
-0.00141035  0.000353188  2.57752
-0.0013371  0.000349166  2.39743
-0.00125357  0.000344694  2.18621
-0.00119203  0.000340744  2.03094
-0.0010844  0.000337038  1.73394
-0.00101188  0.000333705  1.53394
-0.000934126  0.000328455  1.32172
-0.000846922  0.000326049  1.06402
-0.000716083  0.00032159  0.671921
-0.000641314  0.000320058  0.441527
-0.000534246  0.000317025  0.108024
-0.000501465  0.000314978  0.00465189
-0.000360034  0.000313329  -0.446704
-0.000210906  0.000310863  -0.929971
-9.06872e-05  0.000310854  -1.31674
-9.06872e-05  0.000310854  -1.31674
