-0.003971  0.00164852  2.10552
-0.00395135  0.0015065  2.29096
-0.00393169  0.00138339  2.48063
-0.00391412  0.00128929  2.64805
-0.00389019  0.00118539  2.85997
-0.00385762  0.00108902  3.08317
-0.00381733  0.00100417  3.30355
-0.00377624  0.00092773  3.53145
-0.00372557  0.00085137  3.78869
-0.00367543  0.000797444  3.98201
-0.00362283  0.000733346  4.25833
-0.00355864  0.000681965  4.48504
-0.0035083  0.000651225  4.61944
-0.0035083  0.000651225  4.61944
-0.00333766  0.000635453  4.46556
-0.00326366  0.000589466  4.68842
-0.0032196  0.000578939  4.69755
-0.00316659  0.000568196  4.69308
-0.00311236  0.000557496  4.68589
-0.00305331  0.000546592  4.67133
-0.00299704  0.000537025  4.64976
-0.00293416  0.000526812  4.62055
-0.00287765  0.000516136  4.60664
-0.00281452  0.000506461  4.56998
-0.00274634  0.000496537  4.52402
-0.00268079  0.000487433  4.47403
-0.00260661  0.000478459  4.4029
-0.00253395  0.000469205  4.33489
-0.00245352  0.000460842  4.23902
-0.00237144  0.000451049  4.14909
-0.0022989  0.000443258  4.05835
-0.00221758  0.0004341  3.95664
-0.00214003  0.000426269  3.84741
-0.00205901  0.000418395  3.72616
-0.00196671  0.000410067  3.57677
-0.00187436  0.000402832  3.41174
-0.00177877  0.000394905  3.23818
-0.00167854  0.000389065  3.02915
-0.00157949  0.000381812  2.82729
-0.00147718  0.000376  2.59889
-0.00138143  0.000369954  2.38254
-0.00125665  0.000363618  2.08089
-0.00113902  0.000358305  1.78345
-0.00101912  0.000352677  1.47194
-0.000900357  0.000347874  1.15087
-0.000799096  0.000343773  0.870038
-0.000643287  0.00033906  0.422601
-0.000501175  0.000335964  0.00349613
-0.000349936  0.000333571  -0.44987
-0.000180982  0.000332429  -0.959658
