-0.003971  0.00164852  2.10552
-0.00395477  0.00152993  2.25813
-0.00393654  0.00141223  2.43341
-0.00391618  0.00129967  2.6285
-0.00389202  0.00119318  2.84283
-0.00386068  0.00109682  3.06401
-0.00382188  0.0010147  3.27377
-0.00377624  0.000934354  3.50642
-0.00373059  0.000864849  3.73544
-0.00367902  0.000797916  3.98416
-0.00362362  0.000741331  4.21353
-0.00356249  0.000688735  4.44654
-0.00349666  0.000646319  4.63649
-0.00342749  0.000611369  4.78841
-0.00335354  0.000585853  4.87075
-0.003269  0.000566211  4.8904
-0.00321189  0.00055504  4.88594
-0.00315478  0.000544965  4.87146
-0.00309418  0.000534326  4.85506
-0.00303457  0.000523965  4.83729
-0.00297345  0.000513662  4.81534
-0.00290733  0.000503628  4.77998
-0.00284515  0.000494241  4.74495
-0.00277553  0.00048447  4.69693
-0.00271032  0.000474687  4.65638
-0.00264376  0.000465153  4.60873
-0.0025697  0.000455792  4.54088
-0.00249264  0.000446245  4.46535
-0.00242237  0.000437709  4.39188
-0.00234055  0.000427561  4.30477
-0.00226035  0.000419474  4.19657
-0.00217907  0.000411216  4.08317
-0.00209205  0.000403142  3.94911
-0.00200674  0.000394794  3.81651
-0.00193164  0.000387953  3.69024
-0.00183707  0.000379111  3.52686
-0.00173491  0.000371512  3.324
-0.00163543  0.000364251  3.11717
-0.00152813  0.000357974  2.87209
-0.00143141  0.000351205  2.65204
-0.00130888  0.000345216  2.34311
-0.00120429  0.000339192  2.07637
-0.00108473  0.000333029  1.75581
-0.000960549  0.000327252  1.40732
-0.000840211  0.00032232  1.0555
-0.000706521  0.000318023  0.649391
-0.000555946  0.0003146  0.177833
-0.00042831  0.000312318  -0.22954
-0.000261181  0.000309296  -0.772139
-7.85956e-05  0.000308041  -1.36801
