-0.003971  0.00164852  2.10552
-0.00395372  0.00152308  2.26759
-0.00393497  0.00140572  2.44357
-0.00391082  0.00128754  2.64909
-0.00388413  0.00119263  2.83753
-0.00385155  0.00108982  3.07533
-0.00381097  0.00100779  3.28537
-0.00376529  0.000923424  3.53607
-0.00371949  0.000853896  3.77036
-0.00365927  0.000783335  4.0331
-0.00359771  0.000731471  4.2349
-0.00353743  0.000681089  4.45967
-0.00348635  0.000642243  4.64988
-0.00337965  0.000606071  4.75133
-0.0033006  0.000580501  4.82446
-0.00320801  0.000555936  4.87109
-0.00314995  0.000545262  4.85996
-0.00309438  0.000536261  4.83791
-0.00303237  0.000526672  4.80825
-0.00296525  0.000515946  4.77813
-0.00291483  0.000505781  4.77447
-0.00284669  0.000495793  4.73321
-0.00279525  0.00048752  4.70802
-0.00271198  0.000477652  4.63093
-0.00265346  0.000468042  4.60101
-0.00259785  0.00045968  4.56373
-0.00250902  0.00044999  4.4646
-0.00244249  0.000441776  4.397
-0.00236903  0.000433203  4.31445
-0.00229233  0.000425578  4.21151
-0.00224208  0.000418497  4.16269
-0.00212673  0.000407086  3.99603
-0.002036  0.000401775  3.82303
-0.00195251  0.000391644  3.70875
-0.00187796  0.000384352  3.58517
-0.00180301  0.000378129  3.44593
-0.00168953  0.000370596  3.20977
-0.00162529  0.000365316  3.08033
-0.00147302  0.000355596  2.73631
-0.00137722  0.000350354  2.50381
-0.0013006  0.000344325  2.32513
-0.00120888  0.000339081  2.09059
-0.00109109  0.000334475  1.76723
-0.000939872  0.000327807  1.34186
-0.000813314  0.000324424  0.965754
-0.000714341  0.000319641  0.670569
-0.00055985  0.000315305  0.189816
-0.00042306  0.000312298  -0.246366
-0.000275003  0.000310318  -0.725051
-8.19112e-05  0.000308886  -1.35354
