-0.003307  0.000813733  3.44954
-0.00330593  0.000810228  3.46313
-0.00330424  0.000804795  3.48441
-0.0033031  0.000801196  3.49865
-0.00330283  0.000800358  3.50198
-0.00330047  0.000793061  3.53122
-0.00329864  0.000787523  3.55373
-0.00329864  0.000787523  3.55373
-0.00329528  0.000777692  3.59433
-0.00329472  0.000776073  3.6011
-0.00329358  0.000772848  3.61465
-0.00329203  0.00076856  3.63281
-0.00329143  0.000766894  3.63991
-0.0032894  0.000761441  3.66332
-0.00328872  0.000593434  4.69928
-0.00328872  0.000593434  4.69928
-0.00328872  0.000593434  4.69928
-0.00328872  0.000593434  4.69928
-0.00328872  0.000593434  4.69928
-0.00328872  0.000593434  4.69928
-0.00328872  0.000593434  4.69928
-0.00328872  0.000593434  4.69928
-0.00328872  0.000593434  4.69928
-0.0032879  0.000592632  4.70427
-0.00328604  0.000591137  4.71303
-0.00320637  0.00057583  4.69994
-0.00313278  0.000561375  4.68987
-0.00305636  0.000547064  4.67287
-0.00297968  0.000533328  4.64944
-0.00288956  0.000519103  4.60324
-0.00280637  0.000505931  4.55866
-0.00272639  0.000493519  4.51126
-0.00258205  0.000475426  4.37933
-0.00251642  0.00046725  4.31551
-0.00240464  0.000454569  4.19
-0.00229735  0.000444059  4.04754
-0.00220291  0.000432626  3.93622
-0.00207755  0.000420371  3.75277
-0.00193819  0.000411715  3.49316
-0.00178707  0.000396623  3.24506
-0.00169302  0.000389188  3.06542
-0.00154956  0.000381905  2.74823
-0.00142954  0.000373166  2.49095
-0.00125791  0.000363836  2.0831
-0.00111913  0.000357225  1.73316
-0.000968624  0.000351399  1.3336
-0.000748314  0.000342526  0.724949
-0.000616649  0.000338745  0.344357
-0.000356417  0.000333646  -0.430345
-0.000117442  0.000332386  -1.15095
