-0.003971  0.00164852  2.10552
-0.00395375  0.00152318  2.26746
-0.00393582  0.00141273  2.43205
-0.00391317  0.00128793  2.65012
-0.00388628  0.00119679  2.82947
-0.00385257  0.00110293  3.0397
-0.00381394  0.00101533  3.26392
-0.00377167  0.000937821  3.48859
-0.00372557  0.000860056  3.75042
-0.00367749  0.000789613  4.02411
-0.00362038  0.000728121  4.28552
-0.00355643  0.000683886  4.46921
-0.00348722  0.00063686  4.69054
-0.00341426  0.000604505  4.8209
-0.00333184  0.000581355  4.87111
-0.00324766  0.000562769  4.8824
-0.00319263  0.000552024  4.87775
-0.00313331  0.000541354  4.86429
-0.00307185  0.000531058  4.84288
-0.00300543  0.000520852  4.81025
-0.00295091  0.000511103  4.79533
-0.0028811  0.000501248  4.75034
-0.0028189  0.00049205  4.71274
-0.00275056  0.000480906  4.67984
-0.00268439  0.000471174  4.63606
-0.00261083  0.000461434  4.5745
-0.00255088  0.00045311  4.52623
-0.00247375  0.000444337  4.44202
-0.00238591  0.000434288  4.34254
-0.00232706  0.000427241  4.27641
-0.00225006  0.000418196  4.18479
-0.00215047  0.000409407  4.03136
-0.00207945  0.000400657  3.94215
-0.00198432  0.000391867  3.78783
-0.00189572  0.000384645  3.62859
-0.00180189  0.000376856  3.45461
-0.00170536  0.00036946  3.26249
-0.0016337  0.000364711  3.1085
-0.0015322  0.000356973  2.89152
-0.0013895  0.000348481  2.5525
-0.00129541  0.0003433  2.31694
-0.00118805  0.000337559  2.0383
-0.00105693  0.000332035  1.67732
-0.000914391  0.000327067  1.26699
-0.000799777  0.000322198  0.930413
-0.000673718  0.000318104  0.546103
-0.00055447  0.000313875  0.173542
-0.000402653  0.000312135  -0.311875
-0.000276295  0.000310203  -0.721158
-5.83123e-05  0.000307808  -1.43495
