-0.00397038  0.00164829  2.10545
-0.00394941  0.00152515  2.26168
-0.00392975  0.00141252  2.4281
-0.00390773  0.00130392  2.61344
-0.00387442  0.00119379  2.82665
-0.00384436  0.00110687  3.02146
-0.0038008  0.00101676  3.2464
-0.00375707  0.000938949  3.46884
-0.00370744  0.000853404  3.75841
-0.00365692  0.000790319  3.99448
-0.00360176  0.000732749  4.23304
-0.00353643  0.000688235  4.41191
-0.00344003  0.000660509  4.45117
-0.00338958  0.000612963  4.71411
-0.00330266  0.000582104  4.81471
-0.0031978  0.000559296  4.82355
-0.00312334  0.000548368  4.78391
-0.00306097  0.000537503  4.76457
-0.00301188  0.000526742  4.76872
-0.00296335  0.000519101  4.74542
-0.00290422  0.000510072  4.71349
-0.00282675  0.000498219  4.67015
-0.00277876  0.000490288  4.64779
-0.0026914  0.000479047  4.57449
-0.00262224  0.000468514  4.52973
-0.00256583  0.000461711  4.4743
-0.0024953  0.000452336  4.41109
-0.00242425  0.000442945  4.34423
-0.00234758  0.000434189  4.25526
-0.00228826  0.000425946  4.19832
-0.00219877  0.000417738  4.06659
-0.0021098  0.000408152  3.94413
-0.0020474  0.000401  3.85885
-0.00193203  0.000392152  3.65171
-0.00186456  0.00038621  3.53321
-0.00178723  0.000378829  3.39791
-0.00170935  0.000372666  3.24514
-0.0015776  0.000363767  2.96233
-0.00148008  0.000356035  2.75277
-0.00138228  0.000349878  2.52167
-0.00127713  0.000344785  2.25394
-0.00117496  0.000338995  1.99107
-0.00106488  0.000333083  1.69591
-0.000940003  0.000327268  1.34447
-0.000815215  0.000323375  0.974766
-0.000702397  0.000318438  0.635592
-0.00055922  0.000314967  0.18802
-0.000398891  0.00031126  -0.324838
-0.00025543  0.000309126  -0.791167
-5.23756e-05  0.000307752  -1.4545
