-0.010865  0.0047755  2.17045
-0.0107782  0.00461589  2.2267
-0.0106896  0.00445807  2.28565
-0.0105987  0.00429907  2.34904
-0.0105092  0.00414314  2.41584
-0.0104175  0.00399517  2.48238
-0.0103129  0.00383501  2.55876
-0.0102188  0.00369721  2.62869
-0.0101108  0.0035472  2.70939
-0.0100004  0.00340815  2.78756
-0.00988921  0.00327302  2.86867
-0.00977651  0.00313305  2.96085
-0.00966993  0.00299535  3.06139
-0.00954792  0.00285814  3.16566
-0.00944058  0.00273383  3.27035
-0.00931039  0.00259512  3.39498
-0.00918115  0.00246479  3.52207
-0.0090511  0.00233926  3.65547
-0.00891817  0.00221769  3.79592
-0.00878172  0.00210324  3.9376
-0.00864107  0.00199109  4.08875
-0.00850124  0.00187812  4.26024
-0.00835007  0.00177629  4.41936
-0.00817708  0.00165745  4.63187
-0.00802805  0.00156753  4.80248
-0.00786172  0.00147355  4.99592
-0.00768012  0.00138144  5.19757
-0.00752424  0.00130293  5.39112
-0.00731922  0.00122157  5.58233
-0.00711668  0.00115572  5.72516
-0.00690653  0.00108816  5.8875
-0.0066942  0.00102989  6.01445
-0.00645612  0.000967496  6.15623
-0.00624811  0.000920935  6.2416
-0.00602272  0.000876663  6.2997
-0.00577118  0.000830581  6.34637
-0.00564722  0.000812432  6.33556
-0.00553051  0.000794529  6.33144
-0.00536332  0.000774996  6.27529
-0.00525428  0.000762076  6.2386
-0.00507632  0.000743808  6.15255
-0.00489143  0.000727654  6.03505
-0.00471569  0.00071247  5.917
-0.00454096  0.000700136  5.77168
-0.00433141  0.0006856  5.58841
-0.00407971  0.000673703  5.31348
-0.00388314  0.000664017  5.09495
-0.003605  0.000655883  4.73408
-0.00328543  0.000650913  4.27927
-0.00295613  0.000646639  3.79831
