-0.010865  0.0047755  2.17045
-0.0107797  0.00461891  2.22556
-0.0106951  0.00446288  2.28443
-0.0106106  0.00431205  2.34474
-0.0105227  0.00416442  2.40675
-0.0104284  0.00401673  2.47177
-0.0103341  0.00387078  2.5406
-0.010235  0.00372597  2.61274
-0.0101375  0.00358337  2.6895
-0.0100316  0.00344357  2.76794
-0.00992744  0.00330905  2.84898
-0.00981677  0.00317136  2.93778
-0.0097061  0.00303848  3.02983
-0.00959188  0.00290596  3.1287
-0.00947947  0.00277822  3.23209
-0.00935995  0.00265002  3.34336
-0.00923938  0.00252438  3.46199
-0.00911529  0.00240206  3.58663
-0.00898904  0.00228134  3.72107
-0.00885715  0.00216335  3.86306
-0.0087196  0.00204676  4.01591
-0.00858275  0.00193832  4.16997
-0.00843553  0.0018295  4.33754
-0.00828773  0.00172817  4.50636
-0.0081306  0.00162673  4.69077
-0.00797293  0.00153234  4.8768
-0.00780762  0.00144004  5.0746
-0.00763757  0.00135719  5.2591
-0.00745524  0.0012749  5.4555
-0.00726673  0.00120262  5.62667
-0.00707314  0.00113343  5.79933
-0.00686497  0.00107128  5.94148
-0.00665623  0.00101689  6.054
-0.00643702  0.00096404  6.15847
-0.00621621  0.000915086  6.24664
-0.00599355  0.000870036  6.31416
-0.00575977  0.000830701  6.33172
-0.00563131  0.000809999  6.33496
-0.00548964  0.000791052  6.3076
-0.0053284  0.000771762  6.25633
-0.00519533  0.000754268  6.22502
-0.00499925  0.000736185  6.11158
-0.00481899  0.000721458  5.98648
-0.00462189  0.000704598  5.85
-0.0044153  0.000691466  5.66232
-0.00417011  0.000678062  5.41264
-0.00391357  0.000667195  5.1163
-0.00363064  0.000657618  4.76057
-0.00329709  0.000650331  4.30103
-0.00292273  0.000646919  3.74503
