-0.003971  0.00164852  2.10552
-0.00395437  0.00152716  2.26195
-0.00393626  0.00141046  2.43627
-0.00391579  0.00129759  2.6324
-0.0038903  0.00118935  2.85056
-0.00385702  0.00109125  3.07632
-0.00381433  0.0010079  3.28835
-0.00377481  0.000933589  3.50777
-0.00372825  0.000857189  3.76609
-0.00366796  0.000785168  4.03476
-0.00361065  0.000728513  4.26986
-0.00355127  0.000677742  4.50211
-0.00348576  0.000641439  4.65477
-0.00341511  0.000612611  4.75851
-0.00332999  0.000583132  4.85308
-0.00324492  0.000561861  4.88541
-0.00318102  0.000551224  4.86376
-0.00313278  0.000541264  4.86413
-0.0030605  0.000529815  4.83282
-0.00300956  0.000519976  4.82629
-0.00295168  0.000510589  4.80168
-0.00287941  0.000499728  4.7614
-0.0028221  0.00049132  4.72624
-0.00275623  0.000481089  4.68983
-0.00267738  0.000473235  4.60105
-0.00262205  0.000462641  4.58681
-0.00254584  0.000453715  4.50909
-0.00248417  0.000444649  4.46233
-0.00238259  0.000432818  4.34961
-0.00232561  0.00042698  4.27564
-0.0022356  0.000418373  4.14845
-0.00215275  0.000408438  4.04651
-0.00207268  0.000400642  3.92539
-0.00199624  0.000393483  3.80256
-0.00190068  0.000385624  3.63225
-0.0018064  0.000377781  3.45809
-0.00170698  0.000370956  3.25369
-0.00162332  0.000364371  3.0829
-0.00152803  0.000357246  2.87766
-0.00141645  0.000350818  2.61233
-0.00130574  0.000343717  2.34421
-0.00118648  0.000337703  2.0328
-0.00107613  0.000332662  1.73188
-0.000961264  0.000327183  1.4098
-0.000829001  0.000322923  1.01882
-0.000701175  0.000318305  0.632019
-0.000556166  0.000313933  0.17891
-0.000437891  0.000311384  -0.199463
-0.000262262  0.000308654  -0.770241
-8.63923e-05  0.000307478  -1.34516
