-0.010865  0.0047755  2.17045
-0.0107784  0.00461508  2.22714
-0.0106906  0.00445667  2.28659
-0.0105999  0.00429686  2.35052
-0.010507  0.00414085  2.41666
-0.0104121  0.003991  2.48362
-0.0103138  0.00383668  2.55788
-0.0102129  0.00368761  2.63393
-0.0101066  0.00354413  2.71057
-0.00999785  0.00340015  2.79337
-0.00988814  0.0032596  2.88016
-0.00977381  0.0031181  2.97419
-0.0096566  0.00298076  3.0719
-0.00953896  0.00284519  3.17692
-0.00941675  0.00270989  3.29045
-0.00929231  0.00257866  3.40964
-0.00916879  0.0024531  3.53381
-0.00903477  0.00232433  3.67192
-0.00889754  0.0022005  3.81621
-0.00875957  0.0020816  3.96789
-0.00861464  0.00196501  4.12957
-0.00846662  0.0018537  4.29768
-0.00831111  0.00174516  4.47587
-0.00814757  0.00164048  4.66178
-0.00798618  0.00154103  4.85791
-0.0078162  0.00144411  5.06624
-0.00763632  0.00135573  5.26384
-0.00744856  0.00127066  5.46847
-0.00725535  0.00119333  5.6609
-0.0070503  0.00112617  5.81643
-0.0068304  0.00106416  5.94871
-0.00661067  0.00100398  6.08643
-0.00639123  0.000951876  6.18907
-0.00615923  0.000901476  6.27774
-0.00591969  0.000855831  6.33266
-0.00567327  0.000814548  6.35109
-0.00555167  0.000797057  6.3379
-0.00541619  0.000779797  6.30445
-0.00528299  0.000763519  6.2644
-0.00513255  0.000748184  6.19172
-0.00497933  0.000732564  6.11459
-0.00480614  0.000717681  6.00007
-0.00461855  0.000705131  5.84083
-0.00441948  0.000692682  5.6584
-0.00421313  0.000680619  5.45552
-0.0039708  0.000670426  5.17701
-0.00370929  0.000660333  4.8601
-0.00343293  0.000652446  4.49528
-0.00314046  0.000646418  4.08476
-0.00278402  0.000643099  3.55158
