-0.003971  0.00164852  2.10552
-0.00395173  0.00150909  2.2873
-0.00393396  0.00139662  2.45877
-0.00389579  0.00126652  2.6812
-0.0038704  0.00114008  2.95628
-0.00383323  0.00103982  3.20559
-0.00378735  0.000947945  3.46787
-0.00373718  0.000865283  3.74118
-0.00367585  0.000808476  3.9282
-0.0036089  0.000718542  4.32668
-0.00352252  0.000664538  4.5483
-0.00343535  0.000622678  4.71407
-0.00333538  0.000602876  4.70309
-0.00325379  0.000578662  4.7589
-0.00313379  0.000547261  4.81268
-0.003052  0.000536151  4.75986
-0.00302659  0.000528127  4.78406
-0.00297322  0.000519231  4.76324
-0.00288096  0.000506474  4.70104
-0.00285706  0.000504508  4.67199
-0.00279299  0.000496206  4.62105
-0.00273473  0.000485992  4.59828
-0.00267396  0.000477912  4.54887
-0.00260491  0.000471324  4.46596
-0.00253559  0.00046091  4.41646
-0.0024522  0.000449936  4.33882
-0.0023474  0.000439001  4.20819
-0.00231571  0.000435632  4.16798
-0.00229566  0.000433199  4.14512
-0.00214681  0.000417658  3.94296
-0.00212359  0.000416009  3.90276
-0.00201421  0.000407221  3.7184
-0.00190766  0.000398581  3.53167
-0.00184792  0.00039339  3.42643
-0.00177942  0.000386363  3.31143
-0.00171581  0.000380531  3.19503
-0.00157968  0.000372749  2.89654
-0.00153278  0.000366878  2.81505
-0.00142591  0.000361225  2.56325
-0.00125073  0.000353904  2.12127
-0.00117333  0.000353504  1.90474
-0.00110149  0.000346578  1.73553
-0.000934721  0.000339069  1.2821
-0.00086916  0.000335863  1.09914
-0.000749308  0.000332612  0.749546
-0.000587784  0.000328513  0.267216
-0.00053801  0.00032337  0.117544
-0.00053801  0.00032337  0.117544
-0.00025284  0.000321214  -0.769457
-0.000108084  0.000318614  -1.23007
