-0.003971  0.00164852  2.10552
-0.0039552  0.00153288  2.25406
-0.00393765  0.00141872  2.42306
-0.00391739  0.00130685  2.61497
-0.00389409  0.00121421  2.79531
-0.00386321  0.00110883  3.03313
-0.00382629  0.0010274  3.23758
-0.00378482  0.000956833  3.43302
-0.00374092  0.000883261  3.66926
-0.00369131  0.000805324  3.96277
-0.0036377  0.000750332  4.18175
-0.00358689  0.000704139  4.38392
-0.00351503  0.000657111  4.58831
-0.00343754  0.000622231  4.72098
-0.00336382  0.000593141  4.82823
-0.00327844  0.000574706  4.83454
-0.00319623  0.000554962  4.85841
-0.0031409  0.000544774  4.8477
-0.00308007  0.000534128  4.83044
-0.00301507  0.000524303  4.79699
-0.00294769  0.0005131  4.7704
-0.00288123  0.000502707  4.73682
-0.00281968  0.000493598  4.69954
-0.00275687  0.000484427  4.65884
-0.00269165  0.000474456  4.6193
-0.00261164  0.000465109  4.54009
-0.00254302  0.000455564  4.4846
-0.00247085  0.000445985  4.41911
-0.00239671  0.000437219  4.33813
-0.00232465  0.000428628  4.25695
-0.00224152  0.000419247  4.15393
-0.00215993  0.000411167  4.03713
-0.00207546  0.000402738  3.91187
-0.00198383  0.00039471  3.75929
-0.00189544  0.000386438  3.61104
-0.00179809  0.000379192  3.4233
-0.00170023  0.000371528  3.23053
-0.00161351  0.000364517  3.05476
-0.00149602  0.000356635  2.79283
-0.00140549  0.000350873  2.58068
-0.00129098  0.000344266  2.29758
-0.00117401  0.000338449  1.99146
-0.00105772  0.000332237  1.67869
-0.00093999  0.000327791  1.34229
-0.000806591  0.000322111  0.951817
-0.000672721  0.000317407  0.544162
-0.000541645  0.000313949  0.132649
-0.000414831  0.000310612  -0.274198
-0.000256746  0.000308142  -0.789421
-3.83285e-05  0.00030713  -1.50318
