-0.003971  0.00164852  2.10552
-0.00396087  0.00157296  2.20023
-0.00395053  0.00150101  2.29881
-0.0039407  0.00143745  2.39362
-0.003929  0.00136796  2.50665
-0.00391618  0.00129954  2.62876
-0.00390206  0.00123341  2.75825
-0.00388707  0.00117393  2.88525
-0.00387068  0.00112778  2.98878
-0.00384246  0.0010801  3.09458
-0.00381989  0.0010417  3.187
-0.00380068  0.00099373  3.32151
-0.00376618  0.000918173  3.55726
-0.00375392  0.000897226  3.62664
-0.00372581  0.000860257  3.74982
-0.00367408  0.000795477  3.99015
-0.00366096  0.00077076  4.1011
-0.00363417  0.00075094  4.17367
-0.003608  0.000729937  4.2579
-0.00354176  0.000700018  4.34526
-0.00350981  0.000666086  4.51866
-0.00350267  0.00064737  4.63827
-0.00343088  0.00062278  4.70612
-0.00340744  0.000614319  4.73279
-0.00333769  0.000598512  4.74125
-0.00321443  0.000577486  4.70042
-0.00316156  0.000567046  4.69373
-0.00309333  0.000554162  4.67974
-0.00301587  0.000540827  4.6519
-0.00291449  0.000522221  4.6235
-0.00282121  0.000507313  4.5755
-0.00276361  0.000499374  4.53289
-0.00265278  0.000485527  4.4339
-0.00252484  0.000470397  4.30453
-0.00243601  0.000458338  4.22398
-0.00230817  0.000446234  4.05206
-0.00219376  0.000431835  3.92225
-0.00211727  0.000423939  3.81486
-0.00200391  0.000414011  3.63253
-0.00186654  0.00040217  3.39791
-0.00174749  0.000392727  3.17648
-0.00159293  0.00038283  2.85486
-0.00142535  0.000374458  2.47116
-0.00127605  0.000364502  2.12908
-0.00111239  0.000357003  1.71537
-0.000946574  0.00034931  1.27845
-0.000754992  0.00034327  0.742832
-0.000558206  0.000337336  0.172546
-0.000350104  0.000333601  -0.449326
-9.97688e-05  0.000332376  -1.20415
