-0.003971  0.00164852  2.10552
-0.00395124  0.0015061  2.29151
-0.00393307  0.00139162  2.46696
-0.00391049  0.00128488  2.65433
-0.00388628  0.00119679  2.82947
-0.00384988  0.00108715  3.08136
-0.00381095  0.001016  3.25881
-0.00376893  0.00093842  3.48344
-0.00372196  0.000869077  3.70733
-0.00366983  0.000802877  3.94809
-0.00361657  0.000747158  4.17123
-0.00354995  0.000684802  4.45377
-0.00349472  0.000646112  4.63499
-0.00341092  0.000605387  4.80836
-0.00334312  0.000585707  4.85416
-0.00324966  0.000563448  4.88006
-0.00318642  0.00055313  4.85676
-0.00313207  0.000542623  4.85065
-0.0030776  0.000533013  4.83591
-0.00301297  0.000521525  4.8185
-0.00294761  0.000511898  4.78144
-0.00288038  0.000502607  4.73607
-0.0028149  0.000492884  4.69663
-0.00274454  0.000482229  4.65451
-0.00267593  0.000472928  4.60098
-0.00261091  0.000463905  4.5503
-0.00254245  0.000454268  4.49613
-0.00247229  0.000445748  4.42466
-0.0023986  0.000437444  4.34021
-0.0023199  0.000428216  4.24996
-0.00223459  0.000419667  4.13326
-0.00215109  0.000410335  4.02377
-0.0020699  0.0004022  3.90328
-0.00198823  0.000394826  3.76934
-0.00189941  0.000386108  3.62441
-0.00180921  0.000379674  3.44824
-0.00171491  0.000371691  3.26862
-0.00159304  0.000363574  3.00638
-0.00150642  0.000358171  2.80987
-0.00141759  0.000351795  2.6083
-0.00128898  0.00034546  2.28385
-0.00117487  0.000338578  1.99326
-0.00107009  0.000333499  1.70943
-0.000929395  0.000328138  1.30858
-0.0008236  0.000323266  1.00103
-0.000684454  0.000319402  0.577499
-0.000534375  0.000315268  0.109034
-0.00039065  0.000312306  -0.350137
-0.00025074  0.000310442  -0.80292
-5.38331e-05  0.000308895  -1.4444
