-0.003971  0.00164852  2.10552
-0.0039552  0.00153287  2.25407
-0.00393686  0.00141392  2.43073
-0.00391793  0.00130996  2.60918
-0.0038958  0.00121045  2.8054
-0.00386223  0.00110076  3.05445
-0.00382629  0.00103465  3.2149
-0.00378901  0.000966566  3.40278
-0.00375375  0.000902822  3.60398
-0.00370631  0.000836066  3.835
-0.00364815  0.000764788  4.11637
-0.00359966  0.000714041  4.34101
-0.00355794  0.00067966  4.49923
-0.00347496  0.000647511  4.59446
-0.00338963  0.000614998  4.6986
-0.00331818  0.000587961  4.79314
-0.00323785  0.000569044  4.81132
-0.00318019  0.000558869  4.79574
-0.00311258  0.000547655  4.77049
-0.0030537  0.000535994  4.76442
-0.00299124  0.000526525  4.73148
-0.00292161  0.000515651  4.69623
-0.00284546  0.000502704  4.66569
-0.00280022  0.000494158  4.65482
-0.00274308  0.000485545  4.61973
-0.00266231  0.000472701  4.57438
-0.0025661  0.000466287  4.43097
-0.00251754  0.000452088  4.46272
-0.00245279  0.000445648  4.38191
-0.00236383  0.000434674  4.28789
-0.0022624  0.000426286  4.13432
-0.00219298  0.000417847  4.05168
-0.00211435  0.000408924  3.9478
-0.00201674  0.000398288  3.80814
-0.00192689  0.000390694  3.65218
-0.00180512  0.000385233  3.38787
-0.00173665  0.000375655  3.29198
-0.00164786  0.000367759  3.12123
-0.0015192  0.000362304  2.81312
-0.00142498  0.000354687  2.60789
-0.00132519  0.000348444  2.36821
-0.00119878  0.000341563  2.04582
-0.00107579  0.000335756  1.71492
-0.000944908  0.000329758  1.34919
-0.000814412  0.000324709  0.96829
-0.000678068  0.000320517  0.555564
-0.000543232  0.000317552  0.136143
-0.000359874  0.00031387  -0.446446
-0.00018789  0.000312186  -0.999759
-5.82329e-06  0.00031054  -1.59135
