-0.003971  0.00164852  2.10552
-0.00395379  0.0015265  2.26256
-0.00393605  0.00141253  2.43255
-0.00391312  0.00129076  2.64426
-0.00388601  0.00118762  2.85109
-0.00385391  0.00108824  3.08196
-0.00380953  0.00100814  3.28282
-0.00376438  0.00092225  3.53958
-0.00371574  0.000849967  3.78337
-0.0036619  0.000778999  4.05892
-0.00361097  0.00072191  4.30936
-0.00353835  0.000671167  4.52696
-0.00346416  0.000630703  4.69977
-0.00338912  0.000597826  4.83272
-0.00330561  0.000576346  4.86792
-0.00321669  0.000557218  4.87545
-0.00315449  0.000546974  4.85304
-0.00310206  0.00053715  4.84419
-0.00303977  0.000525925  4.82915
-0.00298027  0.000516106  4.80574
-0.00291843  0.000506746  4.77247
-0.00285707  0.000496888  4.74365
-0.00279255  0.000487284  4.70476
-0.00272425  0.00047751  4.65801
-0.00266157  0.000468379  4.615
-0.00259273  0.000458956  4.55975
-0.00252079  0.000450247  4.48817
-0.00244967  0.000441374  4.41728
-0.00237401  0.000432415  4.33381
-0.00230052  0.000423794  4.24858
-0.00222489  0.000415431  4.15206
-0.00213754  0.000406452  4.02887
-0.00205465  0.000399084  3.89554
-0.0019721  0.000391288  3.7622
-0.00188267  0.000383792  3.60266
-0.00179156  0.000376056  3.4345
-0.00169397  0.000369045  3.23529
-0.00160143  0.000362025  3.04241
-0.00149773  0.000355437  2.80704
-0.00139222  0.0003488  2.55798
-0.00128611  0.000342539  2.29496
-0.00117387  0.000337222  1.9983
-0.00105624  0.000331446  1.67822
-0.000933736  0.000325496  1.33254
-0.000814059  0.000321545  0.976717
-0.000682714  0.000316962  0.576455
-0.000551272  0.000313355  0.163622
-0.000399741  0.000310536  -0.322856
-0.000243879  0.000308267  -0.83084
-6.29868e-05  0.000307168  -1.42272
