-0.010865  0.0047755  2.17045
-0.0107796  0.00461477  2.22754
-0.0106919  0.00445449  2.288
-0.0106023  0.00429764  2.35066
-0.01051  0.00414104  2.41726
-0.0104152  0.00398811  2.48618
-0.0103183  0.00383805  2.55815
-0.0102166  0.00368864  2.6342
-0.0101107  0.00354221  2.71319
-0.0100023  0.003401  2.79399
-0.00989082  0.00325953  2.88103
-0.00977788  0.00312052  2.97319
-0.00966227  0.00298169  3.07285
-0.00954457  0.00284767  3.17613
-0.00942175  0.00271194  3.28981
-0.00929668  0.00258044  3.40899
-0.00917119  0.00245462  3.53261
-0.00903766  0.00232893  3.66592
-0.00890335  0.00220659  3.8083
-0.00876412  0.00208561  3.96244
-0.00862014  0.00196964  4.12266
-0.00847347  0.00185774  4.29202
-0.00831808  0.00174806  4.47244
-0.00816299  0.00164686  4.65309
-0.00799899  0.00154677  4.84817
-0.00782109  0.00145172  5.04304
-0.00764581  0.00136065  5.25175
-0.00746843  0.00127889  5.44881
-0.00726672  0.00119892  5.64401
-0.00706335  0.0011296  5.81032
-0.00684652  0.00106716  5.94714
-0.00662827  0.00101003  6.06744
-0.00640269  0.000955064  6.18041
-0.00617486  0.000905249  6.26884
-0.00593712  0.000859344  6.32706
-0.00569495  0.000818101  6.35001
-0.00557319  0.000800252  6.33949
-0.00545421  0.000783554  6.32274
-0.00529296  0.000764129  6.27245
-0.00516879  0.000750221  6.22322
-0.00500127  0.000734693  6.12673
-0.00483133  0.000719596  6.01911
-0.00465077  0.000705744  5.88141
-0.00445295  0.000692246  5.71033
-0.00423271  0.000680002  5.48926
-0.0040066  0.000669667  5.23633
-0.00374335  0.000660863  4.90775
-0.00347048  0.000652173  4.55474
-0.00313913  0.000646314  4.08336
-0.00274057  0.000643732  3.4806
