-0.010865  0.0047755  2.17045
-0.0107796  0.00461424  2.22779
-0.0106916  0.00445598  2.28718
-0.0106021  0.00429972  2.34947
-0.0105095  0.00414345  2.41574
-0.0104137  0.00398754  2.48618
-0.0103165  0.00383889  2.55712
-0.0102148  0.00369134  2.63179
-0.0101081  0.00354366  2.71136
-0.0100024  0.00340299  2.79236
-0.0098903  0.00326065  2.87989
-0.00977625  0.00312197  2.97128
-0.00966376  0.00298554  3.06938
-0.0095429  0.00284889  3.17418
-0.00941977  0.00271544  3.28483
-0.009298  0.00258475  3.40381
-0.00917113  0.00245653  3.52983
-0.00903664  0.0023335  3.65829
-0.00890583  0.00220776  3.8074
-0.00876628  0.00208755  3.95979
-0.00862632  0.00197293  4.11891
-0.00847367  0.00185967  4.28769
-0.0083214  0.0017526  4.46273
-0.00815878  0.00164618  4.65247
-0.00799644  0.00154837  4.84152
-0.00782663  0.00145096  5.04951
-0.00764833  0.00136441  5.23914
-0.00746025  0.00128113  5.43288
-0.00726727  0.00120448  5.61843
-0.00706651  0.00113338  5.79372
-0.00684624  0.00107005  5.93079
-0.00663354  0.001013  6.05482
-0.00641297  0.000960718  6.15474
-0.00618348  0.000908089  6.25872
-0.00595355  0.00086346  6.31593
-0.00570209  0.000819483  6.34801
-0.00557553  0.000801365  6.33361
-0.00544542  0.000784111  6.30705
-0.00531938  0.000767613  6.2784
-0.00516985  0.000750937  6.2187
-0.00499183  0.000735286  6.10895
-0.00483416  0.000720118  6.01867
-0.00466194  0.000706191  5.8935
-0.00444874  0.000692591  5.70141
-0.00423275  0.000681265  5.47914
-0.00398432  0.000669758  5.20236
-0.00373093  0.000661202  4.88645
-0.00347799  0.000653249  4.55874
-0.0030757  0.000647468  3.97811
-0.00269876  0.000644416  3.41203
