-0.010865  0.0047755  2.17045
-0.0107788  0.00461551  2.22701
-0.010692  0.00445689  2.28679
-0.0106021  0.00429833  2.35024
-0.0105102  0.00414509  2.41496
-0.0104149  0.00399077  2.48445
-0.010318  0.00384047  2.55647
-0.0102173  0.0036936  2.63085
-0.0101131  0.00354708  2.71016
-0.0100039  0.00340484  2.79128
-0.00989372  0.00326418  2.87782
-0.00978085  0.00312533  2.96956
-0.0096622  0.00298983  3.06445
-0.0095471  0.00284926  3.17525
-0.00942617  0.0027218  3.27951
-0.00930133  0.00258813  3.40065
-0.00917472  0.00246246  3.52278
-0.00904183  0.00233351  3.66051
-0.00890448  0.00220645  3.80906
-0.00877615  0.00209606  3.94844
-0.00862778  0.00197912  4.10676
-0.00848562  0.00186786  4.27527
-0.00832563  0.00175791  4.45166
-0.00816746  0.00165121  4.64355
-0.0079895  0.00154509  4.8473
-0.00783636  0.00146147  5.01986
-0.00765443  0.00136878  5.22685
-0.00747208  0.00128873  5.41005
-0.00728323  0.00120906  5.61032
-0.00708084  0.00113959  5.77474
-0.00685245  0.00107288  5.92093
-0.0066521  0.00102075  6.02703
-0.00642511  0.000965296  6.13812
-0.00618826  0.000913089  6.22968
-0.00596404  0.000868682  6.29003
-0.00570031  0.000821374  6.33123
-0.00556751  0.000803038  6.31042
-0.0054726  0.000788017  6.31027
-0.00531338  0.000770125  6.25014
-0.00515214  0.000750843  6.1959
-0.00499439  0.000736231  6.10459
-0.00483481  0.000721698  6.00641
-0.00461607  0.000704968  5.83867
-0.00448797  0.000696813  5.72316
-0.0042956  0.000684687  5.54356
-0.00401623  0.000673622  5.21989
-0.00374236  0.0006615  4.90152
-0.00345224  0.000654187  4.51283
-0.0032309  0.000648989  4.20792
-0.00275921  0.000645453  3.5002
