-0.003971  0.00164852  2.10552
-0.00395308  0.00152526  2.26393
-0.00393148  0.00139498  2.45988
-0.00391711  0.00131297  2.60258
-0.00389291  0.001204  2.81803
-0.00387121  0.00113514  2.96985
-0.00383569  0.00105566  3.15982
-0.00379149  0.000979756  3.3595
-0.00373667  0.000889179  3.64006
-0.00369578  0.000854088  3.74174
-0.00363103  0.000801684  3.90557
-0.00358631  0.00073044  4.22528
-0.00353542  0.000691614  4.3889
-0.00348438  0.000660633  4.51746
-0.00340221  0.000621317  4.67106
-0.00333469  0.000594912  4.76489
-0.00326083  0.000568467  4.85663
-0.00320007  0.000556592  4.85107
-0.00311632  0.000542914  4.81904
-0.00305726  0.000532149  4.80553
-0.00299708  0.000523352  4.77133
-0.00295412  0.000514838  4.76678
-0.002858  0.000502514  4.69241
-0.0027986  0.000491453  4.67715
-0.00275731  0.000485119  4.65311
-0.00266685  0.000472635  4.58461
-0.00261672  0.00046462  4.55582
-0.00252549  0.000455212  4.44954
-0.00243062  0.000445444  4.33414
-0.0023815  0.000435987  4.31549
-0.00229701  0.0004247  4.23125
-0.00222885  0.000419515  4.12107
-0.00211248  0.000408056  3.95161
-0.0020352  0.000400781  3.83051
-0.00195395  0.000392958  3.70002
-0.00184488  0.000384366  3.49895
-0.00175208  0.000375969  3.33027
-0.00163816  0.000367797  3.09452
-0.00157469  0.000363133  2.95948
-0.00143598  0.000354074  2.64344
-0.00131852  0.00034718  2.35763
-0.0012333  0.000341967  2.14436
-0.00107811  0.00033586  1.72128
-0.000962395  0.000330852  1.39759
-0.000962395  0.000330852  1.39759
-0.000787666  0.000326223  0.881808
-0.00065004  0.000324237  0.462747
-0.000543983  0.000316439  0.138993
-0.00037047  0.00031531  -0.410802
-0.000135488  0.000311659  -1.16959
