-0.003971  0.00164852  2.10552
-0.00395422  0.00152612  2.2634
-0.00393565  0.00140837  2.43945
-0.003913  0.00129399  2.63757
-0.00388855  0.00119264  2.84121
-0.00384929  0.00108831  3.07752
-0.0038041  0.000997483  3.31244
-0.00376378  0.000920815  3.54445
-0.00371865  0.000856073  3.75978
-0.00365295  0.000777728  4.05405
-0.00359041  0.000717685  4.30608
-0.00353443  0.000681124  4.45504
-0.00347135  0.00063842  4.65422
-0.00341625  0.000621413  4.69293
-0.00331402  0.000585351  4.80741
-0.00321623  0.000557476  4.87237
-0.00315014  0.000547491  4.84052
-0.00308919  0.000534088  4.84787
-0.00303982  0.000528411  4.80652
-0.00296281  0.000513969  4.79174
-0.00291053  0.000506294  4.76114
-0.00286983  0.00049962  4.74328
-0.00279296  0.000488835  4.69066
-0.00271809  0.000480062  4.62043
-0.00265022  0.000469756  4.57731
-0.00258847  0.000460067  4.53948
-0.00252448  0.000453182  4.46726
-0.00246648  0.000444455  4.42448
-0.00237349  0.000435341  4.3035
-0.00229972  0.000427117  4.21365
-0.00224021  0.000419765  4.14569
-0.00215302  0.0004103  4.02882
-0.00206682  0.000402534  3.8924
-0.0019869  0.000395218  3.76223
-0.00186524  0.000383974  3.55556
-0.00181991  0.000379375  3.47917
-0.00171161  0.000372294  3.25444
-0.00161285  0.000364674  3.05164
-0.0015146  0.000358344  2.83136
-0.00141574  0.000353223  2.59254
-0.00132918  0.000347042  2.38927
-0.00120682  0.00034052  2.0757
-0.00110915  0.000335546  1.81541
-0.000970299  0.000329571  1.427
-0.000890981  0.000325267  1.20203
-0.000729014  0.000319826  0.716058
-0.000591646  0.000315912  0.290099
-0.000450731  0.000313327  -0.157246
-0.000339804  0.000310166  -0.516485
-0.000157028  0.000308678  -1.1111
