-0.010865  0.0047755  2.17045
-0.0107395  0.00454038  2.25522
-0.0106207  0.00432861  2.33809
-0.0104719  0.00407849  2.445
-0.0103097  0.00382487  2.56471
-0.0101335  0.00357387  2.69552
-0.00999287  0.00339189  2.7987
-0.00986974  0.00323216  2.89891
-0.0096485  0.00296338  3.08719
-0.00948423  0.00287167  3.12858
-0.00937035  0.00266277  3.33124
-0.00893824  0.00223828  3.76996
-0.00893824  0.00223828  3.76996
-0.00890702  0.00220835  3.80692
-0.00845225  0.00191545  4.15164
-0.00837588  0.00186055  4.23309
-0.00837588  0.00186055  4.23309
-0.00829041  0.00176335  4.41795
-0.00739694  0.00136997  5.03439
-0.00721336  0.00132006  5.08565
-0.00710876  0.00129623  5.09843
-0.0065335  0.00116959  5.15862
-0.00638639  0.00115695  5.08785
-0.00606223  0.00112254  4.95503
-0.00559305  0.000904264  5.63226
-0.0055894  0.000903746  5.63144
-0.0054646  0.000886145  5.60247
-0.0054646  0.000886145  5.60247
-0.00545746  0.000884757  5.60319
-0.00537868  0.000872403  5.59223
-0.00534025  0.000866878  5.58354
-0.00530144  0.000864382  5.55477
-0.00526553  0.000858404  5.55162
-0.00525598  0.000857266  5.54785
-0.00525598  0.000857266  5.54785
-0.00525598  0.000857266  5.54785
-0.00525598  0.000857266  5.54785
-0.00525598  0.000857266  5.54785
-0.00525598  0.000857266  5.54785
-0.00525598  0.000857266  5.54785
-0.00525598  0.000857266  5.54785
-0.00525598  0.000857266  5.54785
-0.00525598  0.000857266  5.54785
-0.00525598  0.000857266  5.54785
-0.00525598  0.000857266  5.54785
-0.00525598  0.000857266  5.54785
-0.00525598  0.000857266  5.54785
-0.00525598  0.000857266  5.54785
-0.00525598  0.000857266  5.54785
-0.00417996  0.000792105  4.6458
