-0.003971  0.00164852  2.10552
-0.00395379  0.0015265  2.26256
-0.00393605  0.00141253  2.43255
-0.00391312  0.00129076  2.64426
-0.00389018  0.00119217  2.8437
-0.00385391  0.00108824  3.08196
-0.00381033  0.00100886  3.28125
-0.00376437  0.000922248  3.53957
-0.00371574  0.000849967  3.78337
-0.0036619  0.000778999  4.05892
-0.00360255  0.000714285  4.34357
-0.0035351  0.000669966  4.53023
-0.00346416  0.000630703  4.69977
-0.00338912  0.000597826  4.83272
-0.00330561  0.000576346  4.86792
-0.0032128  0.000556446  4.87523
-0.00315006  0.000545386  4.85905
-0.00309611  0.000536338  4.84044
-0.00303977  0.000525925  4.82915
-0.00298295  0.000516296  4.80916
-0.00292057  0.000506793  4.77625
-0.00285597  0.000496914  4.7412
-0.00279019  0.000486978  4.70287
-0.00272417  0.000477871  4.65433
-0.00266157  0.000468379  4.615
-0.00258714  0.000459184  4.54532
-0.00251765  0.000450757  4.47614
-0.00244837  0.000441214  4.41592
-0.00237048  0.000431906  4.33075
-0.00230052  0.000423794  4.24858
-0.00222486  0.000415432  4.15196
-0.00213754  0.000406452  4.02886
-0.00204594  0.000399355  3.87109
-0.00196341  0.000391215  3.74067
-0.00188267  0.000383792  3.60266
-0.00178933  0.000376717  3.42253
-0.00169397  0.000369045  3.23529
-0.00160143  0.000362025  3.04241
-0.00150957  0.000356027  2.83566
-0.00139232  0.000349615  2.55231
-0.00129124  0.000343101  2.30614
-0.00117387  0.000337222  1.9983
-0.00105624  0.000331446  1.67822
-0.000954967  0.000326433  1.39375
-0.000814059  0.000321545  0.976717
-0.000694019  0.000317173  0.611715
-0.000551264  0.000313355  0.163596
-0.000410568  0.000310611  -0.287924
-0.000273736  0.000308549  -0.733315
-7.4952e-05  0.000307224  -1.38351
