-0.010865  0.0047755  2.17045
-0.0107812  0.00461868  2.22601
-0.0106942  0.00446301  2.28417
-0.0106089  0.00431123  2.34478
-0.0105203  0.00416131  2.40797
-0.0104287  0.0040146  2.47315
-0.0103366  0.00387113  2.54101
-0.0102394  0.00373235  2.60946
-0.0101342  0.00358796  2.68514
-0.0100299  0.00345136  2.7612
-0.00992948  0.0033131  2.84612
-0.00982122  0.00317962  2.93156
-0.00970807  0.00304218  3.0268
-0.00959388  0.00290742  3.12782
-0.00948008  0.00278165  3.22832
-0.00936544  0.00266246  3.3298
-0.00923985  0.00252875  3.45619
-0.00911264  0.00240627  3.57926
-0.00898528  0.00228485  3.71372
-0.00885493  0.00216809  3.8536
-0.00872068  0.00205403  4.00223
-0.00857625  0.0019399  4.16324
-0.00843489  0.00183508  4.324
-0.00829148  0.00173772  4.48374
-0.00812433  0.00163008  4.67727
-0.00797191  0.0015434  4.8412
-0.00780771  0.00144756  5.0483
-0.0076415  0.001362  5.24339
-0.00747223  0.00128411  5.42961
-0.00727708  0.00120632  5.61797
-0.00708824  0.00114388  5.75956
-0.00687544  0.00107666  5.92148
-0.00666432  0.00101916  6.04844
-0.00644277  0.000972027  6.11379
-0.00625507  0.000923697  6.23048
-0.00601387  0.000873845  6.3099
-0.00577382  0.000832154  6.33756
-0.00562199  0.000810558  6.31909
-0.00546329  0.000788891  6.29147
-0.00531327  0.000771173  6.2415
-0.00514724  0.00075484  6.15659
-0.00498564  0.000735653  6.0975
-0.00480139  0.000720078  5.9735
-0.00458015  0.00070381  5.79723
-0.00434622  0.000690472  5.57043
-0.00408596  0.000675933  5.3052
-0.0038602  0.000665553  5.04874
-0.003523  0.000656043  4.60793
-0.00317924  0.000648005  4.1346
-0.00277249  0.000644477  3.5261
