-0.003971  0.00164852  2.10552
-0.00395425  0.00152629  2.26317
-0.00393575  0.00140724  2.44148
-0.003915  0.00129362  2.63988
-0.00389023  0.00118557  2.85957
-0.00385808  0.00109  3.0808
-0.00381865  0.00100673  3.29646
-0.00377679  0.000929029  3.52711
-0.00372617  0.000863089  3.73794
-0.00367513  0.000797595  3.98088
-0.00362368  0.000736448  4.24155
-0.00356246  0.000705761  4.33923
-0.00350063  0.000644938  4.65259
-0.0034274  0.000619087  4.72857
-0.00339741  0.000611938  4.73482
-0.00327696  0.000590874  4.69974
-0.00322561  0.000579989  4.69942
-0.00317198  0.000569226  4.69406
-0.00311643  0.000558257  4.68679
-0.00305826  0.000547761  4.67039
-0.00300229  0.000537556  4.65494
-0.00294509  0.000527318  4.63683
-0.00288268  0.000517221  4.60669
-0.00282136  0.000507232  4.57653
-0.00275189  0.000497197  4.52917
-0.00268403  0.000487847  4.47687
-0.00261103  0.000478623  4.41064
-0.00253913  0.000470511  4.33387
-0.0024623  0.000461042  4.25624
-0.00237948  0.000453266  4.14652
-0.00230492  0.000444086  4.06435
-0.00222661  0.000435148  3.96785
-0.00214551  0.000427182  3.85201
-0.002071  0.00041973  3.74289
-0.00197415  0.000410719  3.58921
-0.00189102  0.000403692  3.44575
-0.00179017  0.000395773  3.25988
-0.00170045  0.000389678  3.08061
-0.00158618  0.00038223  2.84169
-0.00147854  0.000376298  2.60045
-0.0013772  0.000370842  2.36543
-0.00128006  0.000364549  2.13979
-0.00114227  0.000358263  1.79273
-0.00103745  0.000353966  1.51836
-0.000925051  0.000348518  1.2196
-0.000787017  0.00034334  0.835958
-0.000673703  0.000339902  0.511037
-0.00051397  0.000336248  0.0415476
-0.000393235  0.000334098  -0.319561
-0.000192128  0.000332461  -0.926041
