-0.003971  0.00164852  2.10552
-0.00395351  0.00152331  2.2671
-0.00393605  0.00141253  2.43255
-0.00391282  0.00129682  2.63167
-0.00388939  0.00119251  2.84223
-0.00385797  0.0010944  3.06832
-0.00381355  0.00101192  3.27452
-0.00377012  0.000930129  3.51577
-0.00372264  0.000855358  3.76759
-0.00366887  0.000789388  4.01434
-0.00361432  0.000728044  4.27765
-0.00355342  0.000680929  4.48421
-0.00348281  0.000638493  4.67164
-0.00340272  0.000607622  4.77719
-0.00332787  0.000583591  4.84563
-0.00323748  0.000561908  4.87177
-0.00318131  0.000551453  4.86226
-0.00312029  0.000541143  4.84214
-0.00306585  0.000530193  4.83947
-0.00300638  0.000520562  4.81475
-0.00294478  0.000510842  4.78579
-0.00287403  0.000499576  4.7521
-0.0028112  0.000490163  4.71516
-0.00274867  0.000481183  4.67321
-0.00267676  0.000471548  4.61619
-0.00260838  0.00046204  4.56319
-0.00254167  0.000452576  4.51122
-0.00246541  0.000443662  4.42997
-0.00238314  0.000434992  4.32912
-0.0023178  0.000426067  4.26647
-0.00223042  0.000417299  4.14672
-0.0021477  0.000408836  4.03022
-0.00206762  0.000400707  3.91213
-0.00199139  0.000393733  3.78781
-0.00188185  0.000385717  3.58256
-0.00179127  0.000377028  3.42486
-0.00169395  0.000369754  3.22903
-0.00159727  0.000362172  3.02969
-0.0014913  0.00035607  2.78399
-0.0013956  0.000350746  2.55343
-0.00129065  0.000342954  2.3054
-0.00117667  0.000338089  2.00145
-0.00105101  0.000331359  1.66289
-0.000933149  0.000325968  1.32881
-0.000805452  0.00032194  0.948784
-0.000676887  0.000317162  0.55772
-0.000551264  0.000313355  0.163596
-0.000383277  0.000310361  -0.376089
-0.000237964  0.000308724  -0.848772
-7.4917e-05  0.000307228  -1.38361
