-0.003971  0.00164852  2.10552
-0.00395447  0.00152781  2.26105
-0.00393545  0.00140549  2.44431
-0.00391418  0.00128956  2.64754
-0.00388886  0.00119192  2.8432
-0.00385484  0.00108892  3.08088
-0.00381697  0.00101477  3.2687
-0.00377353  0.000928189  3.52679
-0.00372666  0.000851058  3.79135
-0.00367735  0.000783657  4.05451
-0.00361945  0.000731398  4.26505
-0.00355429  0.000678035  4.50462
-0.00348126  0.000638609  4.66837
-0.00340759  0.000606249  4.79603
-0.00332403  0.000583631  4.83872
-0.00324008  0.000564017  4.85815
-0.00318234  0.000553772  4.84377
-0.00312628  0.000543192  4.8349
-0.00306501  0.000532679  4.81531
-0.00301019  0.000522203  4.80693
-0.00294816  0.000511999  4.78158
-0.00287791  0.000502738  4.72992
-0.00281354  0.000491508  4.70703
-0.00275068  0.000481991  4.66953
-0.00268374  0.00047231  4.62352
-0.0026164  0.000463546  4.56568
-0.00254217  0.000454986  4.48841
-0.00246756  0.000445489  4.41663
-0.00239145  0.00043646  4.33361
-0.0023189  0.000426632  4.26338
-0.00224258  0.000417518  4.17366
-0.00215431  0.000409952  4.03537
-0.00208001  0.000401459  3.93568
-0.00198398  0.000392119  3.78451
-0.00188751  0.000385781  3.59663
-0.00180957  0.000377517  3.4689
-0.00170544  0.000370723  3.2516
-0.00161318  0.000363057  3.06614
-0.00151369  0.000356957  2.8398
-0.00139953  0.000349659  2.57259
-0.00129218  0.000343319  2.30742
-0.00118218  0.00033745  2.02157
-0.00105317  0.000332242  1.66495
-0.000932962  0.000326537  1.32592
-0.000801638  0.000321852  0.937197
-0.000670582  0.000317598  0.537102
-0.000543023  0.000314198  0.136928
-0.000381584  0.000312034  -0.379497
-0.000222512  0.00031017  -0.894631
-2.27272e-05  0.000309016  -1.54449
