-0.00395605  0.00163396  2.11514
-0.00393349  0.00151404  2.26777
-0.00391348  0.00139633  2.44461
-0.00388939  0.00127988  2.64822
-0.00385887  0.00117953  2.84764
-0.00382078  0.00107894  3.07781
-0.00378031  0.000993449  3.30194
-0.00375027  0.000934072  3.47968
-0.00368888  0.000850199  3.75075
-0.00364268  0.000787876  3.9888
-0.00358187  0.000722157  4.26759
-0.00352574  0.00067722  4.46788
-0.00345646  0.000633688  4.66549
-0.00338692  0.000602189  4.79404
-0.00330152  0.000578758  4.84057
-0.00324152  0.000563827  4.86234
-0.00318944  0.000552531  4.86749
-0.00312713  0.000541016  4.85591
-0.00307305  0.000531408  4.84195
-0.0030139  0.000522063  4.81531
-0.00295373  0.000512082  4.79167
-0.00288948  0.000502083  4.75913
-0.00281988  0.000491763  4.71747
-0.00275687  0.000482312  4.67929
-0.00268775  0.000472032  4.63475
-0.00262048  0.000462703  4.58282
-0.00255249  0.000453599  4.52489
-0.00247384  0.000444414  4.44144
-0.00240391  0.000435133  4.37547
-0.00232609  0.000426116  4.28542
-0.00224828  0.000417566  4.18683
-0.00216435  0.000409557  4.06378
-0.00207542  0.000401035  3.92838
-0.00199053  0.00039279  3.79473
-0.00190106  0.00038555  3.63392
-0.00181055  0.000377631  3.47046
-0.00171444  0.000370535  3.27753
-0.00161776  0.000363341  3.07633
-0.00151555  0.000356749  2.84669
-0.00141875  0.000350232  2.62326
-0.00129983  0.000343873  2.32594
-0.00119793  0.000338121  2.06416
-0.00108535  0.000332465  1.76063
-0.000956729  0.000326997  1.39674
-0.000834469  0.000322137  1.03828
-0.000705729  0.00031789  0.64717
-0.00055134  0.000314407  0.163293
-0.000422546  0.000311162  -0.248917
-0.000259667  0.000308709  -0.778511
-8.70154e-05  0.00030769  -1.34221
