-0.010865  0.0047755  2.17045
-0.0107793  0.00461514  2.2273
-0.0106917  0.00445536  2.28751
-0.0105978  0.00429075  2.35339
-0.0105079  0.00414035  2.41717
-0.0104132  0.0039874  2.48613
-0.0103148  0.0038385  2.55693
-0.0102171  0.00369172  2.63212
-0.0101079  0.00354057  2.71366
-0.00999791  0.00339693  2.79602
-0.00988665  0.00325817  2.88096
-0.00977377  0.003116  2.97618
-0.00965038  0.00296917  3.0818
-0.00954201  0.00284495  3.17827
-0.00941816  0.00270954  3.29139
-0.00929195  0.0025787  3.40944
-0.00916761  0.00244975  3.53816
-0.00903315  0.002324  3.67175
-0.00889366  0.00219527  3.82352
-0.00875683  0.00207837  3.97274
-0.00860739  0.00196019  4.13603
-0.00846998  0.00185565  4.29498
-0.00830463  0.00174456  4.4737
-0.00814769  0.00164029  4.6624
-0.007976  0.00153903  4.85762
-0.00780829  0.00144185  5.06868
-0.00761243  0.00135086  5.2651
-0.0074567  0.00127326  5.4637
-0.00726907  0.00120261  5.62866
-0.00704482  0.00112588  5.81309
-0.00683901  0.00106438  5.9556
-0.00660979  0.00100326  6.08993
-0.00637914  0.000952936  6.1695
-0.0061551  0.000901403  6.27367
-0.00591808  0.000856195  6.3281
-0.00566271  0.000812942  6.35065
-0.00551343  0.000795343  6.30348
-0.00539813  0.000779453  6.28406
-0.00526442  0.000762099  6.25171
-0.00512741  0.000746309  6.2004
-0.00498779  0.00073514  6.10468
-0.00480073  0.000718154  5.98859
-0.0046382  0.00070571  5.86389
-0.00443593  0.000694336  5.66863
-0.00421467  0.000681102  5.45391
-0.00401185  0.000670919  5.23439
-0.00380043  0.000664634  4.96578
-0.0035244  0.00065621  4.60889
-0.00319977  0.000649543  4.15641
-0.0028841  0.000644088  3.70152
