-0.003971  0.00164852  2.10552
-0.00395422  0.00152612  2.2634
-0.00393396  0.00141141  2.433
-0.00391266  0.00130372  2.61763
-0.00388744  0.00119509  2.83447
-0.00385156  0.00109215  3.06877
-0.00380956  0.0010078  3.28396
-0.00376659  0.000930836  3.50931
-0.00371343  0.000854028  3.76267
-0.00365964  0.000779404  4.05392
-0.0036014  0.00073169  4.23868
-0.00353807  0.000677238  4.48597
-0.00347119  0.000635993  4.67174
-0.00338244  0.00059844  4.81658
-0.00331003  0.000577134  4.86894
-0.00321294  0.000556086  4.87864
-0.00315527  0.000545844  4.86453
-0.00309903  0.000536891  4.84089
-0.00304499  0.000526877  4.83033
-0.0029839  0.000516903  4.80534
-0.0029154  0.000506076  4.77281
-0.00285524  0.000496934  4.73954
-0.00279264  0.000486795  4.70967
-0.00271903  0.00047784  4.64388
-0.00265272  0.000468098  4.59886
-0.00258769  0.000458847  4.54985
-0.00250664  0.000449891  4.46027
-0.00243382  0.000439979  4.39525
-0.00236874  0.00043217  4.32408
-0.00227961  0.000422266  4.21444
-0.00221105  0.000414517  4.12782
-0.00212349  0.000405522  4.00346
-0.00203557  0.000398185  3.85642
-0.00195187  0.000390685  3.71621
-0.00186181  0.000382847  3.55706
-0.00178203  0.000375997  3.40967
-0.00169502  0.000369389  3.23514
-0.00158886  0.000361363  3.0132
-0.00148414  0.000355091  2.77151
-0.00135845  0.000346809  2.47529
-0.00127604  0.000341831  2.27023
-0.00115617  0.00033572  1.95451
-0.00102571  0.000329671  1.59465
-0.000901161  0.000325174  1.23368
-0.000779196  0.000319966  0.872581
-0.000677403  0.000317003  0.559626
-0.000506408  0.000312727  0.0204916
-0.000357567  0.000309977  -0.459496
-0.000232014  0.000307695  -0.870949
-9.93628e-06  0.000306614  -1.59831
