-0.010865  0.0047755  2.17045
-0.0107318  0.00452633  2.26052
-0.0105953  0.00428479  2.35608
-0.0104647  0.00406684  2.45024
-0.0103138  0.00383109  2.56163
-0.0101579  0.00361881  2.66881
-0.0099256  0.0034211  2.75513
-0.00972692  0.00326341  2.82739
-0.00947754  0.00307172  2.92265
-0.00923193  0.00291355  2.99701
-0.00902724  0.00271348  3.14254
-0.00876462  0.00254911  3.24216
-0.00856024  0.00237523  3.39346
-0.00829137  0.00220372  3.53555
-0.00808518  0.00206026  3.68166
-0.00774499  0.00188976  3.83382
-0.00745595  0.00179673  3.87145
-0.00719703  0.00167296  4.00311
-0.00687594  0.00155093  4.11106
-0.00645897  0.00143316  4.15791
-0.00607056  0.00138119  4.03316
-0.00576521  0.00125177  4.20621
-0.00546528  0.00109723  4.5253
-0.00517657  0.000994345  4.70317
-0.00479255  0.000890567  4.82002
-0.00476512  0.000887252  4.80711
-0.00475363  0.000884606  4.8085
-0.00473262  0.000880525  4.80693
-0.00468939  0.000871742  4.80577
-0.00468939  0.000871742  4.80577
-0.00466867  0.000867251  4.80677
-0.00464645  0.000862029  4.8101
-0.00462091  0.000858293  4.80129
-0.00460556  0.000855439  4.79936
-0.00460051  0.000854553  4.79842
-0.00454327  0.000847473  4.77097
-0.00453652  0.000845532  4.77394
-0.00451561  0.00084116  4.7739
-0.00449886  0.000836619  4.77978
-0.00445655  0.000830505  4.76403
-0.00445112  0.000829494  4.76329
-0.00443972  0.000828275  4.75653
-0.00439667  0.000824146  4.72813
-0.00437434  0.000822301  4.71158
-0.00431501  0.00081995  4.65274
-0.00430256  0.000817344  4.65233
-0.00426226  0.000816843  4.60585
-0.00420721  0.000813804  4.5554
-0.0042038  0.000813714  4.55172
-0.00412772  0.000810847  4.47398
