-0.003971  0.00164852  2.10552
-0.00395477  0.00152992  2.25813
-0.00393614  0.00141086  2.43549
-0.00391528  0.00129677  2.63368
-0.0038903  0.00118809  2.85358
-0.00385893  0.00109358  3.0715
-0.00381807  0.00101215  3.27826
-0.00377289  0.000929054  3.52282
-0.00372442  0.000862286  3.73938
-0.00367157  0.000792317  4.0029
-0.00361665  0.000734733  4.24188
-0.00355497  0.00068208  4.4789
-0.00348837  0.0006427  4.64971
-0.00341412  0.000605963  4.80908
-0.00333796  0.000581349  4.88169
-0.00325055  0.000562001  4.89422
-0.00319172  0.000551606  4.87978
-0.00313184  0.000540499  4.86929
-0.00307593  0.000530394  4.85664
-0.00301197  0.000520169  4.82915
-0.00294375  0.000508968  4.80139
-0.00288743  0.000500869  4.76657
-0.00282033  0.000490628  4.72931
-0.00275677  0.000481299  4.68891
-0.00269067  0.000471957  4.64167
-0.00262137  0.000462283  4.5889
-0.00254586  0.000453137  4.51489
-0.00247467  0.00044371  4.45035
-0.00240324  0.000434652  4.37876
-0.00231766  0.000425875  4.26805
-0.00223889  0.000416817  4.17183
-0.00215527  0.000408632  4.05076
-0.00207537  0.000400322  3.93527
-0.00198804  0.000391907  3.79691
-0.00190045  0.000384199  3.64511
-0.00180112  0.000376591  3.45499
-0.00170434  0.000368903  3.26466
-0.00161264  0.000362626  3.06829
-0.00150228  0.000354401  2.8281
-0.00139752  0.000348769  2.57339
-0.00129621  0.000342508  2.32464
-0.00118135  0.000336406  2.02538
-0.00106306  0.000330576  1.70326
-0.000938953  0.000325709  1.34768
-0.000806491  0.000321094  0.954521
-0.000658475  0.000316404  0.500862
-0.00052797  0.000313168  0.0893123
-0.00036506  0.000310304  -0.434862
-0.000210787  0.000308326  -0.938011
-2.37911e-05  0.000307211  -1.5501
