-0.003971  0.00164852  2.10552
-0.00395341  0.00152053  2.27118
-0.00393357  0.00139488  2.46155
-0.00391081  0.0012821  2.66032
-0.00388381  0.00117165  2.88807
-0.00383933  0.00107416  3.10879
-0.00379774  0.000993924  3.3179
-0.0037509  0.000912759  3.56161
-0.00369848  0.000838565  3.81423
-0.00364254  0.000771345  4.0741
-0.00358962  0.000721025  4.28504
-0.00351739  0.000661853  4.55901
-0.00344287  0.000623032  4.72346
-0.00336833  0.000594827  4.82213
-0.00328155  0.00057133  4.86855
-0.0032253  0.000560996  4.85797
-0.00316744  0.000550158  4.8485
-0.00310734  0.000540077  4.82772
-0.00304324  0.000530652  4.79267
-0.00299395  0.000520316  4.79314
-0.00292687  0.000509251  4.76558
-0.00285461  0.000500349  4.70593
-0.00280091  0.000489546  4.7001
-0.00272829  0.000481743  4.62548
-0.00266072  0.000471865  4.57912
-0.00259704  0.000462749  4.53171
-0.00253151  0.000452329  4.49122
-0.00245084  0.000444747  4.38641
-0.00236582  0.000434289  4.29628
-0.00229747  0.00042769  4.20274
-0.00221729  0.00041914  4.09716
-0.00213164  0.000410417  3.97557
-0.00205113  0.000401549  3.86288
-0.00197009  0.000394671  3.72485
-0.00188291  0.000386068  3.58204
-0.00179341  0.000378836  3.41417
-0.00169962  0.000371205  3.23169
-0.00159526  0.000364071  3.00836
-0.00150612  0.000358261  2.80836
-0.00138771  0.000351436  2.52594
-0.00128287  0.000345158  2.26816
-0.00118492  0.000339563  2.01705
-0.00108075  0.000334212  1.73768
-0.000936211  0.000329446  1.32407
-0.000810401  0.000323721  0.958853
-0.000695076  0.000319371  0.610815
-0.000555192  0.000315714  0.174816
-0.000423016  0.000312677  -0.246209
-0.000256481  0.000309494  -0.78683
-8.1501e-05  0.000308533  -1.35642
