-0.003971  0.00164852  2.10552
-0.00395489  0.00153107  2.25652
-0.00393426  0.0014272  2.40629
-0.00391147  0.00131597  2.59236
-0.00388565  0.00119411  2.83529
-0.0038561  0.00112182  2.99167
-0.00381822  0.00103272  3.21308
-0.00378014  0.000959036  3.42025
-0.0037335  0.000881833  3.6668
-0.00367587  0.000815343  3.89514
-0.0036284  0.000754126  4.14838
-0.00357106  0.000704346  4.36016
-0.00349637  0.000653655  4.58402
-0.00343291  0.000620345  4.72786
-0.00334635  0.000592671  4.80258
-0.0032751  0.000572317  4.84889
-0.00317794  0.000549436  4.87398
-0.00311009  0.000539464  4.8383
-0.00305767  0.000529427  4.83101
-0.0029947  0.000518254  4.81367
-0.00294022  0.000509818  4.78646
-0.00287389  0.000500495  4.74308
-0.00280233  0.000490715  4.69178
-0.00274505  0.000480642  4.67093
-0.00267956  0.000470577  4.63168
-0.00261249  0.000462248  4.57005
-0.00253935  0.000453732  4.49463
-0.00246973  0.000443962  4.43671
-0.0023989  0.000435532  4.35995
-0.0023265  0.000427293  4.2746
-0.00224854  0.000418418  4.17893
-0.0021699  0.000410747  4.06553
-0.00208978  0.000402254  3.95217
-0.001999  0.000394304  3.80163
-0.00191137  0.000386638  3.65037
-0.00182585  0.000378842  3.49975
-0.00172718  0.000372102  3.29795
-0.00162657  0.000364093  3.09417
-0.00152649  0.000358066  2.86676
-0.00143541  0.000352723  2.65197
-0.00133098  0.00034622  2.40014
-0.00120914  0.000339021  2.09173
-0.00111096  0.000334689  1.82545
-0.000988274  0.000329824  1.48041
-0.000842801  0.000324691  1.05578
-0.000728575  0.000319895  0.714532
-0.000595089  0.000316153  0.300769
-0.000440143  0.00031316  -0.191139
-0.000325423  0.000310651  -0.561971
-0.00012522  0.000308729  -1.21395
