-0.010865  0.0047755  2.17045
-0.0107794  0.00461456  2.22761
-0.010691  0.00445713  2.28646
-0.0106003  0.00429809  2.34996
-0.0105095  0.00414536  2.41462
-0.0104166  0.0039936  2.48312
-0.010317  0.00383986  2.55661
-0.0102178  0.00369506  2.62994
-0.0101137  0.00354821  2.70945
-0.0100073  0.00340835  2.78941
-0.00989525  0.0032689  2.87413
-0.00978098  0.00312375  2.9711
-0.00967072  0.00299229  3.06479
-0.00955013  0.00285405  3.17098
-0.00943022  0.00272253  3.28012
-0.00930654  0.00259259  3.39681
-0.00918306  0.00246503  3.5225
-0.00904789  0.00233452  3.66153
-0.00891722  0.00221862  3.7939
-0.00877988  0.00209916  3.94438
-0.00863826  0.00198156  4.10699
-0.00848865  0.00186914  4.27396
-0.00833903  0.0017635  4.44516
-0.00817837  0.00165766  4.63206
-0.00801791  0.00155777  4.82608
-0.00784905  0.00146236  5.02547
-0.00767667  0.00137547  5.21763
-0.00749153  0.00128944  5.42216
-0.00730425  0.00121259  5.61132
-0.00710162  0.00114432  5.76905
-0.00691197  0.00108903  5.88778
-0.00667587  0.00102161  6.04523
-0.00644911  0.000966675  6.1542
-0.00622193  0.000916284  6.24471
-0.0059995  0.000871366  6.31136
-0.00575156  0.000827628  6.34532
-0.00561201  0.000808165  6.32545
-0.00548546  0.0007889  6.31951
-0.00535348  0.000771845  6.28815
-0.00520334  0.000756009  6.22128
-0.00502347  0.000737714  6.13173
-0.00486868  0.000724482  6.03007
-0.0046789  0.000710849  5.87875
-0.00446983  0.000696679  5.69822
-0.00424903  0.000683921  5.48167
-0.00402485  0.000671878  5.24627
-0.00376041  0.000661272  4.93051
-0.00346401  0.000651906  4.54668
-0.00317384  0.000646506  4.13584
-0.00278134  0.000642871  3.54867
