-0.003971  0.00164852  2.10552
-0.00395374  0.00152282  2.26799
-0.00393352  0.00139406  2.46297
-0.00391438  0.00129058  2.64563
-0.00388968  0.00118351  2.8641
-0.00385782  0.00109485  3.06691
-0.003815  0.00100802  3.28864
-0.0037668  0.000939198  3.47829
-0.00371074  0.000880543  3.64632
-0.00365883  0.000817758  3.8628
-0.00361573  0.000757718  4.11199
-0.0035535  0.000698725  4.37011
-0.00347591  0.000672899  4.42252
-0.00342646  0.000619871  4.72108
-0.00334017  0.000598032  4.7492
-0.00326577  0.000589056  4.69526
-0.0032163  0.000577841  4.70078
-0.00316114  0.000567345  4.69051
-0.00310217  0.000556554  4.6755
-0.00305073  0.000546144  4.67043
-0.00299265  0.00053592  4.65116
-0.00293381  0.000525477  4.63161
-0.00287162  0.000515387  4.60162
-0.00280901  0.00050546  4.56813
-0.00273957  0.000496067  4.51465
-0.00266559  0.000486703  4.44952
-0.00259775  0.000478395  4.38497
-0.00252563  0.000468362  4.32493
-0.00244491  0.00045987  4.22925
-0.00236663  0.000451298  4.13613
-0.00228678  0.000442436  4.0385
-0.0022109  0.000433816  3.94383
-0.00212614  0.000425582  3.82098
-0.00204335  0.000417384  3.69768
-0.0019615  0.000409666  3.56754
-0.00186759  0.000401792  3.40373
-0.00177128  0.000394372  3.22355
-0.00166616  0.000387929  3.00611
-0.00156284  0.000381309  2.78735
-0.00146233  0.00037448  2.56978
-0.00135034  0.00036821  2.3094
-0.00123897  0.00036315  2.03489
-0.00112213  0.000357397  1.74074
-0.00100091  0.00035182  1.42377
-0.000877572  0.000346885  1.08846
-0.000770264  0.000343647  0.786458
-0.00061783  0.000338407  0.34819
-0.000480737  0.00033553  -0.0574095
-0.000443092  0.000334843  -0.169956
-0.000141568  0.000332395  -1.07833
