-0.010865  0.0047755  2.17045
-0.010779  0.00461535  2.22714
-0.0106881  0.00444973  2.28959
-0.0105976  0.00429869  2.34899
-0.0105081  0.00414182  2.41635
-0.0104127  0.00399261  2.48276
-0.0103134  0.00383903  2.55622
-0.0102122  0.00369103  2.63129
-0.0101079  0.00354443  2.71069
-0.01  0.00340152  2.79287
-0.00988454  0.00325584  2.88237
-0.0097733  0.00311748  2.97461
-0.00965782  0.00298215  3.07088
-0.00953919  0.00284579  3.17634
-0.00941197  0.00271916  3.27748
-0.00928997  0.00257813  3.40944
-0.00915601  0.00244862  3.53505
-0.00903552  0.00232792  3.66659
-0.00890157  0.00220893  3.80346
-0.00875771  0.00209009  3.95089
-0.00861517  0.0019719  4.1154
-0.00846531  0.00185916  4.28435
-0.00831336  0.00174929  4.4666
-0.00815217  0.00164386  4.65502
-0.00799674  0.00154665  4.84708
-0.00781689  0.00144722  5.05582
-0.0076354  0.00135915  5.24989
-0.00745082  0.00127185  5.46511
-0.00725562  0.00120377  5.61207
-0.00704226  0.00113483  5.76496
-0.00685034  0.00107203  5.92365
-0.00661042  0.00101106  6.04359
-0.00639283  0.000958082  6.15065
-0.00615643  0.00090645  6.2402
-0.00592195  0.000860037  6.30432
-0.00568  0.000818354  6.32977
-0.00554955  0.000801496  6.30015
-0.00542746  0.000782541  6.29674
-0.00530227  0.000768088  6.25224
-0.00517303  0.000752781  6.20769
-0.00500258  0.000738382  6.0979
-0.0048548  0.00072375  6.017
-0.00466865  0.000709945  5.8718
-0.00446882  0.00069859  5.68118
-0.00424854  0.000685007  5.47227
-0.00404676  0.000675339  5.25181
-0.00379861  0.000664487  4.96414
-0.00356519  0.000657028  4.66523
-0.00328003  0.000651262  4.26868
-0.0029115  0.000647557  3.724
