-0.010865  0.0047755  2.17045
-0.0107515  0.00456224  2.24703
-0.0106199  0.00432731  2.33862
-0.0105058  0.00413405  2.42034
-0.0103902  0.00394834  2.50491
-0.0102605  0.00375193  2.60147
-0.0101153  0.00354856  2.70965
-0.00997758  0.00336611  2.81559
-0.00983868  0.00319124  2.92635
-0.00967053  0.00299031  3.06675
-0.00951436  0.00284772  3.16546
-0.00932495  0.00269802  3.2709
-0.00913987  0.0025082  3.44464
-0.00900744  0.00231686  3.67197
-0.00882281  0.00213624  3.89601
-0.008679  0.00202408  4.04084
-0.00842755  0.00185376  4.27646
-0.00822617  0.00173464  4.45405
-0.00801388  0.00159659  4.70619
-0.00775643  0.00149606  4.85037
-0.00753424  0.00138711  5.07114
-0.00726168  0.00130826  5.16844
-0.00705492  0.0012379  5.29521
-0.00678344  0.00117107  5.36557
-0.00640499  0.00108657  5.43453
-0.00629796  0.00107857  5.37558
-0.00624013  0.00106232  5.40338
-0.00611141  0.00104428  5.37347
-0.00607851  0.00103914  5.36839
-0.00591495  0.00101418  5.33921
-0.00582309  0.00100377  5.30311
-0.00577331  0.0009836  5.36123
-0.00569517  0.00097482  5.32936
-0.00551566  0.000952339  5.26667
-0.00551566  0.000952339  5.26667
-0.00528663  0.000922131  5.19084
-0.0052198  0.000918708  5.13743
-0.00505829  0.00091131  5.00191
-0.00486447  0.000906146  4.81652
-0.00477311  0.000886117  4.82228
-0.00473032  0.000877295  4.822
-0.00464389  0.000860786  4.81408
-0.0046142  0.000854324  4.81573
-0.00434228  0.000814707  4.71615
-0.00434228  0.000814707  4.71615
-0.00430898  0.000811638  4.69295
-0.00408034  0.000810588  4.41696
-0.00403408  0.000799299  4.42147
-0.00374739  0.000761551  4.26418
-0.00372873  0.000760701  4.24441
