-0.003971  0.00164852  2.10552
-0.00395446  0.00152775  2.26114
-0.00393577  0.00140738  2.44126
-0.00391531  0.00129519  2.63692
-0.00389136  0.00118982  2.8503
-0.00386026  0.00109488  3.06905
-0.00382156  0.00101303  3.27885
-0.00378144  0.000939072  3.49434
-0.00373848  0.000866258  3.73847
-0.00368703  0.00080054  3.9811
-0.00363129  0.000749908  4.17557
-0.00357561  0.000698124  4.40553
-0.00350112  0.000654212  4.58738
-0.00344777  0.000628754  4.68828
-0.00337346  0.000601915  4.77386
-0.00330518  0.000590428  4.7511
-0.00324489  0.000581445  4.72081
-0.00316575  0.000569385  4.68181
-0.00312328  0.000560333  4.68165
-0.0030703  0.000549685  4.67595
-0.00300697  0.000539546  4.64644
-0.00295103  0.000528521  4.63752
-0.00288948  0.000518112  4.61191
-0.00282573  0.000508057  4.5777
-0.00275488  0.000498362  4.52459
-0.0026884  0.000488402  4.48073
-0.00261603  0.000479373  4.41417
-0.00253946  0.000469892  4.34028
-0.00246133  0.00046088  4.25562
-0.00237928  0.000452394  4.15408
-0.00229802  0.000443598  4.05327
-0.00221745  0.0004341  3.95634
-0.00214243  0.000426089  3.85467
-0.00204616  0.000417323  3.70495
-0.00196431  0.000409859  3.57271
-0.00186264  0.000401762  3.39166
-0.00175735  0.000395306  3.18069
-0.0016618  0.00038693  3.0026
-0.00155446  0.000380729  2.76957
-0.00143859  0.00037495  2.50325
-0.00133659  0.000367593  2.27585
-0.00122179  0.00036177  1.99516
-0.00110166  0.000356239  1.68892
-0.000982895  0.000351062  1.37553
-0.000849759  0.000345484  1.01237
-0.000740732  0.000341872  0.704158
-0.000580338  0.000337662  0.237926
-0.000429121  0.000334625  -0.211817
-0.000300391  0.000332865  -0.59967
-7.94862e-05  0.000332383  -1.26515
