-0.003971  0.00164852  2.10552
-0.00395238  0.00152565  2.26289
-0.00393376  0.00141655  2.42404
-0.00391019  0.00130904  2.6051
-0.00388692  0.00119961  2.82335
-0.00385147  0.00110316  3.03807
-0.00381131  0.00102086  3.24366
-0.00376855  0.000943437  3.46452
-0.00372169  0.000865439  3.72261
-0.00367162  0.000805415  3.93786
-0.00361406  0.00073776  4.22097
-0.00355584  0.000686262  4.45288
-0.00348785  0.000650725  4.59157
-0.003423  0.00061337  4.76548
-0.00333953  0.000584126  4.86116
-0.00325248  0.000564484  4.87611
-0.00319711  0.00055376  4.87055
-0.00312708  0.000542956  4.83847
-0.00307428  0.00053176  4.84105
-0.00301703  0.000522951  4.81313
-0.00295262  0.000512726  4.78349
-0.00289799  0.00050389  4.75895
-0.00282016  0.00049302  4.70601
-0.00275632  0.000482995  4.67152
-0.00268359  0.000473351  4.61305
-0.00262281  0.000464823  4.56692
-0.00255487  0.000455289  4.51333
-0.00247807  0.000446133  4.43383
-0.00238486  0.000436394  4.31918
-0.00230284  0.0004269  4.22309
-0.00223125  0.000418813  4.1337
-0.002167  0.000411222  4.05377
-0.00207288  0.000402284  3.90987
-0.00198248  0.000393852  3.76407
-0.00190303  0.000387418  3.62151
-0.00178457  0.000376619  3.41078
-0.00169954  0.000370596  3.2368
-0.00161819  0.000364144  3.07073
-0.00148638  0.000357585  2.75845
-0.00141064  0.000352226  2.5854
-0.0012643  0.000343296  2.22636
-0.00120544  0.000339544  2.07761
-0.00108242  0.000333046  1.74876
-0.000921103  0.000328099  1.28346
-0.000774146  0.000322725  0.84947
-0.000654326  0.00031856  0.484451
-0.000549004  0.0003154  0.155371
-0.000354215  0.000311565  -0.467912
-0.000168858  0.000309391  -1.0703
1.81934e-05  0.000309099  -1.67647
