-0.010865  0.0047755  2.17045
-0.0107526  0.0045643  2.24626
-0.0106296  0.00434405  2.33182
-0.0105022  0.00412807  2.42297
-0.0103799  0.00393225  2.51254
-0.0102529  0.0037408  2.60717
-0.0101161  0.00354821  2.71013
-0.00997026  0.00335913  2.81926
-0.00982219  0.00317144  2.93942
-0.00964538  0.00298897  3.05971
-0.00951368  0.0028149  3.20213
-0.00934008  0.00262379  3.3692
-0.00915504  0.00244972  3.53307
-0.00900582  0.00230012  3.69799
-0.00881011  0.00216432  3.83959
-0.00864445  0.00200002  4.07219
-0.00835335  0.00184477  4.25709
-0.00812266  0.00170895  4.46045
-0.00794326  0.00159084  4.67882
-0.00774693  0.00150514  4.81478
-0.00753631  0.00140388  5.01205
-0.00723692  0.00129395  5.20649
-0.00697111  0.00121812  5.31236
-0.00667229  0.00116269  5.30862
-0.00632626  0.00106173  5.4875
-0.00619375  0.00104778  5.4341
-0.00612841  0.00104032  5.41026
-0.00588838  0.00103161  5.22328
-0.005837  0.00101461  5.26014
-0.00575164  0.000993285  5.28714
-0.00568804  0.000981255  5.28715
-0.00543193  0.000956543  5.156
-0.00540406  0.000951517  5.15394
-0.00521287  0.000944528  4.98965
-0.00520619  0.000912019  5.16019
-0.00520528  0.000911618  5.16146
-0.00500202  0.000888713  5.06577
-0.00499988  0.000888511  5.06452
-0.0046992  0.000866317  4.84719
-0.00458599  0.000847086  4.82358
-0.00458709  0.000846132  4.83032
-0.00439826  0.000816908  4.77198
-0.00439639  0.000816608  4.77143
-0.00424744  0.000791709  4.73336
-0.00411959  0.000780264  4.63893
-0.00398708  0.000770927  4.52323
-0.00384123  0.000763876  4.37405
-0.00367425  0.000753578  4.21225
-0.00348001  0.00074892  3.97907
-0.00331299  0.000737125  3.81616
