-0.010865  0.0047755  2.17045
-0.010779  0.00461535  2.22714
-0.0106885  0.00445427  2.28735
-0.0105982  0.00430027  2.34827
-0.0105081  0.00414182  2.41635
-0.0104078  0.0039857  2.48584
-0.010308  0.00383023  2.56069
-0.0102077  0.00368405  2.63506
-0.0101043  0.00353924  2.71368
-0.010004  0.00340527  2.79098
-0.00988179  0.00325415  2.88302
-0.00977068  0.00312363  2.96792
-0.00964844  0.00297424  3.07589
-0.009535  0.00284711  3.17339
-0.00942191  0.00271762  3.28298
-0.00929888  0.00258816  3.39967
-0.0091583  0.0024513  3.53213
-0.00902859  0.00232486  3.66844
-0.00889579  0.00220624  3.80547
-0.00875556  0.00208637  3.9569
-0.00859875  0.00195807  4.13609
-0.00845591  0.0018528  4.294
-0.0083062  0.0017485  4.46452
-0.00814764  0.00164325  4.65398
-0.00799047  0.00154335  4.85339
-0.00780973  0.00144523  5.05785
-0.00762796  0.00136188  5.2339
-0.00744641  0.00127556  5.44576
-0.00726446  0.00120956  5.59251
-0.0070477  0.00113737  5.75687
-0.00684396  0.00107238  5.91576
-0.00663253  0.00101487  6.0427
-0.0063898  0.000958635  6.14395
-0.0061559  0.00090454  6.25278
-0.00596017  0.000865685  6.30734
-0.00571958  0.000823847  6.33561
-0.00555558  0.000800224  6.31771
-0.00542406  0.000783163  6.28741
-0.00527956  0.000765739  6.24177
-0.00516691  0.000753024  6.19756
-0.00498042  0.000734011  6.10402
-0.00483795  0.000723342  5.9971
-0.00463473  0.000709341  5.82897
-0.00448474  0.000698467  5.70498
-0.00425213  0.000686068  5.46903
-0.00406675  0.000674953  5.28445
-0.00379861  0.000664487  4.96414
-0.00357128  0.000657128  4.6738
-0.00326315  0.000650307  4.24899
-0.00290391  0.000646746  3.71694
