-0.010865  0.0047755  2.17045
-0.0107787  0.00461559  2.22694
-0.0106911  0.00445532  2.28739
-0.0106016  0.00429762  2.35052
-0.0105086  0.00414219  2.41627
-0.0104116  0.00398431  2.48767
-0.0103071  0.00382452  2.56426
-0.0102165  0.00369261  2.63134
-0.0101076  0.00353876  2.71496
-0.0100037  0.00340185  2.79369
-0.0098824  0.00325508  2.88238
-0.00978404  0.00313041  2.96576
-0.00965041  0.00296987  3.08108
-0.00953344  0.00284242  3.17808
-0.00943142  0.00272528  3.27724
-0.0092889  0.00257495  3.41323
-0.00914627  0.00244564  3.53538
-0.00901341  0.0023069  3.69041
-0.00889544  0.00220007  3.81599
-0.00875841  0.0020837  3.96335
-0.0086118  0.00196482  4.12852
-0.00845486  0.00184677  4.30744
-0.00831322  0.00174997  4.46478
-0.00815134  0.00164464  4.65228
-0.00796762  0.00153106  4.87742
-0.00782654  0.00145545  5.03386
-0.00761591  0.00135407  5.25521
-0.00741777  0.00127224  5.43748
-0.00730607  0.0012149  5.60216
-0.00705299  0.00113208  5.78848
-0.00682873  0.00107008  5.91423
-0.00658858  0.00100118  6.0814
-0.00637017  0.000952595  6.16229
-0.00612417  0.00089425  6.28926
-0.00592254  0.000856171  6.33348
-0.00565946  0.000812534  6.34985
-0.00553386  0.000797757  6.31002
-0.00539387  0.000778164  6.28899
-0.00527458  0.000762745  6.25974
-0.00513326  0.00074848  6.19022
-0.00494464  0.000733312  6.06105
-0.00480494  0.000719148  5.98616
-0.00461627  0.000705306  5.83614
-0.00445443  0.000695975  5.68186
-0.00417115  0.000683883  5.3681
-0.0040281  0.000671861  5.25124
-0.00372784  0.000663622  4.86398
-0.0034494  0.000653035  4.51645
-0.00315616  0.000646325  4.10963
-0.00281994  0.000643081  3.60754
