-0.003971  0.00164852  2.10552
-0.00395386  0.00153187  2.25467
-0.00393733  0.00141806  2.42396
-0.00391739  0.00130685  2.61497
-0.00389483  0.00120838  2.8094
-0.00386327  0.00111063  3.02825
-0.00382614  0.00102861  3.23364
-0.00378336  0.000949949  3.45635
-0.00373779  0.000877504  3.68977
-0.00369131  0.000805324  3.96277
-0.00363808  0.000744769  4.2135
-0.00357903  0.000694788  4.43161
-0.00351409  0.000649062  4.64376
-0.00342693  0.000620145  4.71975
-0.00334709  0.000596487  4.77309
-0.00326458  0.000578111  4.7821
-0.00317506  0.000558439  4.79025
-0.00311314  0.000546094  4.78515
-0.00305595  0.000533841  4.78785
-0.00299004  0.000523909  4.7528
-0.00292604  0.000515053  4.71028
-0.00286641  0.000503632  4.69868
-0.00279898  0.000495332  4.6413
-0.00273081  0.000485599  4.59393
-0.0026677  0.000475406  4.55967
-0.00259899  0.000465409  4.50999
-0.00252835  0.000457299  4.4355
-0.002462  0.000448595  4.37366
-0.00237815  0.000437998  4.28802
-0.00230037  0.000429579  4.19102
-0.00222501  0.000421253  4.09495
-0.00214859  0.000413879  3.98328
-0.00206973  0.000404829  3.87751
-0.00196694  0.000395214  3.71176
-0.00188606  0.000388452  3.56817
-0.0018076  0.000381099  3.43112
-0.00170337  0.000373985  3.2177
-0.00160819  0.000366279  3.02552
-0.00149139  0.000359324  2.75904
-0.00138018  0.000353152  2.49235
-0.00131049  0.000346243  2.34082
-0.0011814  0.000339493  2.00711
-0.00107082  0.000334366  1.70716
-0.000958725  0.000329614  1.39171
-0.000793865  0.00032247  0.911294
-0.000717039  0.000319665  0.678958
-0.000527697  0.000315487  0.08779
-0.000367782  0.000312863  -0.422607
-0.000278871  0.000310205  -0.712849
-4.08535e-05  0.000309518  -1.48343
