-0.00353225  0.000683941  4.4335
-0.00334088  0.00059925  4.74072
-0.00327487  0.00059128  4.69299
-0.00323995  0.000583578  4.6951
-0.003186  0.00057655  4.65874
-0.00315423  0.000568185  4.67142
-0.00311377  0.000560457  4.66363
-0.00308392  0.000552103  4.68014
-0.00304004  0.000544062  4.66866
-0.0029977  0.000536445  4.65602
-0.00295284  0.000529199  4.63502
-0.00291096  0.000521593  4.62231
-0.00286561  0.00051425  4.60013
-0.00281795  0.000506869  4.57308
-0.0027666  0.000499797  4.53504
-0.00272163  0.000492773  4.50842
-0.00266947  0.000486188  4.46221
-0.00261452  0.000479355  4.41119
-0.00255789  0.000472151  4.35855
-0.00250146  0.000466371  4.29157
-0.00243231  0.000460733  4.19398
-0.00238991  0.000453298  4.16923
-0.00233221  0.000446917  4.09967
-0.0022746  0.000440578  4.02789
-0.00221657  0.000433996  3.95527
-0.00215817  0.000427945  3.87473
-0.00209718  0.000421821  3.7864
-0.00202761  0.000415489  3.67667
-0.00196184  0.000410578  3.56044
-0.00189941  0.000404495  3.45965
-0.00181875  0.000400044  3.2965
-0.00175945  0.00039359  3.19992
-0.00168722  0.000388631  3.05488
-0.00160971  0.00038365  2.89251
-0.00153132  0.000379103  2.72043
-0.00145092  0.00037479  2.5372
-0.00137607  0.000369589  2.37038
-0.00127938  0.000366426  2.12698
-0.00121184  0.000361378  1.96981
-0.001119  0.000357267  1.73259
-0.00104083  0.000353304  1.53079
-0.000946316  0.000349197  1.27812
-0.000860612  0.000346305  1.04132
-0.000752479  0.000342499  0.737167
-0.000659435  0.000339492  0.469629
-0.00055327  0.000336915  0.158112
-0.000442885  0.000334834  -0.170576
-0.000344039  0.000333512  -0.467633
-0.000203261  0.000332683  -0.891957
-6.0097e-05  0.00033242  -1.32334
