-0.00363176  0.00073564  4.25718
-0.00353743  0.000664584  4.57043
-0.00353743  0.000664584  4.57043
-0.00353743  0.000664584  4.57043
-0.00353743  0.000664584  4.57043
-0.00353743  0.000664584  4.57043
-0.00353743  0.000664584  4.57043
-0.00353743  0.000664584  4.57043
-0.00353743  0.000664584  4.57043
-0.00353743  0.000664584  4.57043
-0.00353743  0.000664584  4.57043
-0.00353585  0.000663506  4.57548
-0.00353249  0.00066194  4.58121
-0.00353249  0.00066194  4.58121
-0.00353249  0.00066194  4.58121
-0.00345268  0.000658105  4.48664
-0.00345268  0.000658105  4.48664
-0.00345268  0.000658105  4.48664
-0.00345268  0.000658105  4.48664
-0.00338677  0.000627612  4.59961
-0.00338677  0.000627612  4.59961
-0.00338677  0.000627612  4.59961
-0.00338561  0.000609427  4.73496
-0.00338545  0.000609375  4.7351
-0.00336694  0.000605054  4.73831
-0.00327645  0.000590852  4.69905
-0.00320808  0.000576263  4.69938
-0.00311318  0.000558417  4.67963
-0.00303549  0.000545288  4.64983
-0.00292996  0.000526559  4.61479
-0.00286286  0.000513729  4.59942
-0.00277592  0.000501065  4.54216
-0.0027288  0.000495394  4.49904
-0.00251688  0.000482153  4.18308
-0.0024377  0.000459104  4.22061
-0.0023635  0.000452396  4.11918
-0.00223771  0.000437689  3.97021
-0.00214547  0.000426514  3.85795
-0.00194906  0.000413811  3.50174
-0.00184145  0.000400935  3.3458
-0.00173094  0.000393472  3.1284
-0.00173022  0.000391934  3.13886
-0.00138229  0.000376961  2.34053
-0.00128153  0.000369306  2.11621
-0.00112329  0.000359305  1.73471
-0.000936187  0.000348773  1.25063
-0.000806338  0.000344881  0.888243
-0.000745105  0.000342197  0.716267
-0.000393711  0.000334208  -0.318031
-0.000143264  0.000332453  -1.07304
