-0.003971  0.00164852  2.10552
-0.00394071  0.00143753  2.39349
-0.00393498  0.00140268  2.44887
-0.00389973  0.00122348  2.77875
-0.00387326  0.00113664  2.96774
-0.00380186  0.00104034  3.17383
-0.0037762  0.000928045  3.53021
-0.00371344  0.000838542  3.83217
-0.00365068  0.00076897  4.09727
-0.00355627  0.000690389  4.42688
-0.00352168  0.000664192  4.54941
-0.00335995  0.000615425  4.64711
-0.00325754  0.000580998  4.74621
-0.00314011  0.000552015  4.78267
-0.00300565  0.000523588  4.78554
-0.00292891  0.000514089  4.72469
-0.00286552  0.000509678  4.64121
-0.00281638  0.000501615  4.61784
-0.00276755  0.000494481  4.58572
-0.00272804  0.000485554  4.58866
-0.00266627  0.000479842  4.51455
-0.00258889  0.000470616  4.43864
-0.00255083  0.000463351  4.42608
-0.00245594  0.000457065  4.27934
-0.00242902  0.000450059  4.28616
-0.00231223  0.000446677  4.05715
-0.00226065  0.000435142  4.04614
-0.00223781  0.000429207  4.04888
-0.00214257  0.000423353  3.8799
-0.00206166  0.000416127  3.75285
-0.0019861  0.000407565  3.64628
-0.00194026  0.00040225  3.58051
-0.00182742  0.000390252  3.40144
-0.00176004  0.000385049  3.27241
-0.00171826  0.000383326  3.17814
-0.0016313  0.000374938  3.01729
-0.00155851  0.000370043  2.86051
-0.00155025  0.000365911  2.87023
-0.00139585  0.0003605  2.48503
-0.00135384  0.000355087  2.4046
-0.00122518  0.000348136  2.08303
-0.00114513  0.000345023  1.86981
-0.000905276  0.00033245  1.21906
-0.000905276  0.00033245  1.21906
-0.000799349  0.000328198  0.912098
-0.000687505  0.000325833  0.575462
-0.000568317  0.000321658  0.212389
-0.000434732  0.000318501  -0.204922
-0.000173884  0.000317739  -1.02636
-6.17824e-06  0.000317482  -1.55543
