-0.003971  0.00164852  2.10552
-0.00395447  0.00152781  2.26105
-0.00393545  0.00140549  2.44431
-0.00391418  0.00128956  2.64754
-0.0038872  0.00118509  2.85817
-0.00385242  0.00108473  3.09057
-0.00381033  0.00100688  3.28773
-0.00376435  0.000920813  3.54508
-0.00371344  0.000847471  3.79181
-0.00365303  0.000766908  4.11135
-0.00359284  0.000723255  4.27628
-0.00352397  0.000674439  4.48368
-0.00346281  0.000633437  4.67736
-0.00338246  0.00060183  4.78949
-0.00327929  0.000581643  4.77835
-0.00319136  0.000553796  4.85984
-0.00312626  0.000542844  4.83797
-0.00306319  0.000531688  4.82085
-0.0030212  0.000524717  4.80488
-0.00295896  0.000514367  4.78056
-0.00289718  0.000504634  4.75034
-0.00283688  0.000496255  4.70903
-0.00274136  0.000482296  4.64728
-0.00271064  0.000476607  4.63828
-0.00263654  0.000467772  4.56749
-0.00256799  0.000457911  4.51614
-0.00249175  0.000449226  4.43373
-0.00241597  0.00043917  4.36271
-0.00234938  0.00043223  4.2787
-0.002278  0.000422151  4.21177
-0.00219781  0.000414641  4.09466
-0.00210568  0.000405083  3.96382
-0.00205636  0.000399669  3.89412
-0.00194291  0.000390826  3.69195
-0.00187035  0.000384315  3.56569
-0.00177479  0.000375701  3.3931
-0.00172398  0.000371736  3.2926
-0.00156645  0.000361503  2.95005
-0.00147445  0.000354638  2.74774
-0.00138728  0.000349939  2.53553
-0.00127819  0.000343777  2.26365
-0.00118004  0.000337716  2.01365
-0.00106173  0.000332801  1.68788
-0.000944696  0.000327787  1.35666
-0.000859888  0.000324722  1.1083
-0.000670582  0.000317598  0.537102
-0.000560368  0.000316397  0.190798
-0.000408331  0.000312672  -0.29318
-0.000253272  0.00030962  -0.796873
-8.89848e-05  0.000308531  -1.33217
