-0.003971  0.00164852  2.10552
-0.00395353  0.00152966  2.25771
-0.00393441  0.00141361  2.42954
-0.00391002  0.00130099  2.62111
-0.00388127  0.00119813  2.82214
-0.00384826  0.00109071  3.06979
-0.00381082  0.00101133  3.27373
-0.00376699  0.00093438  3.49642
-0.00371343  0.000852544  3.76922
-0.00366231  0.00078229  4.04237
-0.00361165  0.000732089  4.25037
-0.00353822  0.000681857  4.45581
-0.00346613  0.000635124  4.67015
-0.00339617  0.000606497  4.77525
-0.00330802  0.000581822  4.82625
-0.0032231  0.000561846  4.8467
-0.00315662  0.000548808  4.84072
-0.00310372  0.000540127  4.82056
-0.00304893  0.000529268  4.81596
-0.00297835  0.000520172  4.76447
-0.00291501  0.000509266  4.74213
-0.00284922  0.000497782  4.71937
-0.00280286  0.000490466  4.69525
-0.0027363  0.000480917  4.65008
-0.00266892  0.000471194  4.60302
-0.00257446  0.000458873  4.52077
-0.00251363  0.000452434  4.45065
-0.00245115  0.000443357  4.40086
-0.00237678  0.000434978  4.31466
-0.00229336  0.000425919  4.21057
-0.00221209  0.000417327  4.10252
-0.00213844  0.000409712  3.999
-0.00205055  0.000401458  3.8623
-0.00196657  0.00039513  3.71162
-0.0018534  0.000382872  3.53487
-0.00176488  0.000377714  3.34878
-0.00168384  0.000371265  3.18866
-0.00159681  0.000364422  3.00973
-0.00149397  0.000358066  2.77595
-0.00135364  0.000350876  2.43288
-0.00127427  0.000345515  2.24092
-0.00115538  0.000338798  1.93444
-0.001037  0.000332809  1.61354
-0.000930568  0.000328682  1.30998
-0.000801202  0.00032426  0.928889
-0.000647581  0.000318879  0.462813
-0.000534681  0.000316038  0.109737
-0.000386395  0.000312565  -0.36346
-0.000173959  0.000309989  -1.05178
-2.86866e-07  0.000309324  -1.6155
