-0.003971  0.00164852  2.10552
-0.00395484  0.00153443  2.25155
-0.00393494  0.00142302  2.41384
-0.00391333  0.00132702  2.57218
-0.00389269  0.00123544  2.74613
-0.00386593  0.00113964  2.9535
-0.00382958  0.00106044  3.1398
-0.00379356  0.000988327  3.33246
-0.00375456  0.000915958  3.55318
-0.00371164  0.000861312  3.72877
-0.00366239  0.000798286  3.96147
-0.00361087  0.000738589  4.21191
-0.00355828  0.000693691  4.40871
-0.0035015  0.00065056  4.61371
-0.003439  0.000622181  4.72371
-0.00336056  0.000592352  4.82916
-0.00329106  0.000571495  4.88379
-0.00322816  0.000560281  4.86927
-0.00317108  0.000548184  4.87259
-0.00311323  0.000538083  4.85655
-0.0030492  0.000526535  4.84146
-0.00298601  0.00051596  4.81821
-0.00291973  0.0005058  4.78395
-0.00285337  0.000495372  4.75071
-0.00278647  0.000484802  4.71629
-0.00270386  0.000473552  4.65389
-0.00263519  0.0004635  4.60668
-0.00255158  0.00045398  4.5191
-0.00249403  0.000445304  4.47791
-0.00240499  0.000435521  4.37404
-0.00231276  0.000426858  4.24675
-0.00224255  0.000417081  4.17797
-0.00215261  0.000408312  4.04742
-0.00205355  0.000399353  3.89016
-0.00195475  0.000391771  3.71326
-0.00185931  0.000383832  3.54142
-0.00175941  0.000375382  3.35501
-0.00167914  0.000368148  3.20288
-0.00155449  0.000359908  2.92989
-0.00147129  0.000353913  2.74442
-0.00132234  0.000345927  2.37722
-0.0012174  0.000339397  2.11376
-0.00111079  0.000334286  1.82714
-0.000973572  0.000328372  1.44218
-0.000834436  0.000323073  1.03517
-0.000706949  0.000318227  0.650321
-0.00056251  0.000313773  0.19922
-0.00038735  0.000310328  -0.363004
-0.000237677  0.000308367  -0.850686
-4.20483e-05  0.000307491  -1.48932
