-0.003971  0.00164852  2.10552
-0.00395522  0.00153303  2.25385
-0.00393786  0.00141999  2.42105
-0.00391839  0.00131832  2.59298
-0.00389434  0.0012027  2.82227
-0.00386766  0.001114  3.02304
-0.00382605  0.00103865  3.20227
-0.00378827  0.000962779  3.41539
-0.003742  0.000884589  3.66498
-0.00369502  0.000824684  3.87424
-0.00363762  0.000767134  4.09006
-0.00358102  0.000714385  4.31283
-0.00351645  0.000673727  4.47725
-0.00349071  0.000654896  4.5667
-0.00338904  0.000604548  4.77884
-0.00330864  0.000584071  4.80874
-0.0032344  0.000563161  4.85546
-0.00316516  0.000551828  4.8297
-0.00310273  0.000539889  4.82087
-0.00303917  0.000530186  4.78919
-0.00297999  0.000517932  4.78824
-0.00292296  0.000509666  4.75402
-0.00284501  0.000498987  4.69954
-0.00280111  0.000490623  4.69017
-0.00271399  0.000480101  4.61151
-0.00264089  0.000468475  4.56991
-0.00257787  0.00046181  4.49941
-0.00249893  0.000449795  4.44408
-0.00243969  0.000443921  4.36945
-0.00234147  0.000431266  4.26992
-0.0022752  0.000425594  4.17112
-0.00220776  0.000416948  4.09586
-0.00209919  0.000405729  3.94153
-0.00202372  0.000399367  3.81533
-0.00192928  0.00039238  3.64258
-0.00181403  0.000383459  3.42678
-0.00173852  0.000376764  3.28725
-0.00161889  0.000368653  3.03508
-0.00155048  0.000362568  2.89732
-0.00142449  0.000354745  2.60606
-0.00130764  0.000348584  2.31692
-0.00118506  0.000342043  2.00286
-0.00108278  0.000335502  1.73703
-0.00095557  0.0003311  1.37593
-0.000836699  0.000325707  1.03375
-0.000691814  0.000320822  0.597884
-0.00054936  0.000317711  0.155362
-0.000418708  0.000313962  -0.258922
-0.000250953  0.000311264  -0.800115
-7.33185e-05  0.000309904  -1.37682
