-0.003971  0.00164852  2.10552
-0.00395373  0.00152273  2.26812
-0.00393549  0.00140572  2.44394
-0.0039128  0.00128493  2.65603
-0.00388367  0.00117174  2.88772
-0.00385624  0.00108607  3.09027
-0.00380471  0.000989386  3.34016
-0.00376291  0.000925028  3.52737
-0.00371011  0.000853883  3.75942
-0.00365813  0.00078356  4.0305
-0.00359539  0.00072602  4.2635
-0.00352481  0.000671113  4.50715
-0.00346887  0.000643346  4.61474
-0.00341441  0.000609254  4.78358
-0.00329436  0.000577016  4.84277
-0.00323702  0.000559713  4.89004
-0.00313425  0.000545205  4.83167
-0.00308905  0.000535138  4.83809
-0.00302184  0.000525026  4.80327
-0.00300416  0.000522502  4.79263
-0.00289521  0.000505523  4.73808
-0.00282679  0.000495068  4.69993
-0.00277193  0.000487822  4.65728
-0.00270136  0.000478617  4.59941
-0.0026302  0.000468143  4.55032
-0.00257085  0.000460475  4.4972
-0.00248686  0.000450566  4.40971
-0.00241527  0.000441994  4.33325
-0.00233488  0.000432348  4.244
-0.00226127  0.00042445  4.14954
-0.00218888  0.000418038  4.04001
-0.00210854  0.0004088  3.9348
-0.00202608  0.000401082  3.80492
-0.00193067  0.00039225  3.64734
-0.00186076  0.000384105  3.54269
-0.0017795  0.000377447  3.38989
-0.00169013  0.000372539  3.19464
-0.00160031  0.000363734  3.02504
-0.00148049  0.000357257  2.74449
-0.00140945  0.00035151  2.58727
-0.0012839  0.000344579  2.27494
-0.00118859  0.000339657  2.02731
-0.00105195  0.000339006  1.62814
-0.000929904  0.000333159  1.29039
-0.000814073  0.000324109  0.969033
-0.000679967  0.000319801  0.562748
-0.000533563  0.000316906  0.105909
-0.00047845  0.000315454  -0.0683147
-0.000278696  0.000313445  -0.706038
-0.000129956  0.000312192  -1.18531
