-0.003971  0.00164852  2.10552
-0.00396033  0.00156906  2.20535
-0.00394978  0.00149601  2.30599
-0.00393823  0.00142226  2.41744
-0.00392872  0.00136642  2.50927
-0.00391677  0.00130252  2.62321
-0.00390178  0.00123221  2.76072
-0.00388658  0.00117218  2.88914
-0.00386845  0.00111532  3.02017
-0.00384607  0.00106505  3.1417
-0.00381717  0.00102608  3.23286
-0.00378845  0.000979387  3.35766
-0.00376712  0.000928708  3.51792
-0.00373283  0.000901229  3.58714
-0.0037153  0.000836238  3.84496
-0.00367898  0.000817677  3.88782
-0.0036534  0.000758543  4.15718
-0.00362446  0.000731791  4.2696
-0.00358678  0.000709019  4.35359
-0.00355406  0.000694587  4.39695
-0.00350387  0.000680789  4.41234
-0.00346711  0.000639276  4.64135
-0.00344939  0.000624916  4.71966
-0.00344939  0.000624916  4.71966
-0.00333475  0.000596981  4.74848
-0.00323875  0.000583261  4.69558
-0.00314047  0.000564184  4.68015
-0.0030693  0.000554189  4.63615
-0.00301139  0.000539758  4.65281
-0.00292501  0.000523955  4.62827
-0.00282523  0.000508462  4.57308
-0.00270401  0.000492107  4.47872
-0.00262483  0.000480269  4.42425
-0.00255482  0.000471999  4.35345
-0.00243074  0.000458933  4.20702
-0.0023024  0.000444627  4.05373
-0.00219135  0.000431216  3.92228
-0.00207508  0.000422727  3.72599
-0.00196437  0.000411366  3.55978
-0.00184253  0.000400226  3.35443
-0.00170518  0.000389949  3.09061
-0.00160173  0.000387242  2.84506
-0.0013933  0.0003705  2.41107
-0.00133085  0.000368061  2.25738
-0.00110485  0.00035675  1.69544
-0.00102869  0.000352859  1.49829
-0.000743568  0.000341959  0.712273
-0.000573653  0.000337369  0.218317
-0.000526341  0.000336353  0.0783129
-0.000165024  0.000332463  -1.00756
