-0.003971  0.00164852  2.10552
-0.00395353  0.00152966  2.25771
-0.00393441  0.00141361  2.42954
-0.00391181  0.00129875  2.62699
-0.00388456  0.0011953  2.83157
-0.00385061  0.00109777  3.05218
-0.00381036  0.00101034  3.27646
-0.00376886  0.000928882  3.51913
-0.00371559  0.000854215  3.76438
-0.00366761  0.000782745  4.0468
-0.00360621  0.000729236  4.25954
-0.00354177  0.000675752  4.50131
-0.0034697  0.000635625  4.67209
-0.00339562  0.000603934  4.7946
-0.00330635  0.000580357  4.83556
-0.00322085  0.000560712  4.8525
-0.00316643  0.000549768  4.85011
-0.00310789  0.000538707  4.84101
-0.00304821  0.000528664  4.8201
-0.0029898  0.000519279  4.79472
-0.00292511  0.00050904  4.76409
-0.00286311  0.000499801  4.7281
-0.00280098  0.000489247  4.7031
-0.00274031  0.00048057  4.66178
-0.00266306  0.000470432  4.59802
-0.00260358  0.000461617  4.55698
-0.0025287  0.000451467  4.49357
-0.00245962  0.000443242  4.4211
-0.00238299  0.000434192  4.33677
-0.00230268  0.000425236  4.23925
-0.00221998  0.000416595  4.12866
-0.00214419  0.000408778  4.02221
-0.0020561  0.000399874  3.89147
-0.00197019  0.000391869  3.75173
-0.00189028  0.000385351  3.60783
-0.00179806  0.000376673  3.44612
-0.00170191  0.000370596  3.24317
-0.0016022  0.000363413  3.0329
-0.00149798  0.000356783  2.79718
-0.00138515  0.000349876  2.5299
-0.00128355  0.000344355  2.27542
-0.00116514  0.000338974  1.96221
-0.00105378  0.000334469  1.65569
-0.000969102  0.000328863  1.42644
-0.000839552  0.000323987  1.04804
-0.000679388  0.000318305  0.563573
-0.000554613  0.000315599  0.173045
-0.000421903  0.000312174  -0.25017
-0.000221906  0.000309662  -0.898058
-6.59156e-05  0.00030838  -1.40763
