-0.003971  0.00164852  2.10552
-0.00395165  0.00150856  2.28804
-0.00393377  0.00139548  2.46063
-0.00391123  0.00127524  2.67497
-0.00388444  0.0011646  2.90608
-0.00384807  0.00107058  3.12735
-0.00380722  0.000984573  3.35904
-0.00376189  0.000906932  3.59662
-0.0037134  0.000835077  3.84803
-0.00365776  0.000775959  4.06949
-0.00359831  0.000723879  4.28014
-0.00354257  0.000672267  4.52584
-0.0035043  0.000646023  4.65045
-0.00339912  0.000605749  4.78601
-0.00333318  0.000596059  4.75318
-0.00327355  0.000585823  4.73445
-0.00322865  0.00057426  4.75159
-0.00317216  0.000563861  4.73904
-0.00310065  0.000554711  4.6883
-0.00304457  0.000541084  4.70273
-0.00300034  0.000532709  4.69364
-0.00294034  0.000522412  4.6713
-0.00287379  0.000512282  4.63375
-0.00280917  0.000502776  4.59284
-0.00274282  0.000492984  4.54948
-0.00267276  0.000483837  4.49068
-0.00259086  0.000475616  4.3961
-0.00252438  0.000466084  4.34338
-0.00245048  0.000456942  4.26855
-0.00236938  0.000448321  4.16974
-0.00229125  0.000440032  4.07072
-0.00221197  0.000431352  3.96884
-0.00212327  0.000423631  3.8318
-0.00203572  0.00041588  3.6927
-0.00194066  0.000408558  3.5262
-0.00185305  0.000400596  3.37759
-0.00175936  0.000393374  3.20142
-0.00166012  0.000386374  3.00258
-0.00156246  0.000379529  2.79942
-0.00145399  0.000373357  2.55517
-0.00135095  0.000366832  2.31973
-0.00124237  0.000360872  2.05715
-0.00112642  0.000355306  1.76305
-0.00101301  0.000349723  1.46691
-0.0009054  0.000345529  1.17327
-0.000770231  0.000341113  0.792204
-0.000628248  0.000336399  0.381237
-0.000499442  0.000333644  -0.00167375
-0.00033003  0.000331799  -0.512267
-0.000154505  0.000330711  -1.0447
