-0.00391125  0.00161292  2.11496
-0.00388725  0.00147173  2.30155
-0.00386546  0.00128851  2.6119
-0.00383752  0.00117231  2.84697
-0.00378688  0.001077  3.05189
-0.00374576  0.000964311  3.36589
-0.00368043  0.000858021  3.70671
-0.0036192  0.000792791  3.93445
-0.00355398  0.000714359  4.27513
-0.00347951  0.000656736  4.53684
-0.00340889  0.000612753  4.74725
-0.00330128  0.000580479  4.82581
-0.00323773  0.000565025  4.84533
-0.00319486  0.000555183  4.85401
-0.00314161  0.00054499  4.84708
-0.0030869  0.000534869  4.83652
-0.00303767  0.0005258  4.82631
-0.00297239  0.00051482  4.80242
-0.00292924  0.000507761  4.78422
-0.00286135  0.000498062  4.74109
-0.00280127  0.000488599  4.70994
-0.0027366  0.000479444  4.66497
-0.0026735  0.000471113  4.61355
-0.00260835  0.000462518  4.55842
-0.00254016  0.00045397  4.49404
-0.00247538  0.000445133  4.43772
-0.00240397  0.00043723  4.35461
-0.00233436  0.000429001  4.27589
-0.00226087  0.000420504  4.18753
-0.00219132  0.000413235  4.09289
-0.00211106  0.000405562  3.97242
-0.00202878  0.00039788  3.84231
-0.0019425  0.000390074  3.69801
-0.00186079  0.000382719  3.55558
-0.00177707  0.00037638  3.39305
-0.00167944  0.000370079  3.187
-0.001589  0.000363623  2.99485
-0.00149755  0.000357233  2.79242
-0.0014139  0.000350858  2.60476
-0.00130578  0.00034489  2.33632
-0.0012216  0.000340357  2.12013
-0.00107825  0.000334771  1.7273
-0.000993243  0.000329674  1.49616
-0.000868728  0.000324986  1.1346
-0.000748936  0.000320568  0.776548
-0.000626448  0.000317581  0.398161
-0.000528223  0.000313552  0.0900102
-0.000377597  0.000311462  -0.392997
-0.000212902  0.00030911  -0.92879
-3.91375e-05  0.000308167  -1.49549
