-0.003971  0.00164852  2.10552
-0.00395086  0.00150325  2.2956
-0.00393566  0.00140673  2.44231
-0.00391384  0.0012879  2.6507
-0.00388741  0.00117948  2.87196
-0.00385571  0.00108496  3.09294
-0.00381783  0.00100523  3.30058
-0.00377481  0.000925467  3.53855
-0.00372543  0.000856622  3.76528
-0.00368146  0.000790837  4.0229
-0.00362015  0.000724398  4.30723
-0.00355705  0.000676026  4.52208
-0.0034925  0.00064132  4.66616
-0.00347303  0.00063304  4.69643
-0.00333714  0.00060294  4.7055
-0.00326005  0.000588258  4.69191
-0.00321359  0.000577866  4.69587
-0.00315671  0.000567352  4.68265
-0.00310048  0.000556435  4.67346
-0.00304786  0.000545451  4.67111
-0.00298894  0.000535049  4.65179
-0.00292934  0.00052487  4.62847
-0.00286596  0.000514026  4.6028
-0.00280075  0.000504508  4.56039
-0.00272891  0.000495547  4.49788
-0.00266191  0.000485229  4.45545
-0.00258542  0.000475499  4.38576
-0.00250143  0.000466135  4.29367
-0.00242832  0.000457607  4.21392
-0.0023517  0.000449109  4.12307
-0.00227059  0.000440629  4.01833
-0.00218878  0.000431271  3.91582
-0.00210929  0.000423086  3.8037
-0.00200751  0.000414514  3.63682
-0.00193105  0.000407325  3.51328
-0.00183272  0.00040007  3.33122
-0.00173238  0.000393544  3.1315
-0.00161708  0.000387572  2.88227
-0.00152951  0.000378775  2.71799
-0.00142522  0.000372315  2.48503
-0.00133295  0.000368626  2.25961
-0.00118649  0.000362965  1.89134
-0.0010606  0.000355221  1.57816
-0.000948251  0.000349288  1.28333
-0.000820537  0.000344459  0.930553
-0.000691915  0.000340451  0.563709
-0.000544407  0.000336715  0.131884
-0.000438306  0.000335198  -0.184053
-0.000303196  0.00033312  -0.590791
-2.20191e-05  0.00033249  -1.43758
