-0.003971  0.00164852  2.10552
-0.0039523  0.00151429  2.27981
-0.00393651  0.00142827  2.40607
-0.00391461  0.00132032  2.58621
-0.00389138  0.00121957  2.7808
-0.00386437  0.00112283  2.99633
-0.00382886  0.00104074  3.19856
-0.0037846  0.000954731  3.44034
-0.00375094  0.000894977  3.63243
-0.00369084  0.000819674  3.89282
-0.00365265  0.00076832  4.1033
-0.00357644  0.000714051  4.30844
-0.00352806  0.000679267  4.45783
-0.00346068  0.000655202  4.51873
-0.00338194  0.000614188  4.69227
-0.00329963  0.000583299  4.79965
-0.00321914  0.000562321  4.83557
-0.00315932  0.000550281  4.83266
-0.00311091  0.000540276  4.83255
-0.00303828  0.000529981  4.78938
-0.00298722  0.000520737  4.77635
-0.00291202  0.000510043  4.72905
-0.00284414  0.000499854  4.68964
-0.00276594  0.000489802  4.62625
-0.00269603  0.000481901  4.55702
-0.00263432  0.000470636  4.53496
-0.00255399  0.000462321  4.44277
-0.00249403  0.000453515  4.39684
-0.00243813  0.000444704  4.35824
-0.00232736  0.000434653  4.20418
-0.0022483  0.000425149  4.1122
-0.00216905  0.000416875  4.00373
-0.00207023  0.000410499  3.82518
-0.00200049  0.000401351  3.7386
-0.00190292  0.000393609  3.56425
-0.00182026  0.000384949  3.4297
-0.00170743  0.000377061  3.20222
-0.00161708  0.000371213  3.00927
-0.00151724  0.000363984  2.79474
-0.00141743  0.00035797  2.56287
-0.0012981  0.000350329  2.27814
-0.00125456  0.000345051  2.1868
-0.0011002  0.00033754  1.77816
-0.000957851  0.000331326  1.38187
-0.000836408  0.000326504  1.03033
-0.000759876  0.000322717  0.805275
-0.000631514  0.000319428  0.411718
-0.000499637  0.000316037  -0.00114816
-0.000321789  0.000313527  -0.568406
-7.19966e-05  0.000312162  -1.3711
