-0.010865  0.0047755  2.17045
-0.0107796  0.00461486  2.2275
-0.0106923  0.00445543  2.28761
-0.0106027  0.00429829  2.3504
-0.0105106  0.00414289  2.41634
-0.0104157  0.00398933  2.48555
-0.0103177  0.00383816  2.55792
-0.0102166  0.00368921  2.6338
-0.0101125  0.00354404  2.71231
-0.0100035  0.0034028  2.79285
-0.00989277  0.00325986  2.88134
-0.00977872  0.0031193  2.97461
-0.00966315  0.00298203  3.07279
-0.00954505  0.00284862  3.17524
-0.00942361  0.00271283  3.28941
-0.00930093  0.00258331  3.40684
-0.00917386  0.00245513  3.53295
-0.00904233  0.0023294  3.66718
-0.00890927  0.00220832  3.80799
-0.008768  0.00208648  3.96266
-0.00862467  0.00196953  4.12517
-0.00847783  0.00185917  4.29108
-0.00832302  0.00175097  4.46781
-0.00816172  0.00164699  4.65196
-0.00799847  0.00154745  4.84568
-0.00782856  0.00145289  5.04414
-0.00764962  0.00136107  5.25294
-0.00746885  0.00127824  5.45189
-0.00727183  0.00120028  5.64189
-0.00706785  0.00113127  5.80575
-0.00685267  0.00106976  5.93841
-0.00663464  0.001012  6.06187
-0.00640759  0.000957068  6.17259
-0.00617983  0.000906715  6.26418
-0.00594504  0.0008611  6.32336
-0.00570352  0.000819504  6.3496
-0.00558305  0.000801267  6.34376
-0.00545764  0.000784241  6.32158
-0.00531822  0.000766791  6.28361
-0.00517363  0.000750639  6.2262
-0.00500826  0.000734491  6.13794
-0.00484041  0.000719746  6.03048
-0.00465586  0.00070579  5.88823
-0.0044639  0.000692652  5.72279
-0.0042466  0.000680595  5.50489
-0.00399709  0.000669098  5.22657
-0.00375336  0.000660612  4.92477
-0.00345798  0.000652093  4.53613
-0.00315668  0.000646095  4.1119
-0.00278307  0.000642776  3.55189
