-0.003971  0.00164852  2.10552
-0.00395131  0.00152686  2.2604
-0.0039294  0.00143659  2.38718
-0.00390737  0.00132382  2.57389
-0.00388503  0.00123164  2.7484
-0.00385612  0.00113748  2.95048
-0.00382755  0.00105324  3.15934
-0.00377921  0.000969396  3.38274
-0.00373799  0.000894664  3.61923
-0.00369679  0.00082685  3.86623
-0.00365083  0.000772695  4.07771
-0.00359109  0.000728843  4.2411
-0.00352523  0.000674341  4.4862
-0.00347534  0.000640447  4.64572
-0.0033985  0.000602744  4.80883
-0.0033268  0.000581989  4.85714
-0.00323916  0.00056245  4.87005
-0.00317249  0.000552344  4.83846
-0.00309608  0.000538954  4.81688
-0.00304836  0.00052972  4.81077
-0.00299787  0.000520511  4.79888
-0.00292614  0.000510517  4.75232
-0.00285467  0.000499196  4.71693
-0.00280225  0.000490588  4.69284
-0.00272379  0.000480595  4.62715
-0.00264773  0.000471058  4.55938
-0.00258134  0.000462027  4.50479
-0.00248783  0.000452969  4.38844
-0.00242559  0.00044413  4.33564
-0.00233779  0.000435516  4.2198
-0.0022659  0.000424148  4.1634
-0.00218324  0.000416854  4.03796
-0.00210097  0.000409911  3.90566
-0.00200042  0.000399107  3.75944
-0.00191828  0.000392422  3.61418
-0.00181308  0.000384241  3.41733
-0.00172029  0.000377397  3.23343
-0.00162518  0.000369451  3.04553
-0.00152075  0.00036298  2.81215
-0.00142062  0.000356346  2.5835
-0.00131798  0.00034903  2.34358
-0.00119339  0.000342658  2.02356
-0.00108109  0.000336748  1.72558
-0.000973465  0.000331392  1.42872
-0.000821718  0.000326969  0.983941
-0.000682304  0.000322118  0.565955
-0.000564448  0.000318311  0.202469
-0.000389164  0.000314755  -0.352133
-0.000224567  0.000312909  -0.880236
-3.68106e-05  0.00031196  -1.48477
