-0.003971  0.00164852  2.10552
-0.00395341  0.00152053  2.27118
-0.00393123  0.00138071  2.48513
-0.00390914  0.001267  2.69072
-0.00387621  0.00116152  2.90671
-0.003837  0.00104671  3.18808
-0.00378508  0.000955532  3.43796
-0.00373707  0.000871529  3.71425
-0.00368322  0.000803889  3.95977
-0.00362666  0.000741837  4.21475
-0.00358094  0.000717377  4.29472
-0.0035315  0.000674914  4.49168
-0.00343137  0.000645651  4.54017
-0.00335986  0.000613994  4.65779
-0.00325808  0.000570992  4.83033
-0.00325808  0.000570992  4.83033
-0.00302536  0.000547465  4.61283
-0.00302536  0.000547465  4.61283
-0.00297135  0.000525681  4.70123
-0.00295866  0.0005231  4.70017
-0.0028595  0.000516256  4.57041
-0.0028032  0.000500848  4.59861
-0.00272344  0.000492652  4.51321
-0.00272344  0.000492652  4.51321
-0.00258812  0.00046866  4.4555
-0.00251166  0.000457354  4.39849
-0.00240761  0.000458786  4.15795
-0.00238121  0.000444833  4.22902
-0.00235543  0.00044384  4.18041
-0.00225254  0.000433375  4.04395
-0.00221829  0.000425599  4.03735
-0.00216703  0.000417373  3.9941
-0.00207524  0.000408449  3.85665
-0.00194165  0.000399278  3.61063
-0.00186298  0.000388866  3.50502
-0.00176083  0.000382454  3.29669
-0.00175111  0.000381358  3.28066
-0.00160788  0.000371179  2.98475
-0.00148095  0.000364534  2.69098
-0.00141496  0.000361624  2.53013
-0.00136876  0.000354141  2.45316
-0.00124565  0.000350755  2.12583
-0.00107206  0.000340824  1.67847
-0.0010201  0.00033908  1.53386
-0.000922048  0.000332353  1.26988
-0.000737921  0.000324892  0.732308
-0.000643143  0.000322261  0.444184
-0.000507123  0.000321038  0.0221888
-0.000507123  0.000321038  0.0221888
-7.37778e-05  0.000315693  -1.35012
