-0.010865  0.0047755  2.17045
-0.0107812  0.00461867  2.22601
-0.0106974  0.00446698  2.28284
-0.0106088  0.00431121  2.34478
-0.0105203  0.00416131  2.40797
-0.0104234  0.00400923  2.47515
-0.0103336  0.00387001  2.54097
-0.0102353  0.00372387  2.61431
-0.0101305  0.00357848  2.69121
-0.0100255  0.00343778  2.77083
-0.00991444  0.0032986  2.85407
-0.00981567  0.00317065  2.93809
-0.00969359  0.00302679  3.0374
-0.00958164  0.00289962  3.13201
-0.00946928  0.0027676  3.24082
-0.00934243  0.00263372  3.35739
-0.00921528  0.00251075  3.47119
-0.0090924  0.0023865  3.60043
-0.00896354  0.0022705  3.72761
-0.00883248  0.00215028  3.87507
-0.00872219  0.00207558  3.96139
-0.0085459  0.0019128  4.20635
-0.00841196  0.00182057  4.34588
-0.00825756  0.00171469  4.52419
-0.00808791  0.00161644  4.69421
-0.00793412  0.00151465  4.90816
-0.00776859  0.00142352  5.10606
-0.00758728  0.00133663  5.30233
-0.00747279  0.00130162  5.35701
-0.00722537  0.00119596  5.62342
-0.00710466  0.00116232  5.68233
-0.00690187  0.00111545  5.73926
-0.00662978  0.00102725  5.96717
-0.00637112  0.000954361  6.15189
-0.00614261  0.000907625  6.21689
-0.00599251  0.000879021  6.24843
-0.00576337  0.000831671  6.32867
-0.00557116  0.000806391  6.28871
-0.00540355  0.000783298  6.26014
-0.00538353  0.000778995  6.26901
-0.00513212  0.000752314  6.15716
-0.00492588  0.000732977  6.03822
-0.0047478  0.000715549  5.93642
-0.00456223  0.00070511  5.76114
-0.00439651  0.00069074  5.64106
-0.00413096  0.000676367  5.36834
-0.00394236  0.000668399  5.15016
-0.00367734  0.00065859  4.82446
-0.00334113  0.000650468  4.36783
-0.00296718  0.000646614  3.81554
