-0.010865  0.0047755  2.17045
-0.0107799  0.00461563  2.22718
-0.0106922  0.00445501  2.2878
-0.0106033  0.00429898  2.35016
-0.0105102  0.00414155  2.41702
-0.0104159  0.00399242  2.48369
-0.0103177  0.00384127  2.55586
-0.0102161  0.00369119  2.63226
-0.0101125  0.00354649  2.71044
-0.0100051  0.00340494  2.79158
-0.00989214  0.00326555  2.87613
-0.00978012  0.00312521  2.96944
-0.00966519  0.00298698  3.06838
-0.00954763  0.00285416  3.16998
-0.00942735  0.00272015  3.28193
-0.00930435  0.00258877  3.40097
-0.00917406  0.00245985  3.52625
-0.00904424  0.00233862  3.65354
-0.00891121  0.00221516  3.79711
-0.00877103  0.00209382  3.95021
-0.0086286  0.00198145  4.10235
-0.00848858  0.00186858  4.27522
-0.00832952  0.0017603  4.44785
-0.0081697  0.00165391  4.63731
-0.00800544  0.00155485  4.82713
-0.00783546  0.00146145  5.01931
-0.00766256  0.00137027  5.22713
-0.00748588  0.00128684  5.42872
-0.00728729  0.00120695  5.62351
-0.00708255  0.00113897  5.77939
-0.00687199  0.00107518  5.92646
-0.00665062  0.00101886  6.03675
-0.00643259  0.000963685  6.15615
-0.00620117  0.000912649  6.24684
-0.00596873  0.000866775  6.30929
-0.00572763  0.000825473  6.33289
-0.00560644  0.000807066  6.32716
-0.00548589  0.000790228  6.30943
-0.00535598  0.000774387  6.27074
-0.0052063  0.00075725  6.215
-0.00505611  0.000742117  6.13935
-0.00489474  0.000727413  6.0416
-0.00471798  0.000713717  5.90987
-0.00451759  0.000700559  5.73483
-0.00432893  0.000688372  5.5623
-0.00411344  0.00067744  5.33396
-0.00387302  0.000667534  5.05296
-0.00362894  0.000659164  4.74684
-0.00333127  0.000653271  4.33398
-0.00299736  0.000648667  3.84999
