-0.010865  0.0047755  2.17045
-0.0107785  0.00461379  2.22779
-0.010689  0.004456  2.28657
-0.0106016  0.00430062  2.34886
-0.0105077  0.00414197  2.41617
-0.0104118  0.00398941  2.48452
-0.010316  0.00384081  2.55572
-0.010211  0.00368752  2.63347
-0.0101059  0.00354572  2.70916
-0.00998664  0.00339595  2.79351
-0.00988646  0.00326165  2.87783
-0.00977059  0.00311723  2.97398
-0.00965294  0.00297969  3.07178
-0.00953408  0.0028404  3.18057
-0.00942039  0.00272069  3.27872
-0.00928334  0.00257395  3.4124
-0.009157  0.00244534  3.5402
-0.00903414  0.00232698  3.66747
-0.00889117  0.00220107  3.81231
-0.00875352  0.00207695  3.97387
-0.00860681  0.00196628  4.12292
-0.00845541  0.00184906  4.30241
-0.00829152  0.00173957  4.479
-0.00813605  0.00163703  4.66457
-0.00797065  0.00153859  4.85552
-0.0077918  0.00144002  5.06369
-0.00761667  0.00135758  5.24219
-0.00743143  0.00128206  5.40647
-0.00724556  0.00120076  5.61774
-0.00702753  0.00112656  5.79423
-0.00681136  0.00106643  5.91822
-0.00661794  0.00101157  6.04796
-0.00636934  0.00095211  6.16456
-0.00615268  0.000904312  6.25081
-0.0058999  0.000857027  6.30074
-0.00565443  0.00081396  6.33254
-0.00551392  0.000793472  6.31896
-0.00539839  0.000779819  6.28144
-0.00528311  0.00076455  6.25611
-0.00512047  0.000748424  6.1736
-0.00496873  0.000734857  6.08108
-0.00479752  0.000719958  5.96913
-0.0046179  0.000705335  5.83821
-0.00440964  0.000692553  5.64525
-0.00418322  0.00068007  5.41594
-0.0039675  0.000670082  5.17473
-0.00375089  0.000661193  4.91671
-0.00347141  0.000652348  4.55494
-0.00314233  0.000646521  4.087
-0.00278105  0.000643541  3.54453
