-0.003971  0.00164852  2.10552
-0.00395422  0.00152612  2.2634
-0.00393503  0.00140295  2.44844
-0.00391566  0.00129693  2.63365
-0.00389267  0.00119488  2.83935
-0.00385996  0.0010943  3.07042
-0.00381338  0.00101532  3.2634
-0.00377151  0.000941933  3.47319
-0.00372367  0.00086958  3.70716
-0.0036695  0.000795286  3.98536
-0.0036176  0.000742041  4.20138
-0.00355273  0.000686469  4.447
-0.0034911  0.000647959  4.61619
-0.00341749  0.000614318  4.74916
-0.00333873  0.000588242  4.82579
-0.0032438  0.000564942  4.85678
-0.00319749  0.000556952  4.8433
-0.00313348  0.000546824  4.81595
-0.00306481  0.000534146  4.8017
-0.00302169  0.000526175  4.7925
-0.00294285  0.000513303  4.75908
-0.00289216  0.000505376  4.73341
-0.00280008  0.000491973  4.67522
-0.00276264  0.000487844  4.63805
-0.00268393  0.000477003  4.57845
-0.00261673  0.000468535  4.51777
-0.00255925  0.000459291  4.48355
-0.00247603  0.000451071  4.38074
-0.00239033  0.000440468  4.29165
-0.00232814  0.000433231  4.21977
-0.00224623  0.000424831  4.11041
-0.00215347  0.000415998  3.9747
-0.00207021  0.000408538  3.84349
-0.00199155  0.00040092  3.72031
-0.00189935  0.000393398  3.55708
-0.00180526  0.000385939  3.38203
-0.00170561  0.000378126  3.18838
-0.00162007  0.000371225  3.01723
-0.00153263  0.000364989  2.8292
-0.00140139  0.00035815  2.5168
-0.00130822  0.000349712  2.31109
-0.0012162  0.000345221  2.07462
-0.00109224  0.000339262  1.74567
-0.000982337  0.000333737  1.44526
-0.000877279  0.000329724  1.14423
-0.000724153  0.000323694  0.692482
-0.000574391  0.000319942  0.232514
-0.000441731  0.000316428  -0.184147
-0.000327689  0.000314686  -0.547563
-6.08654e-05  0.000313098  -1.40255
