-0.00345884  0.000627941  4.71197
-0.0034448  0.00062734  4.6941
-0.0034441  0.000626861  4.69658
-0.00344055  0.000624603  4.70787
-0.00343832  0.000622632  4.71919
-0.00343535  0.000621744  4.72117
-0.00343059  0.000619484  4.73069
-0.00342764  0.000618659  4.73224
-0.00341969  0.000617876  4.72537
-0.00341614  0.000616033  4.73374
-0.0034124  0.000615481  4.73191
-0.00340535  0.000613952  4.73222
-0.00340086  0.000612808  4.73373
-0.00339591  0.000611558  4.7353
-0.00339018  0.000610354  4.73526
-0.0033839  0.000609143  4.73436
-0.00338133  0.000608131  4.73801
-0.00337427  0.000606937  4.73569
-0.00337181  0.000605795  4.74057
-0.00336533  0.00060433  4.74133
-0.00336147  0.000603167  4.74407
-0.00335578  0.000602012  4.74373
-0.00335075  0.00060042  4.74792
-0.00334544  0.00059952  4.7462
-0.00334074  0.000598122  4.74943
-0.00324455  0.000584635  4.69446
-0.00315615  0.000569793  4.66162
-0.00308681  0.00055383  4.67076
-0.00301349  0.000539943  4.6551
-0.00292211  0.000523444  4.62727
-0.0028509  0.000511886  4.59264
-0.00274823  0.000496489  4.52826
-0.00264944  0.000483746  4.44332
-0.00255238  0.000471388  4.3539
-0.00244765  0.000459618  4.23754
-0.00234346  0.000448188  4.11315
-0.00224168  0.000436836  3.98703
-0.00211721  0.000424687  3.80799
-0.00198659  0.000414721  3.58456
-0.00188913  0.000403766  3.44043
-0.00171761  0.000393168  3.09692
-0.00158352  0.000382039  2.83614
-0.00145019  0.000374079  2.54008
-0.00128766  0.000365156  2.15705
-0.00112248  0.000359143  1.73324
-0.000958546  0.000351964  1.30282
-0.000824654  0.000345669  0.939205
-0.000612254  0.000339551  0.330595
-0.00044136  0.000335651  -0.174704
-0.000180268  0.000332714  -0.960982
