-0.010865  0.0047755  2.17045
-0.0107788  0.00461551  2.22701
-0.010692  0.00445689  2.28679
-0.0106021  0.00429833  2.35024
-0.0105102  0.00414509  2.41496
-0.0104145  0.00399082  2.48431
-0.010318  0.00384047  2.55647
-0.0102173  0.0036936  2.63085
-0.0101136  0.00354748  2.70998
-0.0100039  0.00340484  2.79128
-0.00989372  0.00326418  2.87782
-0.00978085  0.00312533  2.96956
-0.0096622  0.00298983  3.06445
-0.00954741  0.00285329  3.17087
-0.00942617  0.0027218  3.27951
-0.00930029  0.00259157  3.39573
-0.0091724  0.00246322  3.52076
-0.00904328  0.00233564  3.65779
-0.00890569  0.00221485  3.79516
-0.00876823  0.00209453  3.94754
-0.00862583  0.00198082  4.10225
-0.00847653  0.00186831  4.26938
-0.00832398  0.0017625  4.43914
-0.00816628  0.00165465  4.63316
-0.00799763  0.00155829  4.81145
-0.00783507  0.0014646  5.00825
-0.00765277  0.00137356  5.20748
-0.00746938  0.00128827  5.40988
-0.00727716  0.00121047  5.59879
-0.00707321  0.0011406  5.76293
-0.00686979  0.00108013  5.89725
-0.00664217  0.00102266  6.00606
-0.00642198  0.000968547  6.11429
-0.00619217  0.000914366  6.22527
-0.00595816  0.000867635  6.29085
-0.00572055  0.000826922  6.31324
-0.00559535  0.000806943  6.31439
-0.00547105  0.000788981  6.3006
-0.0053403  0.000771705  6.27221
-0.00519698  0.000755364  6.21817
-0.00504136  0.000739834  6.13836
-0.00486587  0.000724967  6.02217
-0.00467405  0.000709608  5.8822
-0.00449828  0.000697056  5.73595
-0.00428673  0.000684197  5.53456
-0.0040443  0.000673741  5.26062
-0.00380158  0.000663955  4.9726
-0.00356302  0.000655442  4.67321
-0.00321409  0.000650129  4.17469
-0.00289937  0.000645916  3.71467
