-0.00335643  0.000613372  4.65693
-0.00335623  0.000613275  4.65735
-0.00335623  0.000613275  4.65735
-0.00335087  0.000610715  4.66808
-0.00335087  0.000610715  4.66808
-0.00335087  0.000610715  4.66808
-0.00334579  0.000608946  4.67331
-0.00334579  0.000608946  4.67331
-0.00334579  0.000608946  4.67331
-0.00334579  0.000608946  4.67331
-0.00334109  0.000606118  4.68735
-0.00334106  0.000605422  4.69269
-0.00334106  0.000605422  4.69269
-0.00333931  0.000605269  4.691
-0.00333931  0.000605269  4.691
-0.003334  0.000603642  4.69483
-0.003334  0.000603642  4.69483
-0.00333102  0.000599268  4.72414
-0.00333102  0.000599268  4.72414
-0.00333102  0.000599268  4.72414
-0.00332994  0.000597736  4.73444
-0.00332864  0.000596133  4.74499
-0.00332864  0.000596133  4.74499
-0.00332864  0.000596133  4.74499
-0.00332614  0.000595369  4.74686
-0.00322274  0.000585813  4.6478
-0.00314464  0.000564146  4.68787
-0.00308699  0.000552668  4.68091
-0.00299276  0.000536328  4.64783
-0.00289229  0.000522404  4.57939
-0.00282138  0.000514648  4.51062
-0.00259514  0.000485011  4.31977
-0.00259514  0.000485011  4.31977
-0.00248219  0.000464831  4.26433
-0.0024023  0.000456425  4.16782
-0.00228773  0.000443331  4.03249
-0.00220891  0.000433564  3.94153
-0.00204582  0.000418942  3.68981
-0.0019049  0.000406055  3.45988
-0.00180184  0.000400141  3.25346
-0.00167581  0.000387831  3.03176
-0.00152091  0.000380814  2.68085
-0.00143408  0.000376411  2.48153
-0.00118147  0.000360069  1.89262
-0.00106016  0.000354411  1.58055
-0.000932471  0.000349175  1.23855
-0.00075854  0.000342495  0.754872
-0.00047964  0.000335602  -0.0606662
-0.000442534  0.000334977  -0.171553
2.19691e-05  0.000332867  -1.5681
