-0.003971  0.00164852  2.10552
-0.00395322  0.00152031  2.2714
-0.00393499  0.00140695  2.44145
-0.00390762  0.00127888  2.66453
-0.00388308  0.00118641  2.85154
-0.00384906  0.00110192  3.03929
-0.00381  0.00101932  3.24727
-0.00376855  0.000940044  3.47702
-0.0037218  0.000867921  3.71208
-0.00366245  0.000796917  3.96836
-0.00360425  0.000742814  4.17904
-0.00354516  0.000694359  4.38557
-0.0034747  0.000652256  4.56064
-0.00339366  0.000614473  4.70917
-0.00331883  0.000585906  4.81106
-0.00323119  0.00056307  4.85054
-0.00317411  0.000552596  4.83918
-0.00312174  0.00054263  4.83154
-0.00305314  0.000531991  4.79921
-0.00300855  0.000522095  4.80478
-0.00293773  0.000511411  4.76667
-0.0028687  0.000500652  4.73123
-0.00280757  0.000491844  4.69168
-0.00274604  0.000482832  4.6518
-0.00267585  0.000473855  4.5918
-0.00260745  0.00046415  4.54045
-0.00253751  0.000453434  4.49351
-0.00247036  0.000444886  4.42892
-0.00238436  0.000436145  4.32049
-0.00231584  0.000426799  4.25456
-0.00223146  0.000419423  4.1282
-0.00213458  0.000409032  3.99621
-0.00206132  0.000400954  3.89401
-0.00197325  0.00039367  3.74236
-0.00188301  0.000386083  3.58215
-0.00177447  0.000375728  3.39201
-0.00171149  0.000371353  3.26237
-0.00158464  0.000364247  2.97777
-0.00149946  0.000356841  2.80086
-0.00138189  0.000348815  2.52825
-0.00128945  0.000343738  2.29665
-0.00118965  0.00033825  2.03886
-0.00105454  0.000332313  1.66874
-0.000934618  0.000327425  1.32738
-0.000805303  0.000322011  0.948113
-0.000658602  0.000318429  0.498076
-0.000516792  0.000315124  0.0532872
-0.000378862  0.000310821  -0.389735
-0.00022381  0.000308892  -0.894132
-4.5817e-05  0.000307787  -1.47564
