-0.003971  0.00164852  2.10552
-0.00395309  0.00151837  2.27421
-0.00394978  0.00149601  2.30599
-0.00393692  0.00141429  2.43014
-0.00392801  0.00136242  2.51613
-0.00391443  0.00129082  2.64517
-0.00390074  0.00122777  2.76986
-0.00388504  0.0011667  2.90138
-0.00385981  0.00110101  3.05156
-0.00383458  0.00106336  3.13589
-0.00380858  0.00101095  3.27274
-0.00377827  0.000968692  3.38422
-0.00374892  0.000933971  3.4786
-0.00372025  0.000880772  3.65616
-0.0036953  0.000851705  3.75165
-0.00365481  0.000810127  3.89422
-0.00363242  0.000743747  4.21167
-0.00362109  0.000730162  4.27451
-0.00354959  0.000701283  4.34859
-0.00354959  0.000701283  4.34859
-0.00348422  0.000688147  4.33661
-0.00348422  0.000688147  4.33661
-0.00335976  0.000671354  4.25969
-0.00333624  0.000615347  4.60917
-0.00328689  0.000591243  4.71361
-0.00319959  0.000575146  4.69374
-0.00312315  0.00056098  4.67601
-0.00305359  0.000546691  4.671
-0.00294595  0.000527972  4.63274
-0.00287971  0.00051646  4.60773
-0.00284529  0.000511179  4.58801
-0.00267943  0.000489227  4.45484
-0.00254614  0.000471013  4.34413
-0.00254543  0.000470887  4.34379
-0.00242429  0.000458512  4.1968
-0.00217867  0.000436959  3.84171
-0.00212923  0.000425065  3.83289
-0.00206115  0.000418502  3.73033
-0.00190194  0.000406274  3.45072
-0.00177511  0.000394741  3.23026
-0.00167407  0.000388542  3.02174
-0.00151526  0.000377999  2.68588
-0.00134361  0.000368991  2.28627
-0.00128793  0.00036554  2.15553
-0.00102168  0.000352768  1.47883
-0.000865762  0.000347591  1.05228
-0.00071694  0.000341819  0.634662
-0.000520003  0.000336941  0.0593654
-0.000463584  0.000335187  -0.108643
-7.8766e-06  0.000332702  -1.47917
