-0.00396973  0.00164794  2.10549
-0.00394328  0.00150069  2.29447
-0.0039228  0.0014076  2.43166
-0.00389659  0.0012809  2.65172
-0.0038659  0.00118792  2.83343
-0.00382519  0.00108115  3.07561
-0.00378403  0.000989777  3.31795
-0.00372962  0.000915159  3.52903
-0.00368226  0.000838776  3.79393
-0.00360862  0.000782157  3.97442
-0.0035453  0.000728897  4.17796
-0.00347423  0.000673313  4.4173
-0.00340093  0.000632062  4.58962
-0.0033252  0.000601201  4.69926
-0.00323373  0.000574581  4.75778
-0.0031629  0.000557479  4.77668
-0.00310868  0.000546766  4.7711
-0.0030446  0.000536464  4.74328
-0.00300589  0.000526662  4.75806
-0.00293653  0.000516164  4.72047
-0.00288955  0.000507462  4.70884
-0.00281956  0.000497884  4.65884
-0.00275624  0.000489043  4.61358
-0.00269666  0.000479326  4.58281
-0.00262549  0.0004695  4.52713
-0.00256369  0.000460827  4.47822
-0.00248902  0.000451158  4.40869
-0.00242895  0.000443969  4.34479
-0.00235956  0.000434607  4.2787
-0.00229317  0.000426923  4.20021
-0.00221123  0.000418249  4.09141
-0.00213146  0.000410404  3.97526
-0.00205501  0.000402433  3.86401
-0.00195986  0.000392923  3.7154
-0.00188364  0.000387018  3.57514
-0.00178791  0.000380348  3.38613
-0.0017054  0.000372666  3.23454
-0.0016009  0.00036465  3.01906
-0.00149355  0.00035866  2.77017
-0.00139823  0.000352232  2.55011
-0.00130173  0.00034688  2.31125
-0.00118513  0.000341021  2.00906
-0.0010827  0.000336281  1.73276
-0.000966802  0.000331588  1.40778
-0.000852491  0.000326262  1.08039
-0.000717663  0.000322071  0.675823
-0.000589809  0.00031956  0.281041
-0.000484923  0.000316971  -0.0475666
-0.000291493  0.00031444  -0.663104
-0.000122902  0.000312878  -1.20526
