  0.0108650000  0.0047755010
  0.0108609579  0.0047677406
  0.0108569167  0.0047599943
  0.0108528746  0.0047522585
  0.0108488325  0.0047445351
  0.0108447913  0.0047368258
  0.0108407492  0.0047291270
  0.0108367071  0.0047214406
  0.0108326659  0.0047137682
  0.0108286238  0.0047061064
  0.0108245817  0.0046984570
  0.0108205405  0.0046908216
  0.0108164984  0.0046831968
  0.0108124572  0.0046755861
  0.0108084151  0.0046679859
  0.0108043730  0.0046603982
  0.0108003319  0.0046528244
  0.0107962898  0.0046452613
  0.0107922476  0.0046377104
  0.0107882065  0.0046301737
  0.0107841644  0.0046226475
  0.0107801222  0.0046151337
  0.0107760811  0.0046076340
  0.0107720390  0.0046001448
  0.0107679968  0.0045926679
  0.0107639557  0.0045852051
  0.0107599136  0.0045777529
  0.0107558715  0.0045703131
  0.0107518303  0.0045628873
  0.0107477882  0.0045554721
  0.0107437461  0.0045480693
  0.0107397049  0.0045406804
  0.0107356628  0.0045333022
  0.0107316216  0.0045259380
  0.0107275795  0.0045185845
  0.0107235374  0.0045112433
  0.0107194962  0.0045039161
  0.0107154541  0.0044965996
  0.0107114120  0.0044892953
  0.0107073708  0.0044820051
  0.0107033287  0.0044747255
  0.0106992866  0.0044674583
  0.0106952454  0.0044602050
  0.0106912033  0.0044529625
  0.0106871612  0.0044457322
  0.0106831201  0.0044385160
  0.0106790779  0.0044313104
  0.0106750358  0.0044241171
  0.0106709947  0.0044169379
  0.0106669525  0.0044097693
  0.0106629104  0.0044026130
  0.0106588693  0.0043954707
  0.0106548271  0.0043883391
  0.0106507860  0.0043812215
  0.0106467439  0.0043741145
  0.0106427017  0.0043670199
  0.0106386606  0.0043599392
  0.0106346184  0.0043528692
  0.0106305764  0.0043458116
  0.0106265352  0.0043387679
  0.0106224931  0.0043317350
  0.0106184510  0.0043247143
  0.0106144098  0.0043177076
  0.0106103677  0.0043107116
  0.0106063255  0.0043037279
  0.0106022844  0.0042967582
  0.0105982423  0.0042897993
  0.0105942002  0.0042828526
  0.0105901590  0.0042759198
  0.0105861169  0.0042689979
  0.0105820748  0.0042620882
  0.0105780336  0.0042551924
  0.0105739915  0.0042483074
  0.0105699503  0.0042414363
  0.0105659082  0.0042345760
  0.0105618661  0.0042277279
  0.0105578249  0.0042208938
  0.0105537828  0.0042140704
  0.0105497407  0.0042072594
  0.0105456995  0.0042004622
  0.0105416574  0.0041936758
  0.0105376153  0.0041869018
  0.0105335741  0.0041801417
  0.0105295320  0.0041733922
  0.0105254899  0.0041666552
  0.0105214487  0.0041599320
  0.0105174067  0.0041532197
  0.0105133645  0.0041465195
  0.0105093233  0.0041398333
  0.0105052812  0.0041331579
  0.0105012391  0.0041264948
  0.0104971979  0.0041198456
  0.0104931558  0.0041132072
  0.0104891146  0.0041065825
  0.0104850725  0.0040999688
  0.0104810304  0.0040933673
  0.0104769893  0.0040867799
  0.0104729473  0.0040802032
  0.0104689051  0.0040736387
  0.0104648637  0.0040670878
  0.0104608216  0.0040605480
  0.0104567795  0.0040540205
  0.0104527385  0.0040475071
  0.0104486964  0.0040410043
  0.0104446542  0.0040345138
  0.0104406132  0.0040280375
  0.0104365711  0.0040215716
  0.0104325290  0.0040151181
  0.0104284876  0.0040086781
  0.0104244455  0.0040022493
  0.0104204034  0.0039958328
  0.0104163624  0.0039894304
  0.0104123203  0.0039830385
  0.0104082781  0.0039766590
  0.0104042368  0.0039702930
  0.0104001947  0.0039639382
  0.0103961536  0.0039575973
  0.0103921115  0.0039512671
  0.0103880694  0.0039449492
  0.0103840284  0.0039386454
  0.0103799862  0.0039323522
  0.0103759441  0.0039260713
  0.0103719028  0.0039198039
  0.0103678607  0.0039135478
  0.0103638185  0.0039073038
  0.0103597775  0.0039010740
  0.0103557354  0.0038948547
  0.0103516933  0.0038886478
  0.0103476519  0.0038824544
  0.0103436101  0.0038762726
  0.0103395679  0.0038701027
  0.0103355266  0.0038639463
  0.0103314845  0.0038578011
  0.0103274424  0.0038516681
  0.0103234014  0.0038455492
  0.0103193593  0.0038394410
  0.0103153179  0.0038333461
  0.0103112758  0.0038272625
  0.0103072336  0.0038211912
  0.0103031926  0.0038151340
  0.0102991505  0.0038090873
  0.0102951084  0.0038030530
  0.0102910670  0.0037970322
  0.0102870253  0.0037910231
  0.0102829831  0.0037850258
  0.0102789417  0.0037790419
  0.0102748996  0.0037730693
  0.0102708575  0.0037671090
  0.0102668165  0.0037611626
  0.0102627744  0.0037552270
  0.0102587322  0.0037493037
  0.0102546909  0.0037433938
  0.0102506488  0.0037374952
  0.0102466070  0.0037316093
  0.0102425656  0.0037257364
  0.0102385235  0.0037198747
  0.0102344825  0.0037140270
  0.0102304404  0.0037081899
  0.0102263982  0.0037023653
  0.0102223569  0.0036965540
  0.0102183147  0.0036907539
  0.0102142726  0.0036849662
  0.0102102316  0.0036791925
  0.0102061895  0.0036734294
  0.0102021474  0.0036676787
  0.0101981060  0.0036619414
  0.0101940639  0.0036562153
  0.0101900218  0.0036505016
  0.0101859808  0.0036448018
  0.0101819386  0.0036391127
  0.0101778965  0.0036334360
  0.0101738554  0.0036277731
  0.0101698134  0.0036221211
  0.0101657713  0.0036164814
  0.0101617299  0.0036108550
  0.0101576877  0.0036052399
  0.0101536467  0.0035996387
  0.0101496046  0.0035940483
  0.0101455625  0.0035884702
  0.0101415211  0.0035829054
  0.0101374794  0.0035773525
  0.0101334372  0.0035718114
  0.0101293959  0.0035662837
  0.0101253538  0.0035607672
  0.0101213116  0.0035552631
  0.0101172706  0.0035497728
  0.0101132285  0.0035442934
  0.0101091864  0.0035388262
  0.0101051450  0.0035333725
  0.0101011030  0.0035279301
  0.0100970608  0.0035224999
  0.0100930198  0.0035170835
  0.0100889776  0.0035116781
  0.0100849355  0.0035062849
  0.0100808942  0.0035009052
  0.0100768524  0.0034955371
  0.0100728110  0.0034901819
  0.0100687689  0.0034848381
  0.0100647264  0.0034795062
  0.0100606843  0.0034741830
  0.0100566413  0.0034688647
  0.0100525983  0.0034635525
  0.0100485563  0.0034582477
  0.0100445129  0.0034529472
  0.0100404700  0.0034476533
  0.0100364279  0.0034423667
  0.0100323849  0.0034370850
  0.0100283418  0.0034318093
  0.0100242996  0.0034265407
  0.0100202565  0.0034212772
  0.0100162135  0.0034160199
  0.0100121714  0.0034107698
  0.0100081285  0.0034055247
  0.0100040854  0.0034002856
  0.0100000434  0.0033950540
  0.0099960001  0.0033898266
  0.0099919580  0.0033846071
  0.0099879150  0.0033793925
  0.0099838720  0.0033741838
  0.0099798297  0.0033689823
  0.0099757866  0.0033637858
  0.0099717436  0.0033585956
  0.0099677016  0.0033534126
  0.0099636586  0.0033482345
  0.0099596155  0.0033430625
  0.0099555735  0.0033378979
  0.0099515302  0.0033327377
  0.0099474872  0.0033275840
  0.0099434452  0.0033224376
  0.0099394022  0.0033172961
  0.0099353591  0.0033121606
  0.0099313168  0.0033070321
  0.0099272738  0.0033019089
  0.0099232308  0.0032967919
  0.0099191887  0.0032916820
  0.0099151457  0.0032865770
  0.0099111027  0.0032814782
  0.0099070603  0.0032763863
  0.0099030173  0.0032712997
  0.0098989753  0.0032662203
  0.0098949323  0.0032611459
  0.0098908892  0.0032560775
  0.0098868470  0.0032510161
  0.0098828039  0.0032459599
  0.0098787609  0.0032409098
  0.0098747189  0.0032358671
  0.0098706758  0.0032308291
  0.0098666328  0.0032257974
  0.0098625904  0.0032207725
  0.0098585475  0.0032157530
  0.0098545044  0.0032107394
  0.0098504624  0.0032057333
  0.0098464194  0.0032007319
  0.0098423764  0.0031957367
  0.0098383340  0.0031907484
  0.0098342910  0.0031857655
  0.0098302480  0.0031807885
  0.0098262060  0.0031758190
  0.0098221629  0.0031708541
  0.0098181206  0.0031658964
  0.0098140776  0.0031609439
  0.0098100346  0.0031559975
  0.0098059925  0.0031510583
  0.0098019495  0.0031461240
  0.0097979065  0.0031411959
  0.0097938641  0.0031362746
  0.0097898211  0.0031313587
  0.0097857781  0.0031264488
  0.0097817361  0.0031215463
  0.0097776930  0.0031166486
  0.0097736498  0.0031117567
  0.0097696077  0.0031068724
  0.0097655647  0.0031019930
  0.0097615217  0.0030971197
  0.0097574795  0.0030922536
  0.0097534366  0.0030873926
  0.0097493933  0.0030825373
  0.0097453513  0.0030776896
  0.0097413082  0.0030728467
  0.0097372662  0.0030680113
  0.0097332232  0.0030631806
  0.0097291799  0.0030583558
  0.0097251378  0.0030535385
  0.0097210948  0.0030487263
  0.0097170518  0.0030439200
  0.0097130098  0.0030391211
  0.0097089667  0.0030343270
  0.0097049237  0.0030295391
  0.0097008814  0.0030247581
  0.0096968385  0.0030199824
  0.0096927953  0.0030152127
  0.0096887533  0.0030104503
  0.0096847100  0.0030056925
  0.0096806670  0.0030009411
  0.0096766250  0.0029961971
  0.0096725819  0.0029914579
  0.0096685389  0.0029867248
  0.0096644968  0.0029819990
  0.0096604536  0.0029772779
  0.0096564116  0.0029725643
  0.0096523685  0.0029678556
  0.0096483256  0.0029631530
  0.0096442835  0.0029584576
  0.0096402405  0.0029537673
  0.0096361972  0.0029490826
  0.0096321551  0.0029444055
  0.0096281121  0.0029397335
  0.0096240692  0.0029350676
  0.0096200268  0.0029304084
  0.0096159837  0.0029257546
  0.0096119407  0.0029211069
  0.0096078987  0.0029164664
  0.0096038557  0.0029118309
  0.0095998126  0.0029072014
  0.0095957706  0.0029025792
  0.0095917274  0.0028979618
  0.0095876842  0.0028933504
  0.0095836423  0.0028887466
  0.0095795994  0.0028841479
  0.0095755571  0.0028795558
  0.0095715140  0.0028749690
  0.0095674710  0.0028703884
  0.0095634287  0.0028658146
  0.0095593859  0.0028612464
  0.0095553429  0.0028566841
  0.0095513004  0.0028521285
  0.0095472575  0.0028475783
  0.0095432143  0.0028430341
  0.0095391723  0.0028384973
  0.0095351295  0.0028339656
  0.0095310861  0.0028294395
  0.0095270441  0.0028249208
  0.0095230011  0.0028204073
  0.0095189579  0.0028158996
  0.0095149159  0.0028113994
  0.0095108731  0.0028069043
  0.0095068297  0.0028024147
  0.0095027875  0.0027979325
  0.0094987447  0.0027934557
  0.0094947015  0.0027889846
  0.0094906595  0.0027845209
  0.0094866166  0.0027800623
  0.0094825741  0.0027756103
  0.0094785311  0.0027711638
  0.0094744883  0.0027667236
  0.0094704460  0.0027622900
  0.0094664031  0.0027578620
  0.0094623598  0.0027534395
  0.0094583177  0.0027490245
  0.0094542748  0.0027446146
  0.0094502316  0.0027402105
  0.0094461896  0.0027358139
  0.0094421466  0.0027314223
  0.0094381034  0.0027270365
  0.0094340612  0.0027226580
  0.0094300184  0.0027182848
  0.0094259750  0.0027139172
  0.0094219332  0.0027095573
  0.0094178902  0.0027052022
  0.0094138468  0.0027008528
  0.0094098048  0.0026965110
  0.0094057620  0.0026921744
  0.0094017196  0.0026878445
  0.0093976768  0.0026835201
  0.0093936338  0.0026792016
  0.0093895913  0.0026748897
  0.0093855484  0.0026705836
  0.0093815056  0.0026662836
  0.0093774632  0.0026619902
  0.0093734203  0.0026577022
  0.0093693768  0.0026534199
  0.0093653349  0.0026491451
  0.0093612920  0.0026448756
  0.0093572487  0.0026406116
  0.0093532069  0.0026363553
  0.0093491639  0.0026321039
  0.0093451207  0.0026278584
  0.0093410785  0.0026236200
  0.0093370356  0.0026193871
  0.0093329923  0.0026151597
  0.0093289503  0.0026109398
  0.0093249073  0.0026067249
  0.0093208649  0.0026025168
  0.0093168221  0.0025983144
  0.0093127791  0.0025941178
  0.0093087369  0.0025899282
  0.0093046939  0.0025857439
  0.0093006509  0.0025815656
  0.0092966085  0.0025773941
  0.0092925657  0.0025732282
  0.0092885223  0.0025690678
  0.0092844805  0.0025649152
  0.0092804375  0.0025607674
  0.0092763941  0.0025566253
  0.0092723521  0.0025524908
  0.0092683093  0.0025483614
  0.0092642660  0.0025442377
  0.0092602238  0.0025401212
  0.0092561809  0.0025360102
  0.0092521376  0.0025319047
  0.0092480957  0.0025278069
  0.0092440527  0.0025237140
  0.0092400106  0.0025196280
  0.0092359676  0.0025155473
  0.0092319245  0.0025114726
  0.0092278822  0.0025074048
  0.0092238394  0.0025033425
  0.0092197964  0.0024992862
  0.0092157542  0.0024952368
  0.0092117111  0.0024911926
  0.0092076678  0.0024871542
  0.0092036258  0.0024831233
  0.0091995830  0.0024790976
  0.0091955398  0.0024750776
  0.0091914976  0.0024710648
  0.0091874546  0.0024670572
  0.0091834114  0.0024630556
  0.0091793694  0.0024590612
  0.0091753266  0.0024550721
  0.0091712832  0.0024510886
  0.0091672412  0.0024471124
  0.0091631982  0.0024431415
  0.0091591560  0.0024391774
  0.0091551130  0.0024352186
  0.0091510702  0.0024312661
  0.0091470276  0.0024273199
  0.0091429848  0.0024233796
  0.0091389418  0.0024194452
  0.0091348995  0.0024155175
  0.0091308566  0.0024115955
  0.0091268136  0.0024076793
  0.0091227713  0.0024037699
  0.0091187282  0.0023998660
  0.0091146854  0.0023959683
  0.0091106431  0.0023920772
  0.0091066002  0.0023881918
  0.0091025569  0.0023843119
  0.0090985149  0.0023804394
  0.0090944719  0.0023765720
  0.0090904287  0.0023727106
  0.0090863867  0.0023688564
  0.0090823438  0.0023650075
  0.0090783013  0.0023611650
  0.0090742583  0.0023573282
  0.0090702155  0.0023534975
  0.0090661731  0.0023496735
  0.0090621303  0.0023458551
  0.0090580873  0.0023420426
  0.0090540449  0.0023382368
  0.0090500019  0.0023344365
  0.0090459591  0.0023306425
  0.0090419167  0.0023268550
  0.0090378739  0.0023230732
  0.0090338309  0.0023192973
  0.0090297885  0.0023155281
  0.0090257455  0.0023117644
  0.0090217027  0.0023080069
  0.0090176603  0.0023042560
  0.0090136173  0.0023005106
  0.0090095743  0.0022967713
  0.0090055320  0.0022930387
  0.0090014891  0.0022893117
  0.0089974458  0.0022855903
  0.0089934040  0.0022818765
  0.0089893609  0.0022781676
  0.0089853186  0.0022744655
  0.0089812756  0.0022707688
  0.0089772327  0.0022670785
  0.0089731904  0.0022633946
  0.0089691476  0.0022597164
  0.0089651044  0.0022560440
  0.0089610620  0.0022523784
  0.0089570192  0.0022487185
  0.0089529763  0.0022450647
  0.0089489340  0.0022414174
  0.0089448910  0.0022377756
  0.0089408480  0.0022341399
  0.0089368056  0.0022305109
  0.0089327628  0.0022268876
  0.0089287198  0.0022232702
  0.0089246776  0.0022196597
  0.0089206346  0.0022160544
  0.0089165916  0.0022124553
  0.0089125492  0.0022088629
  0.0089085064  0.0022052761
  0.0089044641  0.0022016959
  0.0089004209  0.0021981210
  0.0088963780  0.0021945526
  0.0088923357  0.0021909906
  0.0088882928  0.0021874343
  0.0088842498  0.0021838840
  0.0088802077  0.0021803405
  0.0088761646  0.0021768024
  0.0088721216  0.0021732703
  0.0088680793  0.0021697449
  0.0088640365  0.0021662252
  0.0088599934  0.0021627115
  0.0088559513  0.0021592046
  0.0088519081  0.0021557028
  0.0088478652  0.0021522075
  0.0088438229  0.0021487187
  0.0088397801  0.0021452356
  0.0088357370  0.0021417584
  0.0088316945  0.0021382878
  0.0088276517  0.0021348229
  0.0088236094  0.0021313646
  0.0088195665  0.0021279120
  0.0088155235  0.0021244652
  0.0088114813  0.0021210254
  0.0088074381  0.0021175907
  0.0088033953  0.0021141625
  0.0087993530  0.0021107407
  0.0087953101  0.0021073247
  0.0087912671  0.0021039145
  0.0087872248  0.0021005111
  0.0087831817  0.0020971131
  0.0087791389  0.0020937215
  0.0087750966  0.0020903363
  0.0087710537  0.0020869568
  0.0087670109  0.0020835834
  0.0087629684  0.0020802164
  0.0087589253  0.0020768550
  0.0087548825  0.0020734999
  0.0087508402  0.0020701513
  0.0087467973  0.0020668084
  0.0087427548  0.0020634719
  0.0087387120  0.0020601412
  0.0087346690  0.0020568164
  0.0087306268  0.0020534984
  0.0087265838  0.0020501858
  0.0087225409  0.0020468795
  0.0087184985  0.0020435795
  0.0087144556  0.0020402854
  0.0087104126  0.0020369972
  0.0087063702  0.0020337156
  0.0087023274  0.0020304398
  0.0086982843  0.0020271698
  0.0086942421  0.0020239066
  0.0086901990  0.0020206489
  0.0086861562  0.0020173974
  0.0086821138  0.0020141525
  0.0086780710  0.0020109132
  0.0086740279  0.0020076798
  0.0086699857  0.0020044532
  0.0086659426  0.0020012320
  0.0086619008  0.0019980179
  0.0086578575  0.0019948088
  0.0086538146  0.0019916061
  0.0086497724  0.0019884100
  0.0086457291  0.0019852190
  0.0086416862  0.0019820346
  0.0086376439  0.0019788567
  0.0086336011  0.0019756845
  0.0086295580  0.0019725182
  0.0086255157  0.0019693586
  0.0086214727  0.0019662045
  0.0086174298  0.0019630567
  0.0086133875  0.0019599153
  0.0086093447  0.0019567797
  0.0086053016  0.0019536500
  0.0086012594  0.0019505270
  0.0085972163  0.0019474095
  0.0085931734  0.0019442982
  0.0085891311  0.0019411934
  0.0085850883  0.0019380944
  0.0085810451  0.0019350011
  0.0085770027  0.0019319146
  0.0085729599  0.0019288339
  0.0085689178  0.0019257598
  0.0085648747  0.0019226910
  0.0085608317  0.0019196283
  0.0085567897  0.0019165726
  0.0085527463  0.0019135219
  0.0085487035  0.0019104777
  0.0085446614  0.0019074402
  0.0085406183  0.0019044080
  0.0085365751  0.0019013818
  0.0085325328  0.0018983624
  0.0085284900  0.0018953486
  0.0085244471  0.0018923410
  0.0085204048  0.0018893399
  0.0085163617  0.0018863443
  0.0085123187  0.0018833548
  0.0085082764  0.0018803720
  0.0085042336  0.0018773948
  0.0085001905  0.0018744236
  0.0084961484  0.0018714592
  0.0084921052  0.0018685001
  0.0084880633  0.0018655481
  0.0084840200  0.0018626010
  0.0084799772  0.0018596605
  0.0084759349  0.0018567264
  0.0084718921  0.0018537972
  0.0084678492  0.0018508728
  0.0084638072  0.0018479537
  0.0084597644  0.0018450390
  0.0084557217  0.0018421292
  0.0084516797  0.0018392246
  0.0084476369  0.0018363244
  0.0084435940  0.0018334288
  0.0084395519  0.0018305387
  0.0084355090  0.0018276528
  0.0084314662  0.0018247719
  0.0084274242  0.0018218962
  0.0084233812  0.0018190248
  0.0084193386  0.0018161584
  0.0084152967  0.0018132973
  0.0084112540  0.0018104406
  0.0084072120  0.0018075890
  0.0084031688  0.0018047415
  0.0083991263  0.0018018993
  0.0083950842  0.0017990623
  0.0083910413  0.0017962294
  0.0083869988  0.0017934017
  0.0083829567  0.0017905791
  0.0083789136  0.0017877606
  0.0083748709  0.0017849472
  0.0083708289  0.0017821390
  0.0083667861  0.0017793352
  0.0083627431  0.0017765361
  0.0083587014  0.0017737427
  0.0083546583  0.0017709531
  0.0083506156  0.0017681687
  0.0083465736  0.0017653895
  0.0083425307  0.0017626145
  0.0083384879  0.0017598445
  0.0083344459  0.0017570797
  0.0083304029  0.0017543192
  0.0083263609  0.0017515642
  0.0083223184  0.0017488136
  0.0083182752  0.0017460674
  0.0083142334  0.0017433269
  0.0083101905  0.0017405905
  0.0083061477  0.0017378590
  0.0083021059  0.0017351331
  0.0082980627  0.0017324110
  0.0082940202  0.0017296941
  0.0082899782  0.0017269824
  0.0082859353  0.0017242750
  0.0082818926  0.0017215725
  0.0082778507  0.0017188754
  0.0082738075  0.0017161822
  0.0082697648  0.0017134942
  0.0082657228  0.0017108115
  0.0082616800  0.0017081330
  0.0082576373  0.0017054595
  0.0082535953  0.0017027912
  0.0082495522  0.0017001271
  0.0082455105  0.0016974686
  0.0082414676  0.0016948142
  0.0082374246  0.0016921646
  0.0082333830  0.0016895207
  0.0082293401  0.0016868808
  0.0082252969  0.0016842455
  0.0082212549  0.0016816157
  0.0082172123  0.0016789905
  0.0082131694  0.0016763699
  0.0082091274  0.0016737546
  0.0082050844  0.0016711436
  0.0082010416  0.0016685375
  0.0081969998  0.0016659369
  0.0081929569  0.0016633404
  0.0081889139  0.0016607486
  0.0081848721  0.0016581624
  0.0081808292  0.0016555803
  0.0081767865  0.0016530032
  0.0081727446  0.0016504315
  0.0081687014  0.0016478637
  0.0081646588  0.0016453011
  0.0081606167  0.0016427437
  0.0081565739  0.0016401906
  0.0081525319  0.0016376429
  0.0081484892  0.0016350996
  0.0081444462  0.0016325608
  0.0081404044  0.0016300277
  0.0081363615  0.0016274987
  0.0081323186  0.0016249745
  0.0081282768  0.0016224558
  0.0081242340  0.0016199414
  0.0081201908  0.0016174315
  0.0081161491  0.0016149273
  0.0081121062  0.0016124273
  0.0081080633  0.0016099320
  0.0081040213  0.0016074421
  0.0080999786  0.0016049567
  0.0080959356  0.0016024758
  0.0080918936  0.0016000004
  0.0080878509  0.0015975294
  0.0080838081  0.0015950631
  0.0080797663  0.0015926023
  0.0080757231  0.0015901455
  0.0080716814  0.0015876944
  0.0080676384  0.0015852473
  0.0080635956  0.0015828052
  0.0080595536  0.0015803683
  0.0080555104  0.0015779356
  0.0080514679  0.0015755081
  0.0080474258  0.0015730857
  0.0080433832  0.0015706678
  0.0080393401  0.0015682544
  0.0080352984  0.0015658466
  0.0080312554  0.0015634430
  0.0080272125  0.0015610442
  0.0080231705  0.0015586508
  0.0080191279  0.0015562618
  0.0080150848  0.0015538773
  0.0080110430  0.0015514985
  0.0080070001  0.0015491238
  0.0080029573  0.0015467540
  0.0079989153  0.0015443895
  0.0079948726  0.0015420294
  0.0079908306  0.0015396745
  0.0079867875  0.0015373239
  0.0079827448  0.0015349782
  0.0079787028  0.0015326378
  0.0079746602  0.0015303019
  0.0079706173  0.0015279706
  0.0079665753  0.0015256447
  0.0079625324  0.0015233230
  0.0079584896  0.0015210063
  0.0079544475  0.0015186948
  0.0079504046  0.0015163876
  0.0079463618  0.0015140853
  0.0079423201  0.0015117885
  0.0079382769  0.0015094956
  0.0079342342  0.0015072079
  0.0079301923  0.0015049254
  0.0079261493  0.0015026471
  0.0079221065  0.0015003737
  0.0079180644  0.0014981056
  0.0079140219  0.0014958421
  0.0079099798  0.0014935836
  0.0079059370  0.0014913295
  0.0079018940  0.0014890802
  0.0078978520  0.0014868362
  0.0078938092  0.0014845966
  0.0078897665  0.0014823619
  0.0078857245  0.0014801324
  0.0078816814  0.0014779071
  0.0078776388  0.0014756869
  0.0078735967  0.0014734718
  0.0078695539  0.0014712612
  0.0078655113  0.0014690554
  0.0078614692  0.0014668548
  0.0078574263  0.0014646586
  0.0078533835  0.0014624672
  0.0078493415  0.0014602811
  0.0078452986  0.0014580993
  0.0078412560  0.0014559225
  0.0078372140  0.0014537509
  0.0078331708  0.0014515834
  0.0078291293  0.0014494217
  0.0078250862  0.0014472639
  0.0078210436  0.0014451112
  0.0078170015  0.0014429637
  0.0078129586  0.0014408205
  0.0078089162  0.0014386824
  0.0078048736  0.0014365489
  0.0078008309  0.0014344203
  0.0077967884  0.0014322966
  0.0077927456  0.0014301776
  0.0077887031  0.0014280636
  0.0077846609  0.0014259545
  0.0077806178  0.0014238498
  0.0077765756  0.0014217503
  0.0077725331  0.0014196556
  0.0077684906  0.0014175657
  0.0077644479  0.0014154804
  0.0077604054  0.0014134001
  0.0077563632  0.0014113248
  0.0077523200  0.0014092538
  0.0077482779  0.0014071882
  0.0077442354  0.0014051272
  0.0077401925  0.0014030708
  0.0077361500  0.0014010194
  0.0077321079  0.0013989731
  0.0077280654  0.0013969314
  0.0077240226  0.0013948943
  0.0077199801  0.0013928623
  0.0077159379  0.0013908352
  0.0077118948  0.0013888124
  0.0077078526  0.0013867950
  0.0077038102  0.0013847822
  0.0076997673  0.0013827741
  0.0076957248  0.0013807709
  0.0076916826  0.0013787728
  0.0076876395  0.0013767790
  0.0076835973  0.0013747905
  0.0076795548  0.0013728066
  0.0076755123  0.0013708276
  0.0076714696  0.0013688533
  0.0076674271  0.0013668839
  0.0076633849  0.0013649195
  0.0076593418  0.0013629594
  0.0076552996  0.0013610047
  0.0076512571  0.0013590546
  0.0076472142  0.0013571091
  0.0076431718  0.0013551687
  0.0076391293  0.0013532331
  0.0076350871  0.0013513024
  0.0076310440  0.0013493761
  0.0076270017  0.0013474551
  0.0076229594  0.0013455388
  0.0076189166  0.0013436272
  0.0076148740  0.0013417204
  0.0076108318  0.0013398187
  0.0076067887  0.0013379213
  0.0076027464  0.0013360292
  0.0075987041  0.0013341419
  0.0075946618  0.0013322594
  0.0075906187  0.0013303814
  0.0075865764  0.0013285085
  0.0075825341  0.0013266405
  0.0075784914  0.0013247771
  0.0075744488  0.0013229186
  0.0075704065  0.0013210650
  0.0075663634  0.0013192159
  0.0075623214  0.0013173721
  0.0075582788  0.0013155329
  0.0075542362  0.0013136985
  0.0075501935  0.0013118688
  0.0075461509  0.0013100441
  0.0075421089  0.0013082244
  0.0075380658  0.0013064091
  0.0075340235  0.0013045989
  0.0075299809  0.0013027934
  0.0075259381  0.0013009927
  0.0075218958  0.0012991970
  0.0075178532  0.0012974060
  0.0075138108  0.0012956199
  0.0075097679  0.0012938384
  0.0075057259  0.0012920621
  0.0075016833  0.0012902904
  0.0074976405  0.0012885234
  0.0074935979  0.0012867613
  0.0074895557  0.0012850042
  0.0074855126  0.0012832516
  0.0074814706  0.0012815042
  0.0074774280  0.0012797614
  0.0074733852  0.0012780234
  0.0074693426  0.0012762903
  0.0074653006  0.0012745622
  0.0074612578  0.0012728386
  0.0074572153  0.0012711200
  0.0074531727  0.0012694061
  0.0074491302  0.0012676971
  0.0074450873  0.0012659928
  0.0074410453  0.0012642937
  0.0074370027  0.0012625991
  0.0074329599  0.0012609093
  0.0074289174  0.0012592244
  0.0074248750  0.0012575444
  0.0074208326  0.0012558692
  0.0074167897  0.0012541986
  0.0074127474  0.0012525331
  0.0074087049  0.0012508724
  0.0074046620  0.0012492163
  0.0074006197  0.0012475652
  0.0073965770  0.0012459188
  0.0073925350  0.0012442775
  0.0073884917  0.0012426406
  0.0073844498  0.0012410090
  0.0073804070  0.0012393819
  0.0073763644  0.0012377596
  0.0073723218  0.0012361422
  0.0073682797  0.0012345298
  0.0073642367  0.0012329219
  0.0073601945  0.0012313191
  0.0073561517  0.0012297209
  0.0073521094  0.0012281277
  0.0073480665  0.0012265392
  0.0073440240  0.0012249555
  0.0073399818  0.0012233769
  0.0073359392  0.0012218028
  0.0073318966  0.0012202337
  0.0073278541  0.0012186693
  0.0073238115  0.0012171098
  0.0073197689  0.0012155551
  0.0073157265  0.0012140053
  0.0073116841  0.0012124603
  0.0073076413  0.0012109199
  0.0073035988  0.0012093845
  0.0072995565  0.0012078541
  0.0072955134  0.0012063281
  0.0072914712  0.0012048073
  0.0072874288  0.0012032912
  0.0072833862  0.0012017799
  0.0072793435  0.0012002734
  0.0072753009  0.0011987717
  0.0072712583  0.0011972748
  0.0072672159  0.0011957829
  0.0072631735  0.0011942958
  0.0072591309  0.0011928134
  0.0072550883  0.0011913358
  0.0072510458  0.0011898631
  0.0072470036  0.0011883953
  0.0072429605  0.0011869320
  0.0072389182  0.0011854739
  0.0072348756  0.0011840205
  0.0072308330  0.0011825718
  0.0072267905  0.0011811281
  0.0072227479  0.0011796891
  0.0072187057  0.0011782550
  0.0072146627  0.0011768256
  0.0072106206  0.0011754012
  0.0072065779  0.0011739815
  0.0072025353  0.0011725666
  0.0071984926  0.0011711565
  0.0071944504  0.0011697514
  0.0071904073  0.0011683509
  0.0071863653  0.0011669555
  0.0071823227  0.0011655647
  0.0071782804  0.0011641789
  0.0071742373  0.0011627976
  0.0071701953  0.0011614215
  0.0071661527  0.0011600501
  0.0071621100  0.0011586834
  0.0071580674  0.0011573215
  0.0071540254  0.0011559647
  0.0071499821  0.0011546123
  0.0071459400  0.0011532651
  0.0071418974  0.0011519226
  0.0071378550  0.0011505850
  0.0071338121  0.0011492519
  0.0071297697  0.0011479239
  0.0071257275  0.0011466008
  0.0071216844  0.0011452822
  0.0071176421  0.0011439687
  0.0071135997  0.0011426600
  0.0071095568  0.0011413560
  0.0071055144  0.0011400569
  0.0071014718  0.0011387626
  0.0070974298  0.0011374733
  0.0070933868  0.0011361885
  0.0070893445  0.0011349087
  0.0070853018  0.0011336337
  0.0070812591  0.0011323634
  0.0070772165  0.0011310981
  0.0070731745  0.0011298377
  0.0070691314  0.0011285818
  0.0070650892  0.0011273310
  0.0070610466  0.0011260849
  0.0070570046  0.0011248438
  0.0070529614  0.0011236072
  0.0070489192  0.0011223757
  0.0070448766  0.0011211489
  0.0070408339  0.0011199269
  0.0070367913  0.0011187097
  0.0070327489  0.0011174974
  0.0070287061  0.0011162899
  0.0070246634  0.0011150871
  0.0070206218  0.0011138880
  0.0070165798  0.0011126906
  0.0070125374  0.0011114951
  0.0070084954  0.0011103016
  0.0070044534  0.0011091101
  0.0070004108  0.0011079203
  0.0069963688  0.0011067326
  0.0069923272  0.0011055470
  0.0069882849  0.0011043631
  0.0069842428  0.0011031812
  0.0069802007  0.0011020013
  0.0069761587  0.0011008233
  0.0069721165  0.0010996472
  0.0069680742  0.0010984729
  0.0069640325  0.0010973009
  0.0069599898  0.0010961304
  0.0069559482  0.0010949622
  0.0069519061  0.0010937958
  0.0069478638  0.0010926313
  0.0069438216  0.0010914687
  0.0069397796  0.0010903081
  0.0069357376  0.0010891495
  0.0069316952  0.0010879927
  0.0069276536  0.0010868380
  0.0069236116  0.0010856852
  0.0069195692  0.0010845342
  0.0069155271  0.0010833852
  0.0069114849  0.0010822381
  0.0069074426  0.0010810929
  0.0069034005  0.0010799497
  0.0068993585  0.0010788085
  0.0068953169  0.0010776693
  0.0068912745  0.0010765319
  0.0068872326  0.0010753965
  0.0068831903  0.0010742629
  0.0068791480  0.0010731313
  0.0068751060  0.0010720017
  0.0068710638  0.0010708740
  0.0068670216  0.0010697482
  0.0068629799  0.0010686244
  0.0068589379  0.0010675026
  0.0068548957  0.0010663826
  0.0068508533  0.0010652645
  0.0068468113  0.0010641484
  0.0068427693  0.0010630343
  0.0068387269  0.0010619220
  0.0068346849  0.0010608118
  0.0068306433  0.0010597036
  0.0068266003  0.0010585969
  0.0068225587  0.0010574926
  0.0068185166  0.0010563900
  0.0068144743  0.0010552894
  0.0068104322  0.0010541907
  0.0068063902  0.0010530940
  0.0068023486  0.0010519993
  0.0067983057  0.0010509062
  0.0067942641  0.0010498155
  0.0067902220  0.0010487265
  0.0067861797  0.0010476394
  0.0067821376  0.0010465543
  0.0067780956  0.0010454711
  0.0067740531  0.0010443897
  0.0067700111  0.0010433104
  0.0067659691  0.0010422331
  0.0067619273  0.0010411577
  0.0067578850  0.0010400842
  0.0067538430  0.0010390126
  0.0067498010  0.0010379430
  0.0067457586  0.0010368752
  0.0067417164  0.0010358094
  0.0067376748  0.0010347457
  0.0067336321  0.0010336837
  0.0067295904  0.0010326238
  0.0067255484  0.0010315659
  0.0067215063  0.0010305098
  0.0067174640  0.0010294556
  0.0067134217  0.0010284033
  0.0067093797  0.0010273530
  0.0067053375  0.0010263047
  0.0067012953  0.0010252582
  0.0066972537  0.0010242139
  0.0066932114  0.0010231713
  0.0066891693  0.0010221307
  0.0066851274  0.0010210921
  0.0066810852  0.0010200553
  0.0066770428  0.0010190204
  0.0066730008  0.0010179876
  0.0066689591  0.0010169568
  0.0066649164  0.0010159276
  0.0066608748  0.0010149007
  0.0066568327  0.0010138756
  0.0066527901  0.0010128523
  0.0066487481  0.0010118310
  0.0066447061  0.0010108118
  0.0066406641  0.0010097944
  0.0066366217  0.0010087789
  0.0066325801  0.0010077655
  0.0066285380  0.0010067539
  0.0066244952  0.0010057439
  0.0066204531  0.0010047358
  0.0066164108  0.0010037292
  0.0066123680  0.0010027241
  0.0066083260  0.0010017209
  0.0066042837  0.0010007193
  0.0066002416  0.0009997194
  0.0065961988  0.0009987209
  0.0065921569  0.0009977244
  0.0065881145  0.0009967293
  0.0065840716  0.0009957358
  0.0065800298  0.0009947442
  0.0065759874  0.0009937541
  0.0065719450  0.0009927657
  0.0065679027  0.0009917789
  0.0065638606  0.0009907939
  0.0065598181  0.0009898104
  0.0065557759  0.0009888286
  0.0065517334  0.0009878484
  0.0065476910  0.0009868699
  0.0065436488  0.0009858930
  0.0065396063  0.0009849178
  0.0065355643  0.0009839443
  0.0065315216  0.0009829723
  0.0065274796  0.0009820021
  0.0065234371  0.0009810335
  0.0065193952  0.0009800667
  0.0065153524  0.0009791013
  0.0065113100  0.0009781376
  0.0065072682  0.0009771757
  0.0065032253  0.0009762152
  0.0064991833  0.0009752566
  0.0064951409  0.0009742996
  0.0064910981  0.0009733441
  0.0064870561  0.0009723904
  0.0064830138  0.0009714383
  0.0064789717  0.0009704880
  0.0064749290  0.0009695391
  0.0064708869  0.0009685920
  0.0064668446  0.0009676466
  0.0064628018  0.0009667026
  0.0064587599  0.0009657605
  0.0064547174  0.0009648200
  0.0064506751  0.0009638811
  0.0064466328  0.0009629439
  0.0064425908  0.0009620084
  0.0064385483  0.0009610744
  0.0064345057  0.0009601421
  0.0064304635  0.0009592115
  0.0064264215  0.0009582826
  0.0064223788  0.0009573552
  0.0064183364  0.0009564296
  0.0064142944  0.0009555056
  0.0064102516  0.0009545832
  0.0064062098  0.0009536626
  0.0064021673  0.0009527435
  0.0063981254  0.0009518262
  0.0063940826  0.0009509103
  0.0063900401  0.0009499962
  0.0063859982  0.0009490838
  0.0063819554  0.0009481729
  0.0063779135  0.0009472639
  0.0063738710  0.0009463564
  0.0063698283  0.0009454504
  0.0063657862  0.0009445463
  0.0063617437  0.0009436437
  0.0063577016  0.0009427429
  0.0063536591  0.0009418436
  0.0063496171  0.0009409461
  0.0063455747  0.0009400502
  0.0063415320  0.0009391558
  0.0063374899  0.0009382632
  0.0063334476  0.0009373722
  0.0063294052  0.0009364829
  0.0063253628  0.0009355952
  0.0063213209  0.0009347093
  0.0063172781  0.0009338248
  0.0063132356  0.0009329420
  0.0063091938  0.0009320611
  0.0063051518  0.0009311817
  0.0063011089  0.0009303038
  0.0062970666  0.0009294277
  0.0062930246  0.0009285533
  0.0062889819  0.0009276805
  0.0062849394  0.0009268093
  0.0062808973  0.0009259398
  0.0062768546  0.0009250719
  0.0062728126  0.0009242057
  0.0062687704  0.0009233412
  0.0062647282  0.0009224783
  0.0062606856  0.0009216170
  0.0062566435  0.0009207575
  0.0062526009  0.0009198995
  0.0062485583  0.0009190431
  0.0062445166  0.0009181886
  0.0062404740  0.0009173356
  0.0062364313  0.0009164841
  0.0062323892  0.0009156345
  0.0062283470  0.0009147865
  0.0062243050  0.0009139402
  0.0062202619  0.0009130953
  0.0062162201  0.0009122523
  0.0062121777  0.0009114108
  0.0062081355  0.0009105711
  0.0062040929  0.0009097329
  0.0062000511  0.0009088966
  0.0061960081  0.0009080616
  0.0061919659  0.0009072284
  0.0061879239  0.0009063970
  0.0061838817  0.0009055671
  0.0061798391  0.0009047388
  0.0061757966  0.0009039122
  0.0061717548  0.0009030874
  0.0061677120  0.0009022641
  0.0061636696  0.0009014424
  0.0061596274  0.0009006225
  0.0061555847  0.0008998041
  0.0061515427  0.0008989875
  0.0061475005  0.0008981726
  0.0061434584  0.0008973592
  0.0061394158  0.0008965475
  0.0061353736  0.0008957375
  0.0061313310  0.0008949290
  0.0061272885  0.0008941222
  0.0061232467  0.0008933172
  0.0061192041  0.0008925137
  0.0061151614  0.0008917119
  0.0061111194  0.0008909118
  0.0061070773  0.0008901133
  0.0061030351  0.0008893165
  0.0060989920  0.0008885212
  0.0060949502  0.0008877278
  0.0060909078  0.0008869358
  0.0060868656  0.0008861456
  0.0060828230  0.0008853570
  0.0060787813  0.0008845702
  0.0060747383  0.0008837848
  0.0060706961  0.0008830012
  0.0060666538  0.0008822192
  0.0060626114  0.0008814389
  0.0060585692  0.0008806602
  0.0060545266  0.0008798831
  0.0060504849  0.0008791079
  0.0060464423  0.0008783341
  0.0060423996  0.0008775620
  0.0060383577  0.0008767916
  0.0060343149  0.0008760228
  0.0060302727  0.0008752557
  0.0060262306  0.0008744903
  0.0060221885  0.0008737265
  0.0060181458  0.0008729643
  0.0060141033  0.0008722038
  0.0060100612  0.0008714449
  0.0060060185  0.0008706877
  0.0060019768  0.0008699322
  0.0059979342  0.0008691783
  0.0059938915  0.0008684260
  0.0059898495  0.0008676754
  0.0059858074  0.0008669265
  0.0059817652  0.0008661792
  0.0059777222  0.0008654335
  0.0059736804  0.0008646896
  0.0059696378  0.0008639472
  0.0059655957  0.0008632065
  0.0059615531  0.0008624675
  0.0059575114  0.0008617302
  0.0059534684  0.0008609943
  0.0059494262  0.0008602603
  0.0059453840  0.0008595279
  0.0059413415  0.0008587971
  0.0059372993  0.0008580680
  0.0059332567  0.0008573404
  0.0059292151  0.0008566147
  0.0059251720  0.0008558904
  0.0059211298  0.0008551679
  0.0059170877  0.0008544471
  0.0059130450  0.0008537278
  0.0059090029  0.0008530103
  0.0059049608  0.0008522944
  0.0059009177  0.0008515800
  0.0058968759  0.0008508675
  0.0058928335  0.0008501565
  0.0058887913  0.0008494472
  0.0058847487  0.0008487395
  0.0058807066  0.0008480336
  0.0058766644  0.0008473292
  0.0058726222  0.0008466265
  0.0058685797  0.0008459254
  0.0058645370  0.0008452260
  0.0058604948  0.0008445283
  0.0058564523  0.0008438321
  0.0058524106  0.0008431378
  0.0058483680  0.0008424450
  0.0058443258  0.0008417538
  0.0058402833  0.0008410643
  0.0058362412  0.0008403765
  0.0058321985  0.0008396903
  0.0058281563  0.0008390057
  0.0058241142  0.0008383229
  0.0058200716  0.0008376416
  0.0058160295  0.0008369621
  0.0058119869  0.0008362841
  0.0058079452  0.0008356079
  0.0058039021  0.0008349332
  0.0057998599  0.0008342602
  0.0057958178  0.0008335889
  0.0057917752  0.0008329192
  0.0057877331  0.0008322512
  0.0057836909  0.0008315849
  0.0057796479  0.0008309200
  0.0057756061  0.0008302571
  0.0057715636  0.0008295956
  0.0057675215  0.0008289359
  0.0057634788  0.0008282777
  0.0057594367  0.0008276213
  0.0057553945  0.0008269665
  0.0057513523  0.0008263134
  0.0057473097  0.0008256618
  0.0057432672  0.0008250119
  0.0057392250  0.0008243638
  0.0057351824  0.0008237172
  0.0057311407  0.0008230724
  0.0057270981  0.0008224291
  0.0057230559  0.0008217875
  0.0057190134  0.0008211475
  0.0057149713  0.0008205093
  0.0057109286  0.0008198726
  0.0057068864  0.0008192376
  0.0057028443  0.0008186043
  0.0056988016  0.0008179726
  0.0056947596  0.0008173426
  0.0056907170  0.0008167141
  0.0056866752  0.0008160875
  0.0056826323  0.0008154623
  0.0056785900  0.0008148389
  0.0056745479  0.0008142172
  0.0056705053  0.0008135970
  0.0056664632  0.0008129785
  0.0056624210  0.0008123617
  0.0056583780  0.0008117465
  0.0056543362  0.0008111330
  0.0056502936  0.0008105211
  0.0056462516  0.0008099109
  0.0056422089  0.0008093023
  0.0056381668  0.0008086954
  0.0056341246  0.0008080902
  0.0056300819  0.0008074865
  0.0056260399  0.0008068846
  0.0056219978  0.0008062843
  0.0056179551  0.0008056856
  0.0056139125  0.0008050886
  0.0056098709  0.0008044933
  0.0056058283  0.0008038996
  0.0056017861  0.0008033076
  0.0055977435  0.0008027171
  0.0055937015  0.0008021284
  0.0055896587  0.0008015413
  0.0055856162  0.0008009558
  0.0055815745  0.0008003721
  0.0055775318  0.0007997899
  0.0055734898  0.0007992094
  0.0055694471  0.0007986306
  0.0055654054  0.0007980535
  0.0055613625  0.0007974778
  0.0055573202  0.0007969040
  0.0055532781  0.0007963318
  0.0055492354  0.0007957611
  0.0055451934  0.0007951922
  0.0055411508  0.0007946249
  0.0055371082  0.0007940593
  0.0055330665  0.0007934954
  0.0055290238  0.0007929330
  0.0055249818  0.0007923724
  0.0055209390  0.0007918133
  0.0055168970  0.0007912560
  0.0055128548  0.0007907003
  0.0055088118  0.0007901461
  0.0055047701  0.0007895938
  0.0055007280  0.0007890430
  0.0054966854  0.0007884939
  0.0054926427  0.0007879464
  0.0054886009  0.0007874006
  0.0054845584  0.0007868565
  0.0054805157  0.0007863139
  0.0054764737  0.0007857731
  0.0054724316  0.0007852339
  0.0054683890  0.0007846963
  0.0054643463  0.0007841604
  0.0054603046  0.0007836262
  0.0054562618  0.0007830936
  0.0054522199  0.0007825627
  0.0054481773  0.0007820334
  0.0054441346  0.0007815057
  0.0054400926  0.0007809797
  0.0054360502  0.0007804554
  0.0054320082  0.0007799327
  0.0054279655  0.0007794116
  0.0054239235  0.0007788923
  0.0054198809  0.0007783745
  0.0054158382  0.0007778584
  0.0054117966  0.0007773441
  0.0054077539  0.0007768312
  0.0054037118  0.0007763201
  0.0053996691  0.0007758106
  0.0053956271  0.0007753028
  0.0053915849  0.0007747967
  0.0053875422  0.0007742921
  0.0053835002  0.0007737893
  0.0053794575  0.0007732880
  0.0053754154  0.0007727885
  0.0053713728  0.0007722905
  0.0053673310  0.0007717944
  0.0053632881  0.0007712997
  0.0053592458  0.0007708067
  0.0053552037  0.0007703154
  0.0053511618  0.0007698258
  0.0053471191  0.0007693378
  0.0053430768  0.0007688514
  0.0053390347  0.0007683668
  0.0053349920  0.0007678837
  0.0053309500  0.0007674023
  0.0053269075  0.0007669225
  0.0053228647  0.0007664444
  0.0053188227  0.0007659680
  0.0053147805  0.0007654932
  0.0053107383  0.0007650201
  0.0053066957  0.0007645485
  0.0053026536  0.0007640787
  0.0052986111  0.0007636105
  0.0052945683  0.0007631439
  0.0052905266  0.0007626791
  0.0052864841  0.0007622159
  0.0052824419  0.0007617543
  0.0052783994  0.0007612944
  0.0052743571  0.0007608361
  0.0052703152  0.0007603792
  0.0052662727  0.0007599236
  0.0052622303  0.0007594692
  0.0052581884  0.0007590162
  0.0052541458  0.0007585644
  0.0052501035  0.0007581139
  0.0052460616  0.0007576647
  0.0052420190  0.0007572167
  0.0052379772  0.0007567701
  0.0052339347  0.0007563247
  0.0052298929  0.0007558806
  0.0052258502  0.0007554377
  0.0052218080  0.0007549962
  0.0052177660  0.0007545559
  0.0052137234  0.0007541169
  0.0052096811  0.0007536791
  0.0052056392  0.0007532427
  0.0052015966  0.0007528075
  0.0051975543  0.0007523736
  0.0051935124  0.0007519410
  0.0051894700  0.0007515096
  0.0051854280  0.0007510796
  0.0051813856  0.0007506508
  0.0051773431  0.0007502233
  0.0051733011  0.0007497970
  0.0051692587  0.0007493721
  0.0051652169  0.0007489484
  0.0051611742  0.0007485260
  0.0051571320  0.0007481049
  0.0051530899  0.0007476850
  0.0051490477  0.0007472665
  0.0051450052  0.0007468491
  0.0051409632  0.0007464331
  0.0051369210  0.0007460184
  0.0051328784  0.0007456049
  0.0051288364  0.0007451928
  0.0051247943  0.0007447819
  0.0051207517  0.0007443722
  0.0051167095  0.0007439638
  0.0051126674  0.0007435568
  0.0051086256  0.0007431510
  0.0051045827  0.0007427464
  0.0051005408  0.0007423432
  0.0050964989  0.0007419413
  0.0050924560  0.0007415405
  0.0050884140  0.0007411411
  0.0050843720  0.0007407430
  0.0050803293  0.0007403461
  0.0050762871  0.0007399505
  0.0050722450  0.0007395562
  0.0050682032  0.0007391633
  0.0050641604  0.0007387715
  0.0050601186  0.0007383810
  0.0050560764  0.0007379918
  0.0050520336  0.0007376039
  0.0050479916  0.0007372172
  0.0050439496  0.0007368319
  0.0050399068  0.0007364478
  0.0050358649  0.0007360650
  0.0050318226  0.0007356833
  0.0050277802  0.0007353025
  0.0050237380  0.0007349227
  0.0050196957  0.0007345439
  0.0050156537  0.0007341661
  0.0050116110  0.0007337892
  0.0050075687  0.0007334133
  0.0050035268  0.0007330383
  0.0049994841  0.0007326643
  0.0049954419  0.0007322913
  0.0049913998  0.0007319193
  0.0049873572  0.0007315481
  0.0049833148  0.0007311780
  0.0049792729  0.0007308088
  0.0049752308  0.0007304407
  0.0049711880  0.0007300734
  0.0049671460  0.0007297071
  0.0049631037  0.0007293418
  0.0049590610  0.0007289774
  0.0049550191  0.0007286141
  0.0049509769  0.0007282516
  0.0049469342  0.0007278902
  0.0049428922  0.0007275297
  0.0049388499  0.0007271702
  0.0049348078  0.0007268116
  0.0049307652  0.0007264540
  0.0049267230  0.0007260974
  0.0049226810  0.0007257417
  0.0049186383  0.0007253870
  0.0049145960  0.0007250332
  0.0049105540  0.0007246805
  0.0049065113  0.0007243286
  0.0049024692  0.0007239778
  0.0048984272  0.0007236279
  0.0048943849  0.0007232790
  0.0048903422  0.0007229310
  0.0048863002  0.0007225840
  0.0048822579  0.0007222380
  0.0048782152  0.0007218929
  0.0048741733  0.0007215488
  0.0048701310  0.0007212057
  0.0048660884  0.0007208635
  0.0048620463  0.0007205223
  0.0048580041  0.0007201820
  0.0048539620  0.0007198428
  0.0048499193  0.0007195043
  0.0048458774  0.0007191669
  0.0048418352  0.0007188303
  0.0048377928  0.0007184946
  0.0048337506  0.0007181599
  0.0048297085  0.0007178261
  0.0048256660  0.0007174931
  0.0048216239  0.0007171611
  0.0048175817  0.0007168300
  0.0048135397  0.0007164998
  0.0048094970  0.0007161705
  0.0048054550  0.0007158421
  0.0048014128  0.0007155146
  0.0047973701  0.0007151880
  0.0047933282  0.0007148624
  0.0047892862  0.0007145376
  0.0047852435  0.0007142138
  0.0047812013  0.0007138908
  0.0047771593  0.0007135688
  0.0047731173  0.0007132477
  0.0047690746  0.0007129275
  0.0047650325  0.0007126082
  0.0047609905  0.0007122898
  0.0047569477  0.0007119723
  0.0047529058  0.0007116558
  0.0047488636  0.0007113401
  0.0047448211  0.0007110253
  0.0047407789  0.0007107115
  0.0047367369  0.0007103986
  0.0047326947  0.0007100865
  0.0047286523  0.0007097754
  0.0047246101  0.0007094652
  0.0047205680  0.0007091559
  0.0047165254  0.0007088475
  0.0047124834  0.0007085400
  0.0047084412  0.0007082334
  0.0047043988  0.0007079278
  0.0047003565  0.0007076230
  0.0046963145  0.0007073192
  0.0046922723  0.0007070162
  0.0046882299  0.0007067142
  0.0046841876  0.0007064131
  0.0046801456  0.0007061129
  0.0046761030  0.0007058136
  0.0046720610  0.0007055152
  0.0046680187  0.0007052177
  0.0046639761  0.0007049211
  0.0046599341  0.0007046254
  0.0046558918  0.0007043307
  0.0046518499  0.0007040368
  0.0046478073  0.0007037439
  0.0046437652  0.0007034519
  0.0046397230  0.0007031607
  0.0046356806  0.0007028705
  0.0046316384  0.0007025812
  0.0046275963  0.0007022928
  0.0046235537  0.0007020053
  0.0046195117  0.0007017188
  0.0046154695  0.0007014331
  0.0046114275  0.0007011483
  0.0046073848  0.0007008645
  0.0046033429  0.0007005815
  0.0045993007  0.0007002995
  0.0045952580  0.0007000183
  0.0045912161  0.0006997382
  0.0045871740  0.0006994589
  0.0045831313  0.0006991804
  0.0045790892  0.0006989029
  0.0045750471  0.0006986264
  0.0045710044  0.0006983507
  0.0045669626  0.0006980759
  0.0045629203  0.0006978021
  0.0045588782  0.0006975292
  0.0045548357  0.0006972571
  0.0045507937  0.0006969860
  0.0045467514  0.0006967158
  0.0045427090  0.0006964464
  0.0045386668  0.0006961780
  0.0045346247  0.0006959106
  0.0045305822  0.0006956440
  0.0045265401  0.0006953783
  0.0045224979  0.0006951135
  0.0045184558  0.0006948497
  0.0045144133  0.0006945867
  0.0045103713  0.0006943247
  0.0045063290  0.0006940636
  0.0045022866  0.0006938033
  0.0044982443  0.0006935440
  0.0044942024  0.0006932856
  0.0044901598  0.0006930281
  0.0044861177  0.0006927716
  0.0044820754  0.0006925159
  0.0044780334  0.0006922611
  0.0044739909  0.0006920072
  0.0044699488  0.0006917543
  0.0044659066  0.0006915023
  0.0044618640  0.0006912511
  0.0044578220  0.0006910009
  0.0044537798  0.0006907516
  0.0044497374  0.0006905032
  0.0044456951  0.0006902557
  0.0044416531  0.0006900091
  0.0044376110  0.0006897634
  0.0044335685  0.0006895187
  0.0044295264  0.0006892748
  0.0044254843  0.0006890319
  0.0044214416  0.0006887898
  0.0044173997  0.0006885487
  0.0044133575  0.0006883085
  0.0044093150  0.0006880691
  0.0044052728  0.0006878307
  0.0044012308  0.0006875932
  0.0043971886  0.0006873566
  0.0043931461  0.0006871210
  0.0043891039  0.0006868862
  0.0043850619  0.0006866523
  0.0043810193  0.0006864194
  0.0043769772  0.0006861873
  0.0043729350  0.0006859562
  0.0043688926  0.0006857260
  0.0043648504  0.0006854966
  0.0043608084  0.0006852682
  0.0043567661  0.0006850408
  0.0043527237  0.0006848141
  0.0043486815  0.0006845883
  0.0043446394  0.0006843631
  0.0043405969  0.0006841385
  0.0043365548  0.0006839146
  0.0043325126  0.0006836914
  0.0043284702  0.0006834687
  0.0043244280  0.0006832468
  0.0043203859  0.0006830254
  0.0043163437  0.0006828048
  0.0043123011  0.0006825847
  0.0043082589  0.0006823653
  0.0043042169  0.0006821466
  0.0043001743  0.0006819285
  0.0042961323  0.0006817110
  0.0042920901  0.0006814942
  0.0042880477  0.0006812781
  0.0042840054  0.0006810626
  0.0042799634  0.0006808477
  0.0042759213  0.0006806335
  0.0042718788  0.0006804199
  0.0042678366  0.0006802070
  0.0042637946  0.0006799948
  0.0042597520  0.0006797831
  0.0042557100  0.0006795721
  0.0042516680  0.0006793618
  0.0042476252  0.0006791521
  0.0042435829  0.0006789431
  0.0042395410  0.0006787347
  0.0042354989  0.0006785269
  0.0042314563  0.0006783198
  0.0042274143  0.0006781134
  0.0042233721  0.0006779076
  0.0042193297  0.0006777024
  0.0042152875  0.0006774979
  0.0042112454  0.0006772940
  0.0042072029  0.0006770908
  0.0042031608  0.0006768882
  0.0041991186  0.0006766863
  0.0041950766  0.0006764850
  0.0041910338  0.0006762843
  0.0041869920  0.0006760844
  0.0041829497  0.0006758850
  0.0041789072  0.0006756863
  0.0041748649  0.0006754883
  0.0041708229  0.0006752909
  0.0041667804  0.0006750941
  0.0041627382  0.0006748980
  0.0041586961  0.0006747025
  0.0041546541  0.0006745077
  0.0041506115  0.0006743135
  0.0041465694  0.0006741200
  0.0041425274  0.0006739272
  0.0041384848  0.0006737349
  0.0041344428  0.0006735433
  0.0041304006  0.0006733524
  0.0041263578  0.0006731621
  0.0041223159  0.0006729725
  0.0041182739  0.0006727835
  0.0041142312  0.0006725951
  0.0041101891  0.0006724074
  0.0041061469  0.0006722203
  0.0041021048  0.0006720339
  0.0040980623  0.0006718482
  0.0040940203  0.0006716630
  0.0040899781  0.0006714786
  0.0040859356  0.0006712947
  0.0040818934  0.0006711116
  0.0040778514  0.0006709290
  0.0040738088  0.0006707471
  0.0040697669  0.0006705659
  0.0040657246  0.0006703853
  0.0040616825  0.0006702054
  0.0040576398  0.0006700261
  0.0040535980  0.0006698474
  0.0040495559  0.0006696694
  0.0040455132  0.0006694920
  0.0040414710  0.0006693153
  0.0040374289  0.0006691393
  0.0040333864  0.0006689638
  0.0040293443  0.0006687891
  0.0040253022  0.0006686149
  0.0040212600  0.0006684415
  0.0040172175  0.0006682686
  0.0040131754  0.0006680964
  0.0040091333  0.0006679249
  0.0040050909  0.0006677540
  0.0040010488  0.0006675838
  0.0039970066  0.0006674142
  0.0039929640  0.0006672452
  0.0039889217  0.0006670769
  0.0039848799  0.0006669092
  0.0039808377  0.0006667422
  0.0039767951  0.0006665758
  0.0039727529  0.0006664101
  0.0039687109  0.0006662451
  0.0039646683  0.0006660806
  0.0039606262  0.0006659168
  0.0039565842  0.0006657537
  0.0039525416  0.0006655912
  0.0039484995  0.0006654294
  0.0039444574  0.0006652682
  0.0039404153  0.0006651076
  0.0039363728  0.0006649477
  0.0039323308  0.0006647885
  0.0039282885  0.0006646299
  0.0039242457  0.0006644719
  0.0039202040  0.0006643146
  0.0039161617  0.0006641579
  0.0039121192  0.0006640019
  0.0039080771  0.0006638465
  0.0039040348  0.0006636918
  0.0038999925  0.0006635377
  0.0038959503  0.0006633842
  0.0038919082  0.0006632315
  0.0038878658  0.0006630793
  0.0038838238  0.0006629278
  0.0038797814  0.0006627770
  0.0038757392  0.0006626268
  0.0038716971  0.0006624772
  0.0038676548  0.0006623283
  0.0038636125  0.0006621800
  0.0038595703  0.0006620324
  0.0038555277  0.0006618854
  0.0038514857  0.0006617391
  0.0038474433  0.0006615934
  0.0038434013  0.0006614484
  0.0038393589  0.0006613040
  0.0038353167  0.0006611603
  0.0038312746  0.0006610172
  0.0038272322  0.0006608747
  0.0038231900  0.0006607329
  0.0038191479  0.0006605918
  0.0038151056  0.0006604513
  0.0038110634  0.0006603114
  0.0038070211  0.0006601722
  0.0038029789  0.0006600336
  0.0037989368  0.0006598957
  0.0037948942  0.0006597584
  0.0037908522  0.0006596218
  0.0037868097  0.0006594858
  0.0037827677  0.0006593505
  0.0037787252  0.0006592158
  0.0037746830  0.0006590818
  0.0037706409  0.0006589484
  0.0037665986  0.0006588156
  0.0037625564  0.0006586835
  0.0037585143  0.0006585521
  0.0037544719  0.0006584213
  0.0037504298  0.0006582911
  0.0037463874  0.0006581615
  0.0037423453  0.0006580325
  0.0037383029  0.0006579040
  0.0037342607  0.0006577761
  0.0037302185  0.0006576486
  0.0037261761  0.0006575217
  0.0037221340  0.0006573953
  0.0037180918  0.0006572695
  0.0037140495  0.0006571442
  0.0037100071  0.0006570194
  0.0037059652  0.0006568951
  0.0037019231  0.0006567714
  0.0036978807  0.0006566481
  0.0036938382  0.0006565254
  0.0036897962  0.0006564033
  0.0036857539  0.0006562817
  0.0036817118  0.0006561606
  0.0036776693  0.0006560400
  0.0036736271  0.0006559199
  0.0036695849  0.0006558004
  0.0036655427  0.0006556814
  0.0036615007  0.0006555630
  0.0036574581  0.0006554450
  0.0036534159  0.0006553276
  0.0036493737  0.0006552107
  0.0036453315  0.0006550944
  0.0036412892  0.0006549785
  0.0036372470  0.0006548632
  0.0036332047  0.0006547485
  0.0036291627  0.0006546342
  0.0036251200  0.0006545205
  0.0036210782  0.0006544073
  0.0036170359  0.0006542947
  0.0036129937  0.0006541825
  0.0036089515  0.0006540709
  0.0036049091  0.0006539599
  0.0036008669  0.0006538493
  0.0035968248  0.0006537393
  0.0035927823  0.0006536298
  0.0035887401  0.0006535208
  0.0035846979  0.0006534124
  0.0035806558  0.0006533045
  0.0035766135  0.0006531971
  0.0035725710  0.0006530902
  0.0035685290  0.0006529839
  0.0035644867  0.0006528781
  0.0035604447  0.0006527729
  0.0035564021  0.0006526681
  0.0035523598  0.0006525639
  0.0035483179  0.0006524602
  0.0035442757  0.0006523570
  0.0035402336  0.0006522544
  0.0035361911  0.0006521523
  0.0035321488  0.0006520507
  0.0035281066  0.0006519497
  0.0035240645  0.0006518492
  0.0035200221  0.0006517492
  0.0035159799  0.0006516497
  0.0035119375  0.0006515508
  0.0035078955  0.0006514524
  0.0035038530  0.0006513545
  0.0034998109  0.0006512571
  0.0034957686  0.0006511602
  0.0034917263  0.0006510639
  0.0034876841  0.0006509681
  0.0034836418  0.0006508728
  0.0034795998  0.0006507780
  0.0034755575  0.0006506838
  0.0034715151  0.0006505900
  0.0034674730  0.0006504968
  0.0034634307  0.0006504041
  0.0034593886  0.0006503120
  0.0034553464  0.0006502203
  0.0034513040  0.0006501292
  0.0034472617  0.0006500386
  0.0034432197  0.0006499485
  0.0034391773  0.0006498589
  0.0034351353  0.0006497699
  0.0034310929  0.0006496813
  0.0034270506  0.0006495933
  0.0034230082  0.0006495058
  0.0034189657  0.0006494189
  0.0034149237  0.0006493324
  0.0034108814  0.0006492465
  0.0034068394  0.0006491611
  0.0034027969  0.0006490762
  0.0033987547  0.0006489918
  0.0033947126  0.0006489080
  0.0033906702  0.0006488247
  0.0033866283  0.0006487419
  0.0033825859  0.0006486596
  0.0033785437  0.0006485778
  0.0033745012  0.0006484965
  0.0033704590  0.0006484158
  0.0033664171  0.0006483356
  0.0033623747  0.0006482559
  0.0033583323  0.0006481768
  0.0033542902  0.0006480981
  0.0033502479  0.0006480200
  0.0033462058  0.0006479424
  0.0033421634  0.0006478653
  0.0033381212  0.0006477888
  0.0033340792  0.0006477127
  0.0033300367  0.0006476372
  0.0033259947  0.0006475622
  0.0033219524  0.0006474877
  0.0033179099  0.0006474137
  0.0033138675  0.0006473403
  0.0033098254  0.0006472674
  0.0033057835  0.0006471950
  0.0033017409  0.0006471231
  0.0032976985  0.0006470517
  0.0032936565  0.0006469809
  0.0032896143  0.0006469106
  0.0032855720  0.0006468408
  0.0032815298  0.0006467715
  0.0032774875  0.0006467027
  0.0032734453  0.0006466345
  0.0032694031  0.0006465668
  0.0032653610  0.0006464996
  0.0032613187  0.0006464329
  0.0032572764  0.0006463667
  0.0032532341  0.0006463011
  0.0032491919  0.0006462360
  0.0032451498  0.0006461714
  0.0032411073  0.0006461073
  0.0032370652  0.0006460437
  0.0032330232  0.0006459807
  0.0032289807  0.0006459182
  0.0032249386  0.0006458562
  0.0032208963  0.0006457947
  0.0032168537  0.0006457337
  0.0032128119  0.0006456733
  0.0032087693  0.0006456134
  0.0032047274  0.0006455540
  0.0032006850  0.0006454951
  0.0031966427  0.0006454368
  0.0031926005  0.0006453789
  0.0031885583  0.0006453216
  0.0031845160  0.0006452648
  0.0031804737  0.0006452086
  0.0031764314  0.0006451528
  0.0031723893  0.0006450976
  0.0031683470  0.0006450428
  0.0031643048  0.0006449887
  0.0031602626  0.0006449350
  0.0031562202  0.0006448818
  0.0031521781  0.0006448292
  0.0031481359  0.0006447771
  0.0031440937  0.0006447255
  0.0031400514  0.0006446744
  0.0031360091  0.0006446239
  0.0031319669  0.0006445738
  0.0031279245  0.0006445243
  0.0031238825  0.0006444753
  0.0031198402  0.0006444269
  0.0031157979  0.0006443789
  0.0031117557  0.0006443315
  0.0031077133  0.0006442846
  0.0031036714  0.0006442382
  0.0030996292  0.0006441923
  0.0030955866  0.0006441470
  0.0030915446  0.0006441021
  0.0030875023  0.0006440578
  0.0030834600  0.0006440140
  0.0030794178  0.0006439708
  0.0030753754  0.0006439280
  0.0030713333  0.0006438858
  0.0030672910  0.0006438441
  0.0030632488  0.0006438029
  0.0030592066  0.0006437622
  0.0030551641  0.0006437221
  0.0030511220  0.0006436825
  0.0030470799  0.0006436433
  0.0030430377  0.0006436048
  0.0030389953  0.0006435667
  0.0030349530  0.0006435291
  0.0030309109  0.0006434921
  0.0030268685  0.0006434556
  0.0030228265  0.0006434196
  0.0030187841  0.0006433842
  0.0030147419  0.0006433492
  0.0030106995  0.0006433148
  0.0030066574  0.0006432809
  0.0030026151  0.0006432475
  0.0029985730  0.0006432146
  0.0029945305  0.0006431823
  0.0029904886  0.0006431505
  0.0029864462  0.0006431192
  0.0029824038  0.0006430884
  0.0029783616  0.0006430581
  0.0029743194  0.0006430284
  0.0029702775  0.0006429992
  0.0029662349  0.0006429705
  0.0029621927  0.0006429423
  0.0029581505  0.0006429146
  0.0029541080  0.0006428875
  0.0029500660  0.0006428609
  0.0029460237  0.0006428348
  0.0029419814  0.0006428092
  0.0029379392  0.0006427841
  0.0029338969  0.0006427596
  0.0029298549  0.0006427356
  0.0029258127  0.0006427121
  0.0029217701  0.0006426891
  0.0029177281  0.0006426666
  0.0029136859  0.0006426447
  0.0029096436  0.0006426233
  0.0029056013  0.0006426024
  0.0029015590  0.0006425820
  0.0028975170  0.0006425621
  0.0028934745  0.0006425428
  0.0028894324  0.0006425240
  0.0028853901  0.0006425057
  0.0028813479  0.0006424879
  0.0028773056  0.0006424706
  0.0028732634  0.0006424539
  0.0028692214  0.0006424377
  0.0028651788  0.0006424220
  0.0028611366  0.0006424068
  0.0028570946  0.0006423922
  0.0028530521  0.0006423781
  0.0028490102  0.0006423647
  0.0028449677  0.0006423521
  0.0028409257  0.0006423402
  0.0028368832  0.0006423290
  0.0028328412  0.0006423186
  0.0028287991  0.0006423089
  0.0028247567  0.0006422999
  0.0028207147  0.0006422918
  0.0028166726  0.0006422845
  0.0028126307  0.0006422781
  0.0028085887  0.0006422726
  0.0028045466  0.0006422679
  0.0028005045  0.0006422640
  0.0027964626  0.0006422610
  0.0027924202  0.0006422589
  0.0027883784  0.0006422576
  0.0027843363  0.0006422572
